Sorteo|FechaSorteo|PrecioBillete
1885|20180130|600
1884|20180123|500
1883|20180116|600
1882|20180109|500
1881|20180103|1200
1880|20171226|1400
1879|20171212|600
1878|20171205|800
1877|20171128|600
1876|20171121|500
1875|20171114|600
1874|20171107|500
1873|20171031|600
1872|20171024|500
1871|20171017|600
1870|20171010|500
1869|20171003|600
1868|20170926|500
1867|20170919|600
1866|20170912|500
1865|20170905|600
1864|20170829|500
1863|20170822|500
1862|20170815|600
1861|20170808|500
1860|20170802|600
1859|20170725|800
1858|20170718|500
1857|20170711|500
1856|20170704|500
1855|20170627|500
1854|20170620|600
1853|20170613|500
1852|20170606|500
1851|20170531|1200
1850|20170516|500
1849|20170509|500
1848|20170502|500
1847|20170425|500
1846|20170418|800
1845|20170404|500
1844|20170328|500
1843|20170321|600
1842|20170314|500
1841|20170307|500
1840|20170228|500
1839|20170221|500
1838|20170214|600
1837|20170207|500
1836|20170131|500
1835|20170124|500
1834|20170117|500
1833|20170111|500
1832|20170104|1200
1831|20161223|2400
1830|20161206|600
1829|20161129|500
1828|20161122|500
1827|20161115|600
1826|20161108|500
1825|20161101|500
1824|20161025|500
1823|20161018|600
1822|20161011|500
1821|20161004|500
1820|20160927|500
1819|20160920|600
1818|20160913|500
1817|20160906|500
1816|20160830|500
1815|20160823|500
1814|20160816|600
1813|20160809|500
1812|20160802|500
1811|20160726|500
1810|20160721|800
1809|20160712|500
1808|20160705|500
1807|20160628|500
1806|20160621|600
1805|20160614|500
1804|20160607|500
1803|20160531|1200
1802|20160517|500
1801|20160510|500
1800|20160503|500
1799|20160426|400
1798|20160419|600
1797|20160412|400
1796|20160405|400
1795|20160329|600
1794|20160315|400
1793|20160308|400
1792|20160301|400
1791|20160223|400
1790|20160216|600
1789|20160209|400
1788|20160202|400
1787|20160126|400
1786|20160119|400
1785|20160112|400
1784|20160105|1000
1783|20151223|2000
1782|20151209|400
1781|20151201|600
1780|20151124|400
1779|20151117|600
1778|20151110|400
1777|20151103|400
1776|20151027|800
1775|20151020|600
1774|20151013|400
1773|20151006|400
1772|20150929|400
1771|20150922|400
1770|20150916|600
1769|20150908|400
1768|20150901|400
1767|20150825|400
1765|20150811|400
1763|20150728|400
1761|20150714|400
1760|20150707|400
1759|20150630|400
1758|20150623|400
1757|20150616|600
1756|20150609|400
1755|20150602|400
1754|20150526|1000
1753|20150512|400
1752|20150505|400
1751|20150428|400
1750|20150421|400
1749|20150414|400
1745|20150310|400
1744|20150303|400
1743|20150224|400
1742|20150217|600
1741|20150210|400
1740|20150203|400
1739|20150127|400
1738|20150120|400
1737|20150113|400
1736|20150106|1000
1735|20141230|2000
1734|20141209|400
1733|20141202|600
1731|20141118|600
1730|20141111|400
1729|20141104|400
1728|20141028|400
1727|20141021|600
1726|20141014|400
1722|20140917|600
1721|20140909|400
1720|20140902|400
1719|20140826|400
1718|20140819|600
1717|20140812|400
1716|20140805|400
1715|20140729|400
1714|20140722|600
1713|20140715|400
1712|20140708|400
1711|20140701|400
1710|20140624|400
1709|20140617|600
1708|20140610|400
1707|20140603|400
1706|20140527|1000
1705|20140513|400
1704|20140506|400
1703|20140429|400
1700|20140401|400
1699|20140325|400
1698|20140318|600
1696|20140304|400
1695|20140225|400
1694|20140218|400
1693|20140211|400
1692|20140204|400
1691|20140128|400
1690|20140121|400
1689|20140114|400
1688|20140107|1000
1687|20131226|2000
1686|20131210|600
1685|20131203|400
1684|20131126|400
1683|20131119|500
1682|20131112|400
1680|20131029|400
1679|20131022|500
1677|20131008|400
1675|20130924|400
1674|20130917|500
1673|20130910|400
1671|20130827|400
1670|20130820|500
1669|20130813|400
1668|20130806|400
1667|20130730|400
1666|20130723|400
1665|20130716|500
1664|20130709|400
1663|20130702|400
1662|20130625|400
1661|20130618|500
1660|20130611|400
1659|20130604|400
1658|20130528|1000
1657|20130514|400
1656|20130507|400
1655|20130430|400
1654|20130423|400
1652|20130409|400
1650|20130319|400
1649|20130312|400
1648|20130305|400
1644|20130205|400
1643|20130129|400
1641|20130115|400
1640|20130108|600
1639|20121227|1800
1637|20121204|500
1636|20121127|400
1630|20121016|500
1627|20120925|400
1626|20120918|500
1625|20120911|400
1624|20120904|400
1623|20120828|400
1622|20120821|400
1621|20120814|400
1620|20120807|400
1619|20120731|400
1618|20120724|400
1617|20120717|400
1616|20120710|400
1615|20120703|400
1614|20120626|400
1613|20120619|400
1612|20120612|400
1611|20120605|400
1610|20120529|1000
1609|20120515|400
1607|20120502|400
1606|20120424|400
1605|20120417|400
1604|20120410|400
1603|20120327|400
1602|20120320|400
1601|20120313|400
1600|20120306|400
1599|20120228|400
1598|20120222|400
1597|20120214|500
1596|20120207|300
1595|20120131|400
1594|20120124|300
1593|20120117|400
1592|20120111|300
1588|20111129|400
1587|20111122|300
1584|20111101|300
1582|20111018|300
1580|20111004|300
1578|20110920|300
1577|20110913|400
1576|20110906|300
1575|20110830|400
1574|20110823|300
1573|20110816|400
1572|20110809|300
1571|20110802|400
1570|20110726|300
1569|20110720|400
1568|20110712|300
1567|20110705|400
1566|20110628|300
1565|20110621|300
1564|20110614|300
1555|20110329|300
1554|20110322|400
1552|20110308|300
1551|20110301|400
1550|20110222|300
1549|20110215|400
1548|20110208|300
1546|20110125|300
1545|20110118|400
1544|20110111|300
1541|20101223|1400
1540|20101209|600
1539|20101130|400
1538|20101123|300
1537|20101116|400
1536|20101109|300
1534|20101026|300
1533|20101019|400
1531|20101005|300
1530|20100928|300
1529|20100922|300
1528|20100916|400
1527|20100907|300
1526|20100831|300
1524|20100817|400
1523|20100811|300
1521|20100727|300
1520|20100721|400
1518|20100706|300
1517|20100629|300
1516|20100622|400
1515|20100615|300
1514|20100608|300
1512|20100518|400
1511|20100511|300
1510|20100504|300
1509|20100427|300
1508|20100420|300
1507|20100413|300
1506|20100406|400
1505|20100323|300
1504|20100316|400
1503|20100309|300
1502|20100302|300
1501|20100223|300
1500|20100216|400
1499|20100209|300
1498|20100202|300
1497|20100126|300
1496|20100119|400
1495|20100112|300
1494|20100105|300
1493|20091229|500
1492|20091223|1400
1490|20091201|300
1489|20091124|300
1488|20091117|400
1487|20091110|300
1486|20091103|300
1485|20091027|300
1484|20091020|400
1483|20091013|300
1482|20091006|300
1481|20090929|300
1480|20090922|300
1479|20090916|400
1478|20090908|300
1477|20090901|300
1476|20090825|300
1474|20090811|300
1472|20090728|300
1471|20090721|400
1470|20090714|300
1469|20090707|300
1468|20090630|300
1467|20090623|300
1466|20090616|300
1465|20090609|400
1464|20090530|800
1463|20090519|300
1462|20090512|300
1461|20090505|300
1460|20090428|300
1459|20090421|300
1458|20090414|400
1457|20090331|400
1456|20090324|300
1455|20090317|300
1454|20090310|300
1453|20090303|400
1452|20090217|400
1451|20090120|400
1447|20081125|400
1443|20080930|400
1441|20080902|300
1440|20080826|300
1439|20080819|400
1438|20080812|300
1364|20070220|300
1363|20070213|300
1362|20070206|300
1361|20070130|300
1360|20070123|300
1358|20070109|300
1357|20070102|300
1356|20061226|300
