1506|28533|5000000|MAYOR
1506|06111|25000|CUARTO
1506|11147|20000|QUINTO
1527|31322|10000|Ordinario
1527|26279|1000|Ordinario
1527|37545|3500000|MAYOR
1454|23917|625|Ordinario
1454|23914|3500000|MAYOR
1523|47011|25000|CUARTO
1474|49184|10000|Ordinario
1474|50606|15000|Ordinario
1474|15929|3500000|MAYOR
1474|21756|25000|CUARTO
1472|38222|300000|SEGUNDO
1472|35027|3500000|MAYOR
1472|14566|25000|CUARTO
1512|35643|6750000|MAYOR
1512|34210|1200|Ordinario
1512|23183|15000|Ordinario
1526|34786|1000|Ordinario
1526|23211|10000|Ordinario
1526|18740|1000|Ordinario
1518|39068|1000|Ordinario
1518|39024|1000|Ordinario
1469|48386|5250000|MAYOR
1510|23425|1000|Ordinario
1510|31858|1000|Ordinario
1510|37766|10000|Ordinario
1510|28870|15000|Ordinario
1514|40032|25000|CUARTO
1514|31421|1000|Ordinario
1514|20382|15000|Ordinario
1514|39497|25000|TERCER
1476|11000|6000000|MAYOR
1476|16771|10000|Ordinario
1476|03133|25000|CUARTO
1587|43529|1000|Ordinario
1587|43618|1000|Ordinario
1477|43189|3500000|MAYOR
1477|12397|15000|Ordinario
1477|32541|25000|CUARTO
1516|14465|5000000|MAYOR
1516|19018|1200|Ordinario
1516|24746|15000|Ordinario
1505|09392|3500000|MAYOR
1505|31565|1000|Ordinario
1505|22052|10000|Ordinario
1489|17791|6000000|MAYOR
1489|26227|25000|CUARTO
1489|47021|1000|Ordinario
1489|13641|10000|Ordinario
1489|07493|25000|CUARTO
1489|10045|1000|Ordinario
1489|50081|1000|Ordinario
1489|50399|2000|Ordinario
1489|06515|20000|QUINTO
1528|17258|5000000|MAYOR
1528|26722|1200|Ordinario
1528|26321|1200|Ordinario
1501|34484|3500000|MAYOR
1501|19420|1000|Ordinario
1501|26260|10000|Ordinario
1478|29879|5250000|MAYOR
1478|14574|25000|CUARTO
1524|04672|5000000|MAYOR
1524|18761|1200|Ordinario
1524|24811|10000|Ordinario
1511|49712|50000|TERCER
1511|07708|3500000|MAYOR
1511|47689|1000|Ordinario
1511|47474|1000|Ordinario
1511|47318|1000|Ordinario
1467|25751|3500000|MAYOR
1467|40902|300000|SEGUNDO
1467|43922|25000|CUARTO
1521|30130|15000|Ordinario
1521|29368|1000|Ordinario
1521|23708|1000|Ordinario
1507|49808|3500000|MAYOR
1499|01941|3500000|MAYOR
1499|47265|50000|TERCER
1499|17737|1000|Ordinario
1499|24558|10000|Ordinario
1499|45849|1000|Ordinario
1470|49097|1000|Ordinario
1470|15873|15000|Ordinario
1470|12446|7000000|MAYOR
1502|03454|3500000|MAYOR
1502|05457|20000|QUINTO
1502|40145|25000|CUARTO
1502|31631|1000|Ordinario
1502|20003|15000|Ordinario
1502|41836|25000|CUARTO
1502|07441|1000|Ordinario
1502|07674|1000|Ordinario
1502|11006|300000|SEGUNDO
1502|42958|1000|Ordinario
1502|43347|1000|Ordinario
1502|07345|1000|Ordinario
1356|12643|200000|SEGUNDO
1356|39950|40000|CUARTO
1356|45627|100000|TERCER
1358|45921|40000|CUARTO
1440|45287|3400000|MAYOR
1443|04044|5000000|MAYOR
1443|38772|125000|SEGUNDO
1447|09463|25000|QUINTO
1451|11720|50000|CUARTO
1451|26294|5000000|MAYOR
1452|04811|5000000|MAYOR
1453|46831|5000000|MAYOR
1457|04459|100000|TERCER
1457|14075|5000000|MAYOR
1458|01690|5000000|MAYOR
1464|21971|11750000|MAYOR
1465|47878|125000|SEGUNDO
1471|03678|100000|TERCER
1471|33097|50000|CUARTO
1481|47221|3500000|MAYOR
1482|25454|25000|CUARTO
1485|15929|50000|TERCER
1487|08683|3500000|MAYOR
1493|33201|100000|CUARTO
1500|19206|25000|CUARTO
1500|37511|25000|CUARTO
1500|47255|5000000|MAYOR
1504|05057|25000|CUARTO
1504|25585|5000000|MAYOR
1531|45282|3500000|MAYOR
1534|09153|3500000|MAYOR
1536|11269|3500000|MAYOR
1609|12331|400000|SEGUNDO
1665|08395|300000|SEGUNDO
1735|03650|30000000|MAYOR
1736|55029|15000000|MAYOR
1754|30558|750000|SEGUNDO
1757|50868|10000000|MAYOR
1765|52689|500000|SEGUNDO
1783|07090|30000000|MAYOR
1822|07929|12000000|MAYOR
1825|40888|6000000|MAYOR
1831|46756|36000000|MAYOR
1851|59037|18000000|MAYOR
1869|50435|160000|TERCER
1482|25428|5250000|MAYOR
1485|12053|3500000|MAYOR
1810|26219|10000000|MAYOR
1457|03731|125000|SEGUNDO
1471|01597|5000000|MAYOR
1799|44432|9000000|MAYOR
1443|36427|25000|QUINTO
1457|01709|50000|CUARTO
1465|47139|11750000|MAYOR
1754|29674|15000000|MAYOR
1356|08359|3400000|MAYOR
1602|21904|1200|Ordinario
1537|29301|1200|Ordinario
1537|17335|10000|Ordinario
1497|33528|3500000|MAYOR
1497|23561|1000|Ordinario
1497|28525|10000|Ordinario
1461|12418|3500000|MAYOR
1494|12630|3500000|MAYOR
1494|49349|1000|Ordinario
1494|49389|1000|Ordinario
1494|49435|2000|Ordinario
1494|26970|20000|QUINTO
1494|37408|25000|CUARTO
1494|30778|25000|CUARTO
1520|23073|5000000|MAYOR
1530|23827|1000|Ordinario
1530|29659|15000|Ordinario
1503|14816|25000|CUARTO
1503|13750|3500000|MAYOR
1456|37475|3500000|MAYOR
1456|45699|50000|TERCER
1456|29516|1000|Ordinario
1456|16800|10000|Ordinario
1456|48965|25000|CUARTO
1459|37065|3500000|MAYOR
1468|32378|3500000|MAYOR
1460|33764|5250000|MAYOR
1463|46778|3500000|MAYOR
1463|50223|25000|CUARTO
1533|15899|5000000|MAYOR
1533|21346|1200|Ordinario
1533|26315|10000|Ordinario
1508|29215|25000|CUARTO
1508|26613|5250000|MAYOR
1498|47263|3500000|MAYOR
1498|34228|1000|Ordinario
1498|22086|10000|Ordinario
1498|45939|1000|Ordinario
1495|36953|25000|CUARTO
1495|26404|3500000|MAYOR
1495|30480|2000|Ordinario
1495|21367|10000|Ordinario
1466|08092|3500000|MAYOR
1462|39349|3500000|MAYOR
1486|29282|3500000|MAYOR
1486|16524|300000|SEGUNDO
1486|16794|25000|CUARTO
1770|59108|8000000|MAYOR
1779|54137|8000000|MAYOR
1781|52002|8000000|MAYOR
1790|37243|8000000|MAYOR
1795|33611|40000|SEXTO
1795|32668|8000000|MAYOR
1798|58655|8000000|MAYOR
1806|17752|8000000|MAYOR
1869|49575|11000000|MAYOR
1447|37588|850|Ordinario
1447|37592|125000|CUARTO
1447|42973|125000|CUARTO
1447|42719|850|Ordinario
1454|11980|800|Ordinario
1455|20813|3500000|MAYOR
1459|11888|1000|Ordinario
1759|04838|2000|Ordinario
1536|16772|1000|Ordinario
1759|04870|25000|Ordinario
1639|36138|2500|Ordinario
1648|32101|1200|Ordinario
1669|08156|1200|Ordinario
1669|29978|1200|Ordinario
1815|35172|3000|Ordinario
1815|34928|3000|Ordinario
1856|12857|6000000|MAYOR
1848|29297|6000000|MAYOR
1360|32091|40000|CUARTO
1495|26405|1000|Ordinario
1644|46959|1200|Ordinario
1729|44462|2000|Ordinario
1806|45339|4000|Ordinario
1814|53561|3800|Ordinario
1821|41058|4000|Ordinario
1854|44582|4000|Ordinario
1358|14395|20000|QUINTO
1441|14185|5100000|MAYOR
1447|21596|50000|CUARTO
1447|33263|7500000|MAYOR
1474|15512|1000|Ordinario
1474|16097|1000|Ordinario
1476|50305|1000|Ordinario
1477|45658|1000|Ordinario
1481|19531|25000|CUARTO
1483|49181|7000000|MAYOR
1490|03959|3500000|MAYOR
1494|15483|50000|TERCER
1496|01003|5000000|MAYOR
1496|16649|50000|CUARTO
1511|50880|1000|Ordinario
1555|27127|1000|Ordinario
1555|28119|300000|SEGUNDO
1577|37589|1200|Ordinario
1599|41927|1200|Ordinario
1602|43566|1000|Ordinario
1605|31167|1200|Ordinario
1623|37489|1200|Ordinario
1623|38125|1200|Ordinario
1689|33052|1200|Ordinario
1775|36734|8000000|MAYOR
1775|38978|60000|QUINTO
1832|02449|18000000|MAYOR
1854|45653|8000000|MAYOR
1871|01088|11000000|MAYOR
1511|50880|1000|Ordinario
1875|11227|8000000|MAYOR