3,400,000
3,400,000
SORTEO ORDINARIO Nº 1440
MANAGUA
26 DE AGOSTO
2008
CADUCIDAD
03 DE DICIEMBRE
2008
LISTA OFICIAL
Córdobas
Córdobas
NOTA: POR ACUMULACION EL SORTEO No. 1441 A VERIFICARSE EL 2 DE SEPTIEMBRE DEL 2008 TENDRA
UN PREMIO MAYOR DE C$ 5,100.000.00 POR EL PRECIO DE C$ 300.00 EL BILLETE Y C$ 15.00 EL VIGESIMO
NOTA: LOS BILLETES TERMINADOS EN 5287 GANAN C$4,800.00, LOS TERMINADOS EN 287 GANAN C$2,400.00, LOS TERMINADOS EN 87 GANAN
C$1,200.00, LOS TERMINADOS EN 7 GANAN C$600.00. TODOS LOS NUMEROS DE LA PRESENTE LISTAY QUE A LA VEZ TENGAN TERMINACIONES
DEL PREMIO MAYOR TIENEN DERECHO AL PREMIO Y A LA TERMINACION. SE EXCEPTUA AL PREMIO MAYOR EN TODAS LAS TERMINACIONES.
01
01125
01215
01292
01309
01375
01456
01528
01582
01772
01787
01832
01974
02
02023
02054
02114
02160
02181
02211
02224
02254
02278
02282
02425
02445
02556
02630
02673
02758
02779
02825
02869
02903
02972
02994
03
03022
03029
03113
03159
03163
03350
03461
03505
03628
03650
03695
03830
03901
03933
03972
04
04044
04150
04446
04447
04563
04591
04701
04764
04822
04934
04959
05
05022
05203
05246
05331
05500
05556
05570
05686
05864
05879
05976
06
06025
06059
06204
06268
06319
06347
06360
06431
06468
06476
06482
06510
06535
06544
MIL
900.00
1000.00
900.00
900.00
900.00
900.00
1200.00
900.00
900.00
900.00
1000.00
900.00
MIL
900.00
900.00
900.00
900.00
1000.00
900.00
900.00
1000.00
1200.00
900.00
900.00
900.00
900.00
900.00
900.00
900.00
900.00
900.00
900.00
1200.00
900.00
900.00
MIL
900.00
900.00
900.00
900.00
900.00
900.00
900.00
900.00
900.00
900.00
900.00
900.00
1200.00
900.00
900.00
MIL
1000.00
900.00
900.00
900.00
900.00
900.00
900.00
900.00
900.00
900.00
900.00
MIL
1500.00
900.00
900.00
900.00
900.00
900.00
900.00
900.00
900.00
900.00
900.00
MIL
900.00
900.00
900.00
900.00
900.00
900.00
900.00
900.00
900.00
900.00
900.00
900.00
900.00
1200.00
06685
06707
06751
06789
06829
06856
06866
06922
06934
06964
06980
07
07016
07098
07110
07140
07143
07344
07416
07419
07461
07500
07607
07664
07701
07882
08
08008
08098
08216
08359
08466
08567
08691
08873
08877
08882
08986
09
09018
09042
09065
09154
09160
09174
09191
09209
09319
09520
09539
09944
09964
10
10035
10084
10173
10251
10332
10369
10384
10409
10439
10458
10602
10695
10705
10712
10771
10846
10917
10951
11
11116
11235
11396
11418
11435
11560
11637
11753
11820
11828
11849
11969
11999
12
12043
12139
12204
12223
12269
12310
12409
12511
12595
12628
12700
12872
12905
12965
13
13117
13186
13214
13272
13321
13397
13429
13430
13449
13455
13468
13519
13531
13624
13664
13742
13750
13815
13829
13959
13959
13967
14
14029
14062
14299
14438
14458
14518
14585
14608
14682
14683
14965
14995
15
15029
15052
15156
15261
15274
15463
15489
15539
15559
15755
15756
15790
15821
15822
15838
15864
15910
15914
15928
16
16180
16233
16474
16739
16751
17
17018
17047
17082
17092
17135
17201
17202
17296
17342
17344
17475
17551
17558
17560
17571
17631
17731
17764
17827
17885
17924
18
18105
18160
18240
18248
18331
18336
18340
18371
18388
18524
18634
18849
18894
19
19000
19201
19266
19404
19535
19644
19646
19684
19734
19754
19792
19804
19806
19864
19940
19956
19974
20
20049
20072
20082
20148
20172
20179
20186
20209
20297
20303
20384
20446
20497
20503
20535
20539
20540
20779
20788
20805
20809
20841
20913
20969
21
21082
21203
21243
21294
21304
21506
21626
21681
21723
21885
22
22168
22305
22314
22352
22475
22505
22602
22644
22870
22965
23
23144
23201
23346
23360
23472
23477
23510
23512
23606
23672
23673
23842
23904
24
24056
24104
24113
24310
24348
24401
24462
24471
24511
24513
24524
24658
24792
24861
24890
24938
25
25036
25053
25183
25225
25288
25355
25465
25502
25563
25696
25706
25845
26
26083
26268
26324
26327
26355
26359
26456
26564
26633
26680
26705
26758
26781
26825
26826
26839
26852
26886
26894
26894
27
27018
27034
27089
27178
27192
27244
27257
27271
27346
27384
27391
27447
27448
27456
27466
27694
28
28110
28192
28241
28288
28333
28389
28438
28473
28516
28576
28584
28627
28678
28711
28840
28902
29
29084
29125
29244
29368
29375
29435
29572
29662
29758
29763
29765
29769
29775
29796
29827
29833
29974
29979
30
30018
30053
30087
30379
30569
30627
30670
30729
30849
30923
31
31014
31075
31079
31092
31137
31163
31174
31182
31202
31208
31223
31271
31309
31340
31389
31408
31472
31501
31621
31628
31718
31750
31806
31875
31888
31898
32
32025
32056
32124
32217
32255
32290
32360
32375
32410
32468
32469
32559
32564
32657
32658
32871
32872
33
33037
33045
33076
33082
33123
33134
33248
33275
33312
33326
33461
33549
33561
33619
33624
33631
33803
33826
33826
33920
33989
34
34111
34135
34150
34178
34196
34270
34374
34403
34478
34565
34604
34633
34672
34805
34933
34989
35
35024
35079
35139
35226
35356
35457
35480
35582
35716
36
36053
36083
36084
36240
36335
36357
36361
36378
36475
36496
36545
36561
36597
36608
36644
36717
36729
36856
36903
37
37041
37242
37254
37277
37282
37320
37339
37428
37429
37649
37668
37736
37743
37842
37860
37966
38
38016
38098
38209
38327
38385
38385
38392
39
39022
39037
39099
39104
39143
39256
39281
39316
39357
39423
39450
39566
39660
39689
39718
39793
39852
39887
40
40124
40220
40383
40496
40696
40739
40808
40831
40875
40948
41
41022
41025
41164
41213
41215
41217
41297
41406
41597
41605
41649
41718
1000.00
1000.00
900.00
1200.00
900.00
900.00
900.00
900.00
900.00
900.00
900.00
MIL
900.00
900.00
900.00
5000.00
1000.00
1000.00
900.00
900.00
900.00
900.00
1200.00
900.00
900.00
900.00
MIL
900.00
900.00
1000.00
900.00
900.00
900.00
900.00
900.00
900.00
900.00
900.00
MIL
900.00
1000.00
900.00
900.00
900.00
900.00
900.00
1000.00
900.00
900.00
1000.00
900.00
1000.00
MIL
900.00
900.00
900.00
900.00
900.00
900.00
900.00
900.00
900.00
900.00
900.00
1200.00
900.00
900.00
900.00
900.00
900.00
900.00
MIL
1200.00
900.00
900.00
900.00
900.00
900.00
900.00
1200.00
900.00
900.00
900.00
900.00
1500.00
MIL
900.00
900.00
900.00
900.00
900.00
900.00
900.00
1000.00
900.00
900.00
900.00
900.00
900.00
1000.00
MIL
900.00
900.00
900.00
900.00
900.00
900.00
900.00
900.00
900.00
900.00
900.00
900.00
900.00
900.00
900.00
900.00
900.00
1000.00
900.00
1000.00
900.00
900.00
MIL
900.00
900.00
900.00
900.00
900.00
900.00
900.00
900.00
1500.00
900.00
900.00
1000.00
MIL
900.00
900.00
900.00
1200.00
900.00
900.00
900.00
900.00
900.00
900.00
900.00
900.00
900.00
900.00
900.00
1200.00
900.00
900.00
1000.00
MIL
900.00
900.00
1200.00
900.00
900.00
MIL
900.00
900.00
900.00
900.00
900.00
900.00
900.00
900.00
900.00
900.00
900.00
900.00
1000.00
900.00
900.00
900.00
900.00
900.00
1200.00
900.00
900.00
MIL
900.00
900.00
900.00
900.00
900.00
900.00
900.00
900.00
900.00
900.00
1000.00
900.00
1200.00
MIL
1000.00
1200.00
1200.00
900.00
900.00
1000.00
900.00
900.00
900.00
900.00
900.00
900.00
900.00
900.00
900.00
1200.00
900.00
MIL
1200.00
1200.00
900.00
900.00
900.00
900.00
900.00
1000.00
900.00
900.00
1000.00
900.00
1000.00
1000.00
1200.00
900.00
1200.00
900.00
900.00
900.00
900.00
900.00
900.00
900.00
MIL
900.00
900.00
900.00
5000.00
900.00
900.00
1000.00
900.00
900.00
900.00
MIL
900.00
900.00
900.00
900.00
900.00
900.00
900.00
900.00
900.00
900.00
MIL
1000.00
900.00
900.00
1000.00
900.00
900.00
900.00
900.00
900.00
1500.00
900.00
900.00
900.00
MIL
900.00
900.00
1000.00
900.00
900.00
1000.00
900.00
1000.00
900.00
900.00
900.00
900.00
1000.00
900.00
900.00
900.00
MIL
900.00
900.00
900.00
900.00
900.00
1200.00
900.00
1000.00
900.00
900.00
900.00
1000.00
MIL
900.00
1000.00
900.00
900.00
900.00
900.00
1200.00
1000.00
900.00
900.00
1200.00
900.00
1000.00
900.00
1000.00
900.00
1000.00
1200.00
900.00
900.00
MIL
900.00
900.00
1200.00
900.00
900.00
1000.00
900.00
900.00
900.00
1000.00
900.00
1200.00
900.00
900.00
900.00
900.00
MIL
900.00
900.00
900.00
900.00
900.00
900.00
900.00
1000.00
1000.00
1000.00
900.00
1000.00
1000.00
900.00
1000.00
900.00
MIL
900.00
900.00
900.00
900.00
900.00
900.00
900.00
900.00
1000.00
900.00
900.00
900.00
900.00
1000.00
1200.00
900.00
900.00
1000.00
MIL
900.00
900.00
1000.00
900.00
900.00
900.00
900.00
900.00
1200.00
1500.00
MIL
1500.00
900.00
1000.00
900.00
900.00
900.00
900.00
1200.00
900.00
900.00
900.00
1000.00
1000.00
900.00
900.00
1000.00
900.00
900.00
900.00
900.00
900.00
900.00
900.00
1000.00
900.00
900.00
MIL
900.00
1200.00
900.00
900.00
900.00
900.00
900.00
900.00
1200.00
900.00
900.00
900.00
900.00
900.00
900.00
900.00
1000.00
MIL
900.00
1000.00
900.00
900.00
900.00
900.00
900.00
900.00
900.00
1000.00
900.00
900.00
1000.00
1200.00
900.00
900.00
1200.00
1000.00
900.00
1000.00
900.00
MIL
1200.00
1000.00
1000.00
1000.00
900.00
900.00
900.00
900.00
900.00
900.00
900.00
900.00
900.00
900.00
900.00
900.00
MIL
900.00
900.00
900.00
900.00
900.00
900.00
1000.00
900.00
900.00
MIL
900.00
900.00
1200.00
900.00
900.00
1200.00
900.00
900.00
900.00
900.00
900.00
900.00
900.00
900.00
900.00
900.00
900.00
900.00
900.00
MIL
900.00
900.00
900.00
900.00
900.00
900.00
900.00
1500.00
900.00
900.00
1000.00
900.00
900.00
900.00
900.00
900.00
MIL
900.00
900.00
1200.00
900.00
1000.00
900.00
900.00
MIL
900.00
900.00
900.00
900.00
900.00
900.00
1000.00
900.00
900.00
900.00
5000.00
900.00
1000.00
900.00
900.00
900.00
1000.00
1200.00
MIL
1000.00
900.00
900.00
1200.00
900.00
1000.00
1000.00
900.00
900.00
900.00
MIL
900.00
1000.00
900.00
900.00
900.00
900.00
1000.00
900.00
1500.00
900.00
900.00
900.00
41723
41750
41761
41788
41828
42
42010
42094
42244
42246
42278
42434
42457
42512
42527
42639
42659
42814
42822
42855
42920
43
43064
43111
43263
43297
43354
43355
43379
43499
43506
43507
43522
43552
43622
43659
43704
43776
43809
43832
44
44085
44118
44240
44297
44321
44440
44663
44763
44851
44886
45
45038
45135
45203
45222
45251
45284
45285
45286
45288
45289
45290
45376
45403
45502
45553
45603
45637
45765
45780
45844
45847
45964
46
46081
46132
46144
46190
46224
46232
46247
46318
46336
46404
46406
46410
46431
46462
46471
46508
46603
46626
46662
46738
46758
46804
46882
46884
46917
46942
46943
47
47064
47097
47147
47153
47356
47412
47623
47826
47876
47901
48
48051
48086
48105
48133
48197
48224
48229
48306
48353
48362
48381
48416
48492
48494
48531
48577
48606
48662
48662
48762
48780
48859
48957
49
49114
49257
49404
49477
49654
49771
49779
50
50030
50054
50079
50111
50145
50162
50169
50257
50417
50470
50471
50510
50571
50574
50649
50686
50734
900.00
900.00
900.00
1000.00
1000.00
MIL
900.00
900.00
900.00
900.00
900.00
900.00
1000.00
1000.00
1000.00
1200.00
900.00
900.00
900.00
900.00
1000.00
MIL
900.00
900.00
900.00
900.00
900.00
1000.00
900.00
900.00
900.00
900.00
1000.00
1000.00
900.00
900.00
1200.00
900.00
900.00
900.00
MIL
900.00
1200.00
1000.00
1000.00
1000.00
900.00
900.00
900.00
900.00
1200.00
MIL
900.00
1000.00
900.00
1200.00
900.00
1000.00
1000.00
2000.00
2000.00
1000.00
1000.00
1000.00
1500.00
900.00
1500.00
900.00
1200.00
1000.00
900.00
900.00
900.00
900.00
MIL
900.00
900.00
900.00
1500.00
900.00
1000.00
1000.00
900.00
1000.00
900.00
1000.00
1000.00
900.00
900.00
900.00
900.00
900.00
900.00
900.00
1000.00
900.00
900.00
900.00
900.00
900.00
900.00
900.00
MIL
900.00
900.00
1000.00
900.00
900.00
900.00
1000.00
1200.00
900.00
1200.00
MIL
900.00
900.00
900.00
900.00
900.00
900.00
900.00
900.00
900.00
900.00
900.00
1500.00
900.00
900.00
900.00
900.00
1000.00
900.00
900.00
900.00
900.00
1000.00
900.00
MIL
900.00
900.00
1200.00
900.00
900.00
900.00
900.00
MIL
900.00
900.00
900.00
1000.00
900.00
900.00
1000.00
900.00
900.00
1000.00
900.00
900.00
900.00
900.00
900.00
900.00
900.00
QUINTO PREMIO
MATAGALPA
C$10,000.00
48615
CUARTO PREMIO
GRANADA
C$20,000.00
37989
CUARTO PREMIO
MANAGUA
C$20,000.00
19527
SEGUNDO
PREMIO
MASAYA
C$120,000.00
39574
SEGUNDO
PREMIO
GRANADA
C$120,000.00
03061
TERCER PREMIO
48845
MATAGALPA
C$50,000.00
C$3,400,000.00
PREMIO
MAYOR
45287
MANAGUA
NO FUE VENDIDO.
POR ACUMULACION EL
SORTEO 1441 DEL 2 DE
SEPTIEMBRE 2008 TENDRA
UN PREMIO MAYOR DE
C$ 5,100,000.00 POR
EL PRECIO DE C$300
EL BILLETE.
