                                                                       SORTEO ORDINARIO Nº 1440

                                                                                                                                                                  MANAGUA

                                                              3,400,000Córdobas                                                                           26 DE AGOSTO

                                                                                                                                                                         2008

                                                                                                                                                              CADUCIDAD

                                                                                                                                                          03 DE DICIEMBRE

                                                                                                                                                                         2008

                                                                                                                                                          LISTA OFICIAL

01       MIL        06685    1000.00     1291635  1M00IL0.00  19       MIL        24861    900.00      30849    1200.00     36084    1200.00     41723    900.00         46144    900.00
                                                                                                                                                 41750    900.00
01125    900.00     06707    1000.00                          19000    1000.00    24890    900.00      3093213  1M50IL0.00  36240    900.00      41761    900.00         46190    1500.00
01215    1000.00    06751    900.00      13117    900.00      19201    1200.00    2492358  M90IL0.00                        36335    900.00                              46224    900.00
01292    900.00     06789    1200.00     13186    900.00      19266    1200.00                         31014    1500.00     36357    1200.00     41788    1000.00        46232    1000.00
                                                                                                                                                 4184228  1M00IL0.00
01309    900.00     06829    900.00      13214    900.00      19404    900.00     25036    900.00      31075    900.00      36361    900.00                              46247    1000.00
01375    900.00     06856    900.00      13272    900.00                          25053    900.00      31079    1000.00     36378    900.00                              46318    900.00
01456    900.00     06866    900.00      13321    900.00      19527CUARTO PREMIO  25183    900.00      31092    900.00      36475    900.00      42010    900.00         46336    1000.00
                                                                                                                                                 42094    900.00
01528    1200.00    06922    900.00      13397    900.00                          25225    900.00      31137    900.00      36496    900.00      42244    900.00         46404    900.00
01582    900.00     06934    900.00      13429    900.00                          25288    900.00      31163    900.00      36545    900.00                              46406    1000.00
01772    900.00     06964    900.00      13430    900.00      C$20,000.00         25355    1200.00     31174    900.00      36561    900.00      42246    900.00         46410    1000.00
                                                              MANAGUA
01787    900.00     0690870  M90IL0.00   13449    900.00                          25465    900.00      31182    1200.00     36597    900.00      42278    900.00         46431    900.00
                                                                                                                                                 42434    900.00
01832    1000.00                         13455    900.00      19535    900.00     25502    1000.00     31202    900.00      36608    900.00      42457    1000.00        46462    900.00
0190724  9M0I0L.00  07016    900.00      13468    900.00      19644    1000.00    25563    900.00      31208    900.00      36644    900.00                              46471    900.00
                    07098    900.00      13519    900.00      19646    900.00     25696    900.00      31223    900.00      36717    900.00      42512    1000.00        46508    900.00
                                                                                                                                                 42527    1000.00
02023    900.00     07110    900.00      13531    900.00      19684    900.00     25706    900.00      31271    1000.00     36729    900.00      42639    1200.00        46603    900.00
02054    900.00     07140    5000.00     13624    900.00      19734    900.00     2582465  1M00IL0.00  31309    1000.00     36856    900.00                              46626    900.00
02114    900.00     07143    1000.00     13664    900.00      19754    900.00                          31340    900.00      3693073  M90IL0.00   42659    900.00         46662    900.00
                                                                                                                                                 42814    900.00
02160    900.00     07344    1000.00     13742    900.00      19792    900.00     26083    900.00      31389    900.00                           42822    900.00         46738    1000.00
02181    1000.00    07416    900.00      13750    900.00      19804    900.00     26268    1000.00     31408    1000.00     37041    900.00                              46758    900.00
02211    900.00     07419    900.00      13815    1000.00     19806    900.00     26324    900.00      31472    900.00      37242    900.00      42855    900.00         46804    900.00
                                                                                                                                                 4294230  1M00IL0.00
02224    900.00     07461    900.00      13829    900.00      19864    900.00     26327    900.00      31501    900.00      37254    900.00                              46882    900.00
02254    1000.00    07500    900.00      13959    1000.00     19940    900.00     26355    900.00      31621    900.00      37277    900.00                              46884    900.00
02278    1200.00    07607    1200.00     13959    900.00      19956    1200.00    26359    900.00      31628    900.00      37282    900.00      43064    900.00         46917    900.00
                                                                                                                                                 43111    900.00
02282    900.00     07664    900.00      1391647  M90IL0.00   1992704  M90IL0.00  26456    1200.00     31718    900.00      37320    900.00      43263    900.00         46942    900.00
02425    900.00     07701    900.00                                               26564    1000.00     31750    900.00      37339    900.00                              4694473  M90IL0.00
02445    900.00     0780882  M90IL0.00   14029    900.00      20049    1200.00    26633    900.00      31806    900.00      37428    1500.00     43297    900.00
                                                                                                                                                 43354    900.00
02556    900.00                          14062    900.00      20072    1200.00    26680    900.00      31875    1000.00     37429    900.00      43355    1000.00        47064    900.00
02630    900.00     08008    900.00      14299    900.00      20082    900.00     26705    1200.00     31888    900.00      37649    900.00                              47097    900.00
02673    900.00     08098    900.00      14438    900.00      20148    900.00     26758    900.00      3183928  M90IL0.00   37668    1000.00     43379    900.00         47147    1000.00
                                                                                                                                                 43499    900.00
02758    900.00     08216    1000.00     14458    900.00      20172    900.00     26781    1000.00                          37736    900.00      43506    900.00         47153    900.00
02779    900.00     08359    900.00      14518    900.00      20179    900.00     26825    900.00      32025    900.00      37743    900.00                              47356    900.00
02825    900.00     08466    900.00      14585    900.00      20186    900.00     26826    1000.00     32056    1200.00     37842    900.00      43507    900.00         47412    900.00
                                                                                                                                                 43522    1000.00
02869    900.00     08567    900.00      14608    900.00      20209    1000.00    26839    900.00      32124    900.00      37860    900.00      43552    1000.00        47623    1000.00
02903    1200.00    08691    900.00      14682    1500.00     20297    900.00     26852    1000.00     32217    900.00      37966    900.00                              47826    1200.00
02972    900.00     08873    900.00      14683    900.00      20303    900.00     26886    1200.00     32255    900.00                           43622    900.00         47876    900.00
                                                                                                                            37989CUARTO PREMIO   43659    900.00
0290934  9M0I0L.00  08877    900.00      14965    900.00      20384    1000.00    26894    900.00      32290    900.00                           43704    1200.00        4794081  1M20IL0.00
                    08882    900.00      1491955  1M00IL0.00  20446    900.00     2682974  M90IL0.00   32360    900.00
03022    900.00     0890896  M90IL0.00                        20497    1000.00                         32375    900.00                           43776    900.00         48051    900.00
                                                                                                                            C$20,000.00          43809    900.00
03029    900.00                          15029    900.00      20503    1000.00    27018    900.00      32410    1200.00     GRANADA                                      48086    900.00
                    09018    900.00      15052    900.00      20535    1200.00    27034    900.00      32468    900.00                           4384342  M90IL0.00      48105    900.00
PREMIO03061SEGUNDO  09042    1000.00     15156    900.00      20539    900.00     27089    1200.00     32469    900.00      38       MIL                                 48133    900.00

                    09065    900.00      15261    1200.00     20540    1200.00    27178    900.00      32559    900.00      38016    900.00      44085    900.00         48197    900.00
                                                                                                                                                 44118    1200.00
                    09154    900.00      15274    900.00      20779    900.00     27192    900.00      32564    900.00      38098    900.00      44240    1000.00        48224    900.00
                    09160    900.00      15463    900.00      20788    900.00     27244    1000.00     32657    900.00      38209    1200.00                             48229    900.00
                    09174    900.00      15489    900.00      20805    900.00     27257    900.00      32658    900.00      38327    900.00      44297    1000.00        48306    900.00
C$120,000.00                                                                                                                                     44321    1000.00
GRANADA             09191    900.00      15539    900.00      20809    900.00     27271    900.00      32871    900.00      38385    1000.00                             48353    900.00
                    09209    1000.00     15559    900.00      20841    900.00     27346    900.00      3283732  1M00IL0.00  38385    900.00      44440    900.00         48362    900.00
                                                                                                                                                 44663    900.00
03113    900.00     09319    900.00      15755    900.00      20913    900.00     27384    1000.00                          3833992  M90IL0.00   44763    900.00         48381    900.00
03159    900.00     09520    900.00      15756    900.00      2092619  M90IL0.00  27391    900.00      33037    900.00                                                   48416    1500.00
03163    900.00     09539    1000.00     15790    900.00                          27447    1200.00     33045    1000.00     39022    900.00      44851    900.00         48492    900.00
                                                                                                                                                 4484856  1M20IL0.00
03350    900.00     09944    900.00      15821    900.00      21082    900.00     27448    900.00      33076    900.00      39037    900.00                              48494    900.00
03461    900.00     0991604  1M00IL0.00  15822    900.00      21203    900.00     27456    900.00      33082    900.00      39099    900.00                              48531    900.00
03505    900.00                          15838    900.00      21243    900.00     27466    900.00      33123    900.00      39104    900.00      45038    900.00         48577    900.00
                                                                                                                                                 45135    1000.00
03628    900.00     10035    900.00      15864    1200.00     21294    5000.00    2762984  M90IL0.00   33134    900.00      39143    900.00      45203    900.00         48606    1000.00
03650    900.00     10084    900.00      15910    900.00      21304    900.00                          33248    900.00      39256    900.00
03695    900.00     10173    900.00      15914    900.00      21506    900.00     28110    900.00      33275    900.00      39281    1000.00     45222    1200.00        48615QUINTO PREMIO
                                                                                                                                                 45251    900.00
03830    900.00     10251    900.00      1591268  1M00IL0.00  21626    1000.00    28192    900.00      33312    900.00      39316    900.00      45284    1000.00
03901    1200.00    10332    900.00                           21681    900.00     28241    900.00      33326    1000.00     39357    900.00
03933    900.00     10369    900.00      16180    900.00      21723    900.00     28288    900.00      33461    900.00      39423    900.00      45285    1000.00        C$10,000.00
                                                                                                                                                                         MATAGALPA
0390742  9M0I0L.00  10384    900.00      16233    900.00      2182825  M90IL0.00  28333    900.00      33549    900.00      39450    5000.00     45286    2000.00

                    10409    900.00      16474    1200.00                         28389    900.00      33561    1000.00     39566    900.00      PREMIO                  48662    900.00
04044    1000.00    10439    900.00      16739    900.00      22168    900.00     28438    900.00      33619    1200.00                                                  48662    900.00
04150    900.00     10458    900.00      1671571  M90IL0.00   22305    900.00     28473    1000.00     33624    900.00      PREMIO39574SEGUNDO   45287MAYOR              48762    900.00

04446    900.00     10602    900.00                           22314    900.00     28516    1000.00     33631    900.00                                                   48780    900.00
04447    900.00     10695    1200.00     17018    900.00      22352    900.00     28576    1000.00     33803    1200.00
04563    900.00     10705    900.00      17047    900.00      22475    900.00     28584    900.00      33826    1000.00                                                  48845TERCER PREMIO
04591    900.00     10712    900.00      17082    900.00      22505    900.00     28627    1000.00     33826    900.00
04701    900.00     10771    900.00      17092    900.00      22602    900.00     28678    1000.00     33920    1000.00     C$120,000.00
                                                                                                                            MASAYA
04764    900.00     10846    900.00      17135    900.00      22644    900.00     28711    900.00      3393849  M90IL0.00                                                C$50,000.00
04822    900.00     10917    900.00      17201    900.00      22870    900.00     28840    1000.00                          39660    1000.00
04934    900.00     1091511  M90IL0.00   17202    900.00      2292635  M90IL0.00  2892092  M90IL0.00   34111    1200.00     39689    900.00                              MATAGALPA
                                                                                                                                                 C$ 3,400,000.00
0490559  9M0I0L.00                       17296    900.00                                               34135    1000.00     39718    900.00                              48859    1000.00
                    11116    1200.00     17342    900.00      23144    1000.00    29084    900.00      34150    1000.00     39793    900.00                              4894597  M90IL0.00
05022    1500.00    11235    900.00      17344    900.00      23201    900.00     29125    900.00      34178    1000.00     39852    1000.00
05203    900.00     11396    900.00      17475    900.00      23346    900.00     29244    900.00      34196    900.00      3984807  1M20IL0.00  NO FUE VENDIDO.         49114    900.00
                                                                                                                                                 POR ACUMULACION EL
                                                                                                                                                 SORTEO 1441 DEL 2 DE
05246    900.00     11418    900.00      17551    900.00      23360    1000.00    29368    900.00      34270    900.00                           SEPTIEMBRE 2008 TENDRA  49257    900.00
05331    900.00     11435    900.00      17558    1000.00     23472    900.00     29375    900.00      34374    900.00      40124    1000.00                             49404    1200.00
05500    900.00     11560    900.00      17560    900.00      23477    900.00     29435    900.00      34403    900.00      40220    900.00      UN PREMIO MAYOR DE      49477    900.00
                                                                                                                                                 C$ 5,100,000.00 POR
                                                                                                                                                 EL PRECIO DE C$300
05556    900.00     11637    900.00      17571    900.00      23510    900.00     29572    900.00      34478    900.00      40383    900.00      EL BILLETE.             49654    900.00
05570    900.00     11753    1200.00     17631    900.00      23512    900.00     29662    900.00      34565    900.00      40496    1200.00                             49771    900.00
05686    900.00     11820    900.00      17731    900.00      23606    900.00     29758    1000.00     34604    900.00      40696    900.00      MANAGUA                 4975709  M90IL0.00
05864    900.00     11828    900.00      17764    900.00      23672    1500.00    29763    900.00      34633    900.00      40739    1000.00
05879    900.00     11849    900.00      17827    1200.00     23673    900.00     29765    900.00      34672    900.00      40808    1000.00     45288    2000.00        50030    900.00
                                                                                                                                                 45289    1000.00
0590766  9M0I0L.00  11969    900.00      17885    900.00      23842    900.00     29769    900.00      34805    900.00      40831    900.00      45290    1000.00        50054    900.00
                    1191992  1M50IL0.00  1791284  M90IL0.00   2392044  M90IL0.00  29775    900.00      34933    900.00      40875    900.00                              50079    900.00
06025    900.00                                                                   29796    1000.00     3493859  M90IL0.00   4094418  M90IL0.00   45376    1000.00        50111    1000.00
                                                                                                                                                 45403    1500.00
06059    900.00     12043    900.00      18105    900.00      24056    900.00     29827    1200.00                                               45502    900.00         50145    900.00
06204    900.00     12139    900.00      18160    900.00      24104    900.00     29833    900.00      35024    900.00      41022    900.00                              50162    900.00
06268    900.00     12204    900.00      18240    900.00      24113    1000.00    29974    900.00      35079    900.00      41025    1000.00     45553    1500.00        50169    1000.00
                                                                                                                                                 45603    900.00
06319    900.00     12223    900.00      18248    900.00      24310    900.00     2993709  1M00IL0.00  35139    900.00      41164    900.00      45637    1200.00        50257    900.00
06347    900.00     12269    900.00      18331    900.00      24348    900.00                          35226    900.00      41213    900.00                              50417    900.00
06360    900.00     12310    900.00      18336    900.00      24401    1000.00    30018    900.00      35356    900.00      41215    900.00      45765    1000.00        50470    1000.00
                                                                                                                                                 45780    900.00
06431    900.00     12409    900.00      18340    900.00      24462    900.00     30053    900.00      35457    900.00      41217    900.00      45844    900.00         50471    900.00
06468    900.00     12511    1000.00     18371    900.00      24471    1000.00    30087    1000.00     35480    1000.00     41297    1000.00                             50510    900.00
06476    900.00     12595    900.00      18388    900.00      24511    900.00     30379    900.00      35582    900.00      41406    900.00      45847    900.00         50571    900.00
                                                                                                                                                 4594664  M90IL0.00
06482    900.00     12628    900.00      18524    900.00      24513    900.00     30569    900.00      3573166  M90IL0.00   41597    1500.00                             50574    900.00
06510    900.00     12700    900.00      18634    1000.00     24524    900.00     30627    900.00                           41605    900.00                              50649    900.00
06535    900.00     12872    900.00      18849    900.00      24658    900.00     30670    900.00      36053    900.00      41649    900.00      46081    900.00         50686    900.00
                                                                                                                                                 46132    900.00
06544    1200.00    12905    900.00      18894    1200.00     24792    1000.00    30729    900.00      36083    900.00      41718    900.00                              50734    900.00

NOTA: LOS BILLETES TERMINADOS EN 5287 GANAN C$4,800.00, LOS TERMINADOS EN 287 GANAN C$2,400.00, LOS TERMINADOS EN 87 GANAN

C$1,200.00, LOS TERMINADOS EN 7 GANAN C$600.00. TODOS LOS NUMEROS DE LA PRESENTE LISTA Y QUE A LA VEZ TENGAN TERMINACIONES

DEL PREMIO MAYOR TIENEN DERECHO AL PREMIO Y A LA TERMINACION. SE EXCEPTUA AL PREMIO MAYOR EN TODAS LAS TERMINACIONES.

NOTA: POR ACUMULACION EL SORTEO No. 1441 A VERIFICARSE EL 2 DE SEPTIEMBRE DEL 2008 TENDRA

UN PREMIO MAYOR DE C$ 5,100.000.00 POR EL PRECIO DE C$ 300.00 EL BILLETE Y C$ 15.00 EL VIGESIMO
