5,100,000
5,100,000
SORTEO ORDINARIO Nº 1441
MANAGUA
2 DE SEPTIEMBRE
2008
CADUCIDAD
10 DE DICIEMBRE
2008
LISTA OFICIAL
Córdobas
Córdobas
ESTA LISTA ES GRATIS · VISITE WWW.LOTERIANACIONAL.COM.NI
NOTA: LOS BILLETES TERMINADOS EN 4185 GANAN C$4,800.00, LOS TERMINADOS EN 185 GANAN C$2,400.00, LOS TERMINADOS EN 85 GANAN
C$1,200.00, LOS TERMINADOS EN 5 GANAN C$600.00. TODOS LOS NUMEROS DE LA PRESENTE LISTAY QUE A LA VEZ TENGAN TERMINACIONES
DEL PREMIO MAYOR TIENEN DERECHO AL PREMIO Y A LA TERMINACION. SE EXCEPTUA AL PREMIO MAYOR EN TODAS LAS TERMINACIONES.
01
01049
01306
01494
01595
01689
01800
01887
01974
02
02123
02206
02251
02345
02395
02423
02488
02539
02634
02774
02785
02806
02874
02882
03
03115
03158
03172
03258
03306
03306
03322
03709
03800
03842
03853
03920
04
04128
04165
04169
04195
04206
04209
04245
04258
04460
04501
04554
04626
04652
04775
04845
04926
04967
05
05010
05011
05053
05119
05142
05237
05282
05298
05451
05469
05543
05619
05681
05705
05747
05771
05954
06
06030
06107
06124
06217
06327
06391
06406
06490
06563
06582
06659
06772
06836
06899
06951
06969
07
07007
07154
07166
07301
07370
07388
07400
07401
MIL
900.00
1000.00
1000.00
900.00
900.00
900.00
900.00
900.00
MIL
1200.00
900.00
900.00
900.00
1000.00
900.00
900.00
1200.00
900.00
900.00
900.00
900.00
900.00
900.00
MIL
900.00
900.00
900.00
900.00
900.00
900.00
900.00
900.00
900.00
900.00
900.00
900.00
MIL
1000.00
900.00
1000.00
900.00
1000.00
900.00
900.00
900.00
900.00
900.00
900.00
900.00
900.00
1000.00
1500.00
1000.00
900.00
MIL
900.00
900.00
900.00
900.00
900.00
900.00
900.00
900.00
900.00
5000.00
900.00
1000.00
900.00
5000.00
900.00
900.00
900.00
MIL
1200.00
1000.00
900.00
1200.00
900.00
900.00
900.00
1500.00
900.00
900.00
900.00
900.00
900.00
900.00
900.00
900.00
MIL
1000.00
1200.00
900.00
1000.00
900.00
900.00
1000.00
900.00
07487
07695
07914
07937
08
08341
08366
08368
08526
08552
08647
08722
08927
08951
08970
08981
09
09002
09069
09099
09413
09459
09666
09669
09804
09882
09941
09996
10
10031
10043
10168
10267
10290
10320
10458
10481
10503
10507
10532
10564
10569
10780
10897
10918
11
11054
11071
11115
11116
11122
11135
11223
11276
11328
11382
11544
11585
11596
11648
11802
11931
11960
12
12027
12048
12177
12234
12275
12380
12401
12425
12503
12527
12534
12549
12585
12604
12630
12641
12645
12713
12815
12816
12871
12909
12965
13
13041
13080
13104
13144
13177
13269
13283
13327
13337
13403
13424
13430
13445
13470
13684
13690
13841
13858
13962
14
14002
14064
14082
14161
14182
14183
14184
14186
14187
14188
14195
14240
14386
14693
14721
14947
15
15042
15139
15174
15223
15240
15260
15426
15516
15773
15957
15975
15986
16
16007
16060
16071
16137
16185
16195
16280
16400
16462
16690
16692
16711
16734
16743
16757
16798
16824
16854
16860
16913
17
17030
17059
17183
17244
17483
17486
17605
17803
17845
17900
17920
17991
17995
18
18096
18173
18203
18264
18301
18391
18493
18558
18574
18636
18675
18787
18877
18878
19
19032
19099
19134
19230
19261
19285
19523
19602
19839
19842
19930
20
20056
20110
20125
20179
20196
20205
20252
20263
20278
20297
20356
20412
20462
20477
20555
20595
20694
20696
20747
20764
20856
20925
20958
20964
20990
20992
21
21017
21035
21172
21306
21341
21405
21451
21454
21466
21570
21650
21671
21743
21799
21804
21966
22
22016
22089
22106
22147
22159
22235
22358
22440
22524
22855
22912
23
23029
23039
23048
23100
23256
23261
23316
23345
23526
23606
23609
23741
23743
23808
23824
24
24089
24092
24122
24150
24213
24216
24250
24378
24524
24534
24572
24589
24674
24698
24788
24790
24829
24875
24882
24895
24939
24957
25
25014
25038
25112
25183
25191
25224
25284
25287
25289
25404
25441
25475
25547
25584
25747
25749
25767
25846
25884
25887
25912
26
26010
26039
26127
26151
26298
26365
26380
26394
26481
26515
26591
26697
26727
26769
27
27007
27211
27323
27371
27441
27478
27518
27768
27772
27870
27911
28
28087
28177
28345
28491
28514
28559
28724
28730
28809
28917
29
29095
29174
29244
29303
29382
29442
29517
29664
29854
29872
29952
29989
30
30017
30101
30146
30255
30293
30471
30476
30525
30556
30596
30664
30713
30726
30796
30944
31
31096
31255
31256
31263
31301
31367
31422
31465
31643
31698
31873
32
32010
32098
32131
32150
32263
32318
32406
32550
32720
32797
32858
33
33004
33146
33175
33284
33394
33409
33603
33609
33658
33677
33715
33798
33991
34
34081
34191
34226
34235
34329
34339
34362
34447
34461
34463
34500
34535
34542
34578
34640
34769
34897
35
35067
35153
35188
35205
35293
35457
35473
35478
35538
35564
35696
35728
35832
35883
35928
35935
35997
36
36018
36159
36171
36254
36433
36496
36509
36630
36686
36722
36853
36878
36893
36909
36979
36994
37
37077
37104
37164
37456
37605
37662
37696
37853
37908
37910
38
38102
38134
38139
38155
38205
38224
38247
38288
38346
38348
38490
38495
38511
38573
38671
38682
38738
38803
38895
38942
38951
39
39112
39129
39133
39138
39308
39330
39363
39379
39381
39389
39416
39427
39568
39636
39642
39726
39730
39890
40
40224
40244
40249
40291
40306
40351
40401
40409
40465
40549
40598
40627
41
41044
41118
41188
41250
41275
41318
900.00
900.00
900.00
900.00
MIL
900.00
900.00
900.00
1000.00
900.00
900.00
1500.00
900.00
900.00
900.00
900.00
MIL
900.00
900.00
900.00
900.00
900.00
900.00
900.00
900.00
900.00
900.00
900.00
MIL
900.00
900.00
900.00
900.00
900.00
900.00
1000.00
900.00
900.00
900.00
900.00
900.00
900.00
900.00
900.00
900.00
MIL
900.00
900.00
1000.00
900.00
900.00
900.00
900.00
900.00
1000.00
900.00
900.00
900.00
900.00
1200.00
900.00
900.00
900.00
MIL
1000.00
900.00
900.00
900.00
900.00
900.00
900.00
900.00
1200.00
1000.00
900.00
900.00
1200.00
1000.00
900.00
900.00
900.00
1200.00
900.00
900.00
900.00
900.00
900.00
MIL
900.00
1200.00
1200.00
1000.00
1000.00
900.00
900.00
900.00
900.00
900.00
1000.00
1000.00
900.00
900.00
900.00
1200.00
900.00
900.00
1200.00
MIL
900.00
900.00
900.00
900.00
1000.00
1000.00
2000.00
2000.00
1000.00
1000.00
900.00
900.00
900.00
1200.00
1000.00
900.00
MIL
900.00
1200.00
900.00
900.00
900.00
1000.00
900.00
900.00
900.00
1000.00
900.00
900.00
MIL
900.00
900.00
900.00
900.00
900.00
900.00
900.00
900.00
900.00
900.00
900.00
900.00
1000.00
900.00
900.00
900.00
900.00
1000.00
900.00
900.00
MIL
900.00
900.00
900.00
1000.00
900.00
900.00
900.00
900.00
900.00
900.00
900.00
900.00
900.00
MIL
900.00
900.00
900.00
900.00
900.00
900.00
900.00
1500.00
900.00
900.00
900.00
1000.00
1000.00
1000.00
MIL
900.00
900.00
900.00
1000.00
900.00
900.00
900.00
900.00
900.00
900.00
900.00
MIL
900.00
900.00
900.00
900.00
900.00
1000.00
1000.00
1200.00
900.00
900.00
900.00
900.00
900.00
900.00
900.00
900.00
900.00
900.00
900.00
1000.00
900.00
900.00
1000.00
900.00
900.00
900.00
MIL
900.00
900.00
1000.00
1200.00
900.00
900.00
900.00
1200.00
900.00
900.00
900.00
900.00
900.00
900.00
900.00
900.00
MIL
900.00
1000.00
900.00
900.00
900.00
900.00
900.00
900.00
1000.00
1000.00
900.00
MIL
900.00
900.00
900.00
1500.00
1500.00
900.00
900.00
900.00
900.00
900.00
900.00
900.00
1000.00
1000.00
900.00
MIL
900.00
900.00
900.00
900.00
900.00
900.00
900.00
900.00
900.00
900.00
900.00
900.00
1200.00
900.00
900.00
900.00
900.00
900.00
900.00
900.00
900.00
900.00
MIL
900.00
900.00
900.00
900.00
900.00
900.00
900.00
900.00
1000.00
1000.00
900.00
900.00
1200.00
900.00
900.00
900.00
900.00
900.00
900.00
900.00
900.00
MIL
900.00
1200.00
900.00
900.00
1000.00
900.00
900.00
900.00
900.00
900.00
1000.00
900.00
1500.00
900.00
MIL
900.00
900.00
1000.00
1000.00
1000.00
900.00
900.00
900.00
1200.00
1000.00
1000.00
MIL
900.00
900.00
1000.00
900.00
1000.00
1200.00
1200.00
1000.00
900.00
900.00
MIL
900.00
900.00
900.00
900.00
900.00
900.00
1000.00
900.00
900.00
900.00
900.00
900.00
MIL
900.00
900.00
900.00
900.00
1000.00
900.00
1500.00
900.00
900.00
900.00
900.00
900.00
900.00
900.00
900.00
MIL
900.00
900.00
900.00
900.00
900.00
900.00
900.00
900.00
1000.00
900.00
900.00
MIL
1000.00
900.00
900.00
900.00
1000.00
900.00
900.00
900.00
900.00
900.00
1200.00
MIL
900.00
900.00
900.00
900.00
1200.00
1200.00
900.00
900.00
900.00
1200.00
900.00
900.00
900.00
MIL
1200.00
900.00
900.00
900.00
1000.00
900.00
900.00
900.00
900.00
1000.00
1200.00
900.00
900.00
900.00
900.00
900.00
900.00
MIL
900.00
900.00
900.00
900.00
1500.00
900.00
900.00
1000.00
900.00
900.00
1000.00
900.00
1000.00
900.00
900.00
1000.00
1200.00
MIL
900.00
900.00
900.00
900.00
1200.00
1200.00
900.00
1500.00
1000.00
1500.00
1200.00
1000.00
900.00
900.00
900.00
900.00
MIL
900.00
900.00
900.00
900.00
1000.00
900.00
900.00
900.00
900.00
900.00
MIL
900.00
900.00
900.00
900.00
900.00
900.00
1000.00
900.00
900.00
1200.00
900.00
900.00
900.00
900.00
900.00
900.00
900.00
1000.00
900.00
900.00
900.00
MIL
900.00
900.00
900.00
900.00
900.00
900.00
900.00
900.00
900.00
900.00
900.00
900.00
900.00
1000.00
900.00
900.00
900.00
1000.00
MIL
900.00
900.00
900.00
1200.00
900.00
900.00
900.00
900.00
1000.00
900.00
1000.00
900.00
MIL
900.00
900.00
1200.00
1000.00
900.00
900.00
41377
41440
41443
41463
41514
41519
41613
41649
41680
41763
41860
41896
41903
41934
41934
42
42079
42094
42146
42172
42194
42237
42316
42391
42417
42417
42484
42485
42587
42670
42768
42781
42829
42849
43
43005
43038
43105
43115
43183
43195
43211
43251
43303
43589
43642
43779
43796
43817
43879
43936
44
44017
44052
44099
44159
44167
44256
44271
44364
44392
44433
44547
44573
44591
44631
44636
44728
44758
44801
44893
44961
44998
45
45084
45173
45194
45346
45506
45507
45559
45578
45618
45716
45980
46
46056
46210
46222
46255
46286
46329
46409
46472
46588
46627
46785
46824
46885
47
47014
47017
47136
47147
47194
47244
47276
47287
47327
47434
47475
47528
47537
47557
47616
47665
47670
47707
47712
47770
47970
47984
47990
48
48009
48101
48127
48293
48324
48333
48355
48500
48564
48590
48655
48669
48690
48911
49
49155
49179
49212
49252
49271
49282
49316
49333
49407
49435
49504
49554
49566
49587
49629
49630
49918
50
50085
50133
50170
50182
50259
50267
50338
50358
50365
50371
50424
50501
50504
50526
50541
50544
50620
50640
50641
50722
50726
50750
50775
50782
50891
50949
1000.00
900.00
900.00
900.00
1000.00
900.00
900.00
1000.00
1000.00
1200.00
900.00
900.00
900.00
900.00
900.00
MIL
5000.00
900.00
900.00
900.00
900.00
900.00
900.00
900.00
1200.00
900.00
900.00
1000.00
1000.00
1200.00
900.00
900.00
1000.00
900.00
MIL
900.00
900.00
900.00
900.00
900.00
900.00
900.00
900.00
1000.00
900.00
900.00
900.00
900.00
900.00
900.00
900.00
MIL
900.00
900.00
900.00
900.00
900.00
1000.00
900.00
1200.00
900.00
900.00
1000.00
900.00
900.00
900.00
1000.00
1200.00
900.00
1500.00
900.00
900.00
1000.00
MIL
900.00
900.00
900.00
900.00
900.00
1000.00
900.00
900.00
1200.00
900.00
1000.00
MIL
1000.00
1000.00
900.00
1000.00
900.00
900.00
900.00
900.00
1200.00
1000.00
1200.00
900.00
900.00
MIL
900.00
900.00
1000.00
900.00
900.00
900.00
900.00
900.00
900.00
900.00
900.00
900.00
1000.00
900.00
1000.00
900.00
900.00
900.00
900.00
1200.00
900.00
900.00
900.00
MIL
900.00
900.00
900.00
1000.00
900.00
900.00
900.00
1000.00
900.00
900.00
900.00
1000.00
900.00
900.00
MIL
900.00
900.00
900.00
900.00
1000.00
900.00
900.00
900.00
900.00
900.00
900.00
1000.00
1200.00
900.00
900.00
900.00
900.00
MIL
900.00
900.00
900.00
900.00
900.00
1200.00
900.00
1000.00
1200.00
1000.00
900.00
900.00
1000.00
900.00
900.00
900.00
900.00
900.00
900.00
900.00
900.00
900.00
900.00
1200.00
900.00
1000.00
JUIGALPA
C$5,100,000.00
VENDIDO POR EL
CONCESIONARIO J-231
RIGOBERTO MENDOZA
AMADOR
PREMIO
MAYOR
14185
QUINTO PREMIO
MATAGALPA
C$10,000.00
20705
CUARTO PREMIO
MANAGUA
C$20,000.00
46959
CUARTO PREMIO
MANAGUA
C$20,000.00
31930
SEGUNDO
PREMIO
MANAGUA
C$120,000.00
27289
SEGUNDO
PREMIO
MANAGUA
C$120,000.00
45402
TERCER PREMIO
33983
MANAGUA
C$50,000.00
