                                                                      SORTEO ORDINARIO Nº 1441

                                                                                                                                                          MANAGUA

                                                             5,100,000Córdobas                                                                            2 DE SEPTIEMBRE

                                                                                                                                                                      2008

                                                                                                                                                          CADUCIDAD

                                                                                                                                                          10 DE DICIEMBRE

                                                                                                                                                                      2008

                                                                                                                                                          LISTA OFICIAL

01       MIL        07487    900.00     13430    1000.00     18301    900.00      2382244  M90IL0.00   29517    1000.00     35478    1000.00     41377    1000.00     46329    900.00
                                                                                                                                                 41440    900.00
01049    900.00     07695    900.00     13445    900.00      18391    900.00                           29664    900.00      35538    900.00      41443    900.00      46409    900.00
01306    1000.00    07914    900.00     13470    900.00      18493    900.00      24089    900.00      29854    900.00      35564    900.00                           46472    900.00
01494    1000.00    0790387  M90IL0.00  13684    900.00      18558    1500.00     24092    900.00      29872    900.00      35696    1000.00     41463    900.00      46588    1200.00
                                                                                                                                                 41514    1000.00
01595    900.00                         13690    1200.00     18574    900.00      24122    900.00      29952    900.00      35728    900.00      41519    900.00      46627    1000.00
01689    900.00     08341    900.00     13841    900.00      18636    900.00      24150    900.00      2993809  M90IL0.00   35832    1000.00                          46785    1200.00
01800    900.00     08366    900.00     13858    900.00      18675    900.00      24213    900.00                           35883    900.00      41613    900.00      46824    900.00
                                                                                                                                                 41649    1000.00
01887    900.00     08368    900.00     1391642  1M20IL0.00  18787    1000.00     24216    900.00      30017    900.00      35928    900.00      41680    1000.00     46885    900.00
0190724  9M0I0L.00  08526    1000.00                         18877    1000.00     24250    900.00      30101    900.00      35935    1000.00
                    08552    900.00     14002    900.00      1881798  1M00IL0.00  24378    900.00      30146    900.00      3593967  1M20IL0.00  41763    1200.00     46959CUARTO PREMIO
                                                                                                                                                 41860    900.00
02123    1200.00    08647    900.00     14064    900.00                           24524    900.00      30255    900.00                           41896    900.00
02206    900.00     08722    1500.00    14082    900.00      19032    900.00      24534    900.00      30293    1000.00     36018    900.00
02251    900.00     08927    900.00     14161    900.00      19099    900.00      24572    900.00      30471    900.00      36159    900.00      41903    900.00
                                                                                                                                                 41934    900.00      C$20,000.00
02345    900.00     08951    900.00     14182    1000.00     19134    900.00      24589    900.00      30476    1500.00     36171    900.00                           MANAGUA
02395    1000.00    08970    900.00     14183    1000.00     19230    1000.00     24674    1200.00     30525    900.00      36254    900.00      4194324  M90IL0.00
02423    900.00     0890891  M90IL0.00  14184    2000.00     19261    900.00      24698    900.00      30556    900.00      36433    1200.00                          47       MIL
                                                                                                                                                 42079    5000.00
02488    900.00                         14185PREMIO          19285    900.00      24788    900.00      30596    900.00      36496    1200.00     42094    900.00      47014    900.00
02539    1200.00    09002    900.00                          19523    900.00      24790    900.00      30664    900.00      36509    900.00                           47017    900.00
02634    900.00     09069    900.00     MAYOR                19602    900.00      24829    900.00      30713    900.00      36630    1500.00     42146    900.00      47136    1000.00
                                                                                                                                                 42172    900.00
02774    900.00     09099    900.00                          19839    900.00      24875    900.00      30726    900.00      36686    1000.00     42194    900.00      47147    900.00
02785    900.00     09413    900.00                          19842    900.00      24882    900.00      30796    900.00      36722    1500.00                          47194    900.00
02806    900.00     09459    900.00                          1992300  M90IL0.00   24895    900.00      3093414  M90IL0.00   36853    1200.00     42237    900.00      47244    900.00
                                                                                                                                                 42316    900.00
02874    900.00     09666    900.00                                               24939    900.00                           36878    1000.00     42391    900.00      47276    900.00
0280832  9M0I0L.00  09669    900.00                          20056    900.00      2492557  M90IL0.00   31096    900.00      36893    900.00                           47287    900.00
                    09804    900.00                          20110    900.00                           31255    900.00      36909    900.00      42417    1200.00     47327    900.00
                                                                                                                                                 42417    900.00
03115    900.00     09882    900.00                          20125    900.00      25014    900.00      31256    900.00      36979    900.00      42484    900.00      47434    900.00
03158    900.00     09941    900.00                          20179    900.00      25038    900.00      31263    900.00      3693974  M90IL0.00                        47475    900.00
03172    900.00     0991906  M90IL0.00                       20196    900.00      25112    900.00      31301    900.00                           42485    1000.00     47528    900.00
                                        C$ 5,100,000.00                                                                                          42587    1000.00
03258    900.00                                              20205    1000.00     25183    900.00      31367    900.00      37077    900.00      42670    1200.00     47537    1000.00
03306    900.00     10031    900.00                          20252    1000.00     25191    900.00      31422    900.00      37104    900.00                           47557    900.00
03306    900.00     10043    900.00                          20263    1200.00     25224    900.00      31465    900.00      37164    900.00      42768    900.00      47616    1000.00
                                        VENDIDO POR EL                                                                                           42781    900.00
03322    900.00     10168    900.00                          20278    900.00      25284    900.00      31643    1000.00     37456    900.00                           47665    900.00
03709    900.00     10267    900.00     CONCESIONARIO J-231  20297    900.00      25287    900.00      31698    900.00      37605    1000.00     42829    1000.00     47670    900.00

03800    900.00     10290    900.00     RIGOBERTO MENDOZA    20356    900.00      25289    1000.00     31873    900.00      37662    900.00      4284439  M90IL0.00   47707    900.00

03842    900.00     10320    900.00            AMADOR        20412    900.00      25404    1000.00     31930CUARTO PREMIO   37696    900.00                           47712    900.00
                                        JUIGALPA
03853    900.00     10458    1000.00                         20462    900.00      25441    900.00                           37853    900.00      43005    900.00      47770    1200.00
                                                                                                                                                 43038    900.00
0390240  9M0I0L.00  10481    900.00                          20477    900.00      25475    900.00                           37908    900.00      43105    900.00      47970    900.00
                    10503    900.00     14186    2000.00     20555    900.00      25547    1200.00                          3793180  M90IL0.00                        47984    900.00
04128    1000.00    10507    900.00     14187    1000.00     20595    900.00      25584    900.00      C$20,000.00                               43115    900.00      4794980  M90IL0.00
                                                                                                       MANAGUA
04165    900.00     10532    900.00     14188    1000.00     20694    900.00      25747    900.00                           38102    900.00      43183    900.00
                                                                                                       32       MIL                              43195    900.00
04169    1000.00    10564    900.00     14195    900.00      20696    900.00      25749    900.00                           38134    900.00      43211    900.00      48009    900.00
04195    900.00     10569    900.00     14240    900.00                           25767    900.00      32010    1000.00     38139    900.00                           48101    900.00
04206    1000.00    10780    900.00     14386    900.00      20705QUINTO PREMIO   25846    900.00      32098    900.00      38155    900.00      43251    900.00      48127    900.00
                                                                                                                                                 43303    1000.00
04209    900.00     10897    900.00     14693    1200.00                          25884    900.00      32131    900.00      38205    900.00      43589    900.00      48293    1000.00
04245    900.00     1091118  M90IL0.00  14721    1000.00                          25887    900.00      32150    900.00      38224    900.00                           48324    900.00
04258    900.00                         1491457  M90IL0.00   C$10,000.00          2592162  M90IL0.00   32263    1000.00     38247    1000.00     43642    900.00      48333    900.00
                                                             MATAGALPA
04460    900.00     11054    900.00                                                                    32318    900.00      38288    900.00      43779    900.00      48355    900.00
                                                                                                                                                 43796    900.00
04501    900.00     11071    900.00     15042    900.00      20747    900.00      26010    900.00      32406    900.00      38346    900.00      43817    900.00      48500    1000.00
04554    900.00     11115    1000.00    15139    1200.00     20764    1000.00     26039    1200.00     32550    900.00      38348    1200.00                          48564    900.00
04626    900.00     11116    900.00     15174    900.00      20856    900.00      26127    900.00      32720    900.00      38490    900.00      43879    900.00      48590    900.00
                                                                                                                                                 4394346  M90IL0.00
04652    900.00     11122    900.00     15223    900.00      20925    900.00      26151    900.00      32797    900.00      38495    900.00                           48655    900.00
04775    1000.00    11135    900.00     15240    900.00      20958    1000.00     26298    1000.00     3283538  1M20IL0.00  38511    900.00                           48669    1000.00
04845    1500.00    11223    900.00     15260    1000.00     20964    900.00      26365    900.00                           38573    900.00      44017    900.00      48690    900.00
                                                                                                                                                 44052    900.00
04926    1000.00    11276    900.00     15426    900.00      20990    900.00      26380    900.00      33004    900.00      38671    900.00      44099    900.00      4894119  M90IL0.00
0490657  9M0I0L.00  11328    1000.00    15516    900.00      2092912  M90IL0.00   26394    900.00      33146    900.00      38682    900.00
                    11382    900.00     15773    900.00                           26481    900.00      33175    900.00      38738    900.00      44159    900.00      49155    900.00
                                                                                                                                                 44167    900.00
05010    900.00     11544    900.00     15957    1000.00     21017    900.00      26515    900.00      33284    900.00      38803    1000.00     44256    1000.00     49179    900.00
05011    900.00     11585    900.00     15975    900.00      21035    900.00      26591    1000.00     33394    1200.00     38895    900.00                           49212    900.00
05053    900.00     11596    900.00     1591866  M90IL0.00   21172    1000.00     26697    900.00      33409    1200.00     38942    900.00      44271    900.00      49252    900.00
                                                                                                                                                 44364    1200.00
05119    900.00     11648    1200.00                         21306    1200.00     26727    1500.00     33603    900.00      3893591  M90IL0.00   44392    900.00      49271    1000.00
05142    900.00     11802    900.00     16007    900.00      21341    900.00      2672679  M90IL0.00   33609    900.00                                                49282    900.00
05237    900.00     11931    900.00     16060    900.00      21405    900.00                           33658    900.00      39112    900.00      44433    900.00      49316    900.00
                                                                                                                                                 44547    1000.00
05282    900.00     1191602  M90IL0.00  16071    900.00      21451    900.00      27007    900.00      33677    1200.00     39129    900.00      44573    900.00      49333    900.00
05298    900.00                         16137    900.00      21454    1200.00     27211    900.00      33715    900.00      39133    900.00                           49407    900.00
05451    900.00     12027    1000.00    16185    900.00      21466    900.00                           33798    900.00      39138    900.00      44591    900.00      49435    900.00
                                                                                  27289SEGUNDO                                                   44631    900.00
05469    5000.00    12048    900.00     16195    900.00      21570    900.00      PREMIO               33983TERCER PREMIO   39308    900.00                           49504    900.00

05543    900.00     12177    900.00     16280    900.00      21650    900.00                                                39330    900.00      44636    1000.00     49554    1000.00
                                                                                                                                                 44728    1200.00
05619    1000.00    12234    900.00     16400    900.00      21671    900.00                                                39363    900.00      44758    900.00      49566    1200.00
05681    900.00     12275    900.00     16462    900.00      21743    900.00                                                39379    900.00                           49587    900.00
05705    5000.00    12380    900.00     16690    900.00      21799    900.00                                                39381    900.00      44801    1500.00     49629    900.00
                                                                                  C$120,000.00         C$50,000.00                               44893    900.00
05747    900.00     12401    900.00     16692    900.00      21804    900.00                           MANAGUA              39389    900.00                           49630    900.00
05771    900.00     12425    900.00     16711    900.00      2192626  M90IL0.00   MANAGUA                                   39416    900.00      44961    900.00      4995108  M90IL0.00

0590564  9M0I0L.00  12503    1200.00    16734    1000.00                          27323    1000.00     3393941  M90IL0.00   39427    900.00      4494958  1M00IL0.00
                    12527    1000.00    16743    900.00      22016    900.00      27371    1000.00                          39568    900.00                           50085    900.00
06030    1200.00    12534    900.00     16757    900.00      22089    1000.00     27441    1000.00     34081    1200.00     39636    1000.00     45084    900.00      50133    900.00
                                                                                                                                                 45173    900.00
06107    1000.00    12549    900.00     16798    900.00      22106    900.00      27478    900.00      34191    900.00      39642    900.00      45194    900.00      50170    900.00
06124    900.00     12585    1200.00    16824    900.00      22147    900.00      27518    900.00      34226    900.00      39726    900.00                           50182    900.00
06217    1200.00    12604    1000.00    16854    1000.00     22159    900.00      27768    900.00      34235    900.00      39730    900.00      45346    900.00      50259    900.00

06327    900.00     12630    900.00     16860    900.00      22235    900.00      27772    1200.00     34329    1000.00     3984900  1M00IL0.00  45402SEGUNDOPREMIO   50267    1200.00
06391    900.00     12641    900.00     1691173  M90IL0.00   22358    900.00      27870    1000.00     34339    900.00                                                50338    900.00
06406    900.00     12645    900.00                          22440    900.00      2792118  1M00IL0.00  34362    900.00      40224    900.00                           50358    1000.00
06490    1500.00    12713    1200.00    17030    900.00      22524    1000.00                          34447    900.00      40244    900.00                           50365    1200.00
06563    900.00     12815    900.00     17059    900.00      22855    1000.00     28087    900.00      34461    900.00      40249    900.00                           50371    1000.00
06582    900.00     12816    900.00     17183    900.00      2292132  M90IL0.00   28177    900.00      34463    1000.00     40291    1200.00                          50424    900.00
06659    900.00     12871    900.00     17244    1000.00                          28345    1000.00     34500    1200.00     40306    900.00      C$120,000.00         50501    900.00
                                                                                                                                                 MANAGUA
06772    900.00     12909    900.00     17483    900.00      23029    900.00      28491    900.00      34535    900.00      40351    900.00                           50504    1000.00
06836    900.00     1291635  M90IL0.00  17486    900.00      23039    900.00      28514    1000.00     34542    900.00      40401    900.00      45506    900.00      50526    900.00
                                                                                                                                                 45507    1000.00
06899    900.00                         17605    900.00      23048    900.00      28559    1200.00     34578    900.00      40409    900.00      45559    900.00      50541    900.00
06951    900.00     13041    900.00     17803    900.00      23100    1500.00     28724    1200.00     34640    900.00      40465    1000.00                          50544    900.00
0690679  9M0I0L.00  13080    1200.00    17845    900.00      23256    1500.00     28730    1000.00     34769    900.00      40549    900.00      45578    900.00      50620    900.00
                                                                                                                                                 45618    1200.00
                    13104    1200.00    17900    900.00      23261    900.00      28809    900.00      3483957  M90IL0.00   40598    1000.00     45716    900.00      50640    900.00
07007    1000.00    13144    1000.00    17920    900.00      23316    900.00      2892197  M90IL0.00                        4064217  M90IL0.00                        50641    900.00
07154    1200.00    13177    1000.00    17991    900.00      23345    900.00                           35067    900.00                           4594860  1M00IL0.00  50722    900.00
07166    900.00     13269    900.00     1791985  M90IL0.00   23526    900.00      29095    900.00      35153    900.00      41044    900.00                           50726    900.00
07301    1000.00    13283    900.00                          23606    900.00      29174    900.00      35188    900.00      41118    900.00      46056    1000.00     50750    900.00
                                                                                                                                                 46210    1000.00
07370    900.00     13327    900.00     18096    900.00      23609    900.00      29244    900.00      35205    900.00      41188    1200.00     46222    900.00      50775    900.00
07388    900.00     13337    900.00     18173    900.00      23741    900.00      29303    900.00      35293    1500.00     41250    1000.00                          50782    1200.00
07400    1000.00    13403    900.00     18203    900.00      23743    1000.00     29382    900.00      35457    900.00      41275    900.00      46255    1000.00     50891    900.00
                                                                                                                                                 46286    900.00
07401    900.00     13424    1000.00    18264    900.00      23808    1000.00     29442    900.00      35473    900.00      41318    900.00                           50949    1000.00

NOTA: LOS BILLETES TERMINADOS EN 4185 GANAN C$4,800.00, LOS TERMINADOS EN 185 GANAN C$2,400.00, LOS TERMINADOS EN 85 GANAN

C$1,200.00, LOS TERMINADOS EN 5 GANAN C$600.00. TODOS LOS NUMEROS DE LA PRESENTE LISTA Y QUE A LA VEZ TENGAN TERMINACIONES

DEL PREMIO MAYOR TIENEN DERECHO AL PREMIO Y A LA TERMINACION. SE EXCEPTUA AL PREMIO MAYOR EN TODAS LAS TERMINACIONES.

         ESTA LISTA ES GRATIS · VISITE WWW.LOTERIANACIONAL.COM.NI
