                                                              SORTEO ORDINARIO Nº 1443

                                                                                                                                              MANAGUA

                                                       5,000,000Córdobas                                                                      30 DE SEPTIEMBRE

                                                                                                                                                       2008

                                                                                                                                              CADUCIDAD

                                                                                                                                              7 DE ENERO

                                                                                                                                                       2009

                                                                                                                                              LISTA OFICIAL

01     MIL           05215  850.00   12693  850.00     19733  850.00   24780  850.00       29867  850.00       35736  850.00           40207  850.00   46119CUARTO PREMIO
                                                                                           30     MIL
01034  850.00        05424  850.00   12718  850.00     19784  850.00   24791  850.00                           35741  850.00           40304  850.00

01070  850.00        05505  850.00   12726  850.00     19827  850.00   24901  850.00       30151  850.00       35900  900.00           40389  850.00
                                                       20     MIL                                              36     MIL
01345  850.00        05825  850.00   12768  850.00                     24913  850.00       30547  850.00                               40925  850.00   C$50,000.00
                                                                                                                                       41     MIL      MANAGUA
01407  850.00        05851  850.00   12809  850.00     20061  850.00   24944  850.00       30576  850.00       36067  850.00

01422  850.00        05952  850.00   12827  850.00     20063  850.00   24998  850.00       30905  850.00       36093  850.00           41011  850.00   46187  1000.00
                                                                       25     MIL
01450  900.00        05954  850.00   12956  850.00     20087  850.00                       30939  850.00       36136  850.00           41036  850.00   46216  850.00
                     06     MIL      13     MIL
01521  850.00                                          20283  850.00   25054  850.00       30962  850.00       36145  850.00           41072  850.00   46218  850.00

01648  850.00        06230  850.00   13096  850.00     20402  850.00   25058  850.00       30999  850.00       36231  900.00           41153  850.00   46250  850.00
                                                                                           31     MIL
01774  850.00        06243  850.00   13155  850.00     20441  850.00   25073CUARTO PREMIO                      36349  850.00           41153  850.00   46262  850.00

01779  850.00        06382  850.00   13193  850.00     20693  850.00                       31068  850.00       36350  850.00           41162  850.00   46424  850.00

01954  850.00        06432  850.00   13235  850.00     20722  850.00                       31074  850.00       36427QUINTO PREMIO      41339  850.00   46441  850.00
02     MIL                                             21     MIL
                     06433  1000.00  13416  850.00                                         31207  850.00                               41351  850.00   46472  850.00

02022  850.00        06458  850.00   13445  850.00     21073  850.00   C$50,000.00         31212  850.00                               41500  850.00   46526  850.00

02034  850.00        06474  900.00   13458  850.00     21080  850.00   OCOTAL              31265  850.00                               41513  850.00   46594  850.00

02091  900.00        06517  850.00   13483  850.00     21095  850.00                       31463  850.00       CHCI$N25A,0N0D0.E0G0 A  41536  850.00   46651  850.00

02133  850.00        06564  900.00   13545  850.00     21132  850.00   25149  850.00       31478  850.00                               41577  900.00   46704  850.00

02197  850.00        06696  850.00   13627  850.00     21185  850.00   25263  900.00       31652  850.00                               41579  850.00   46709  850.00

02200  850.00        06827  850.00   13692  850.00     21242  850.00   25311  5000.00      31733  850.00       36500  850.00           41581  850.00   46815  850.00
                                                                                                                                                       47     MIL
02421  850.00        06916  850.00   13760  850.00     21389  850.00   25347  850.00       31939  850.00       36684  850.00           41595  850.00
                     07     MIL                                                            32     MIL
02473  850.00                        13945  850.00     21398  900.00   25435  900.00                           36746  850.00           41647  850.00   47119  850.00
                                     14     MIL
02563  850.00        07001  900.00                     21496  850.00   25649  850.00       32031  850.00       36763  850.00           41675  850.00   47196  850.00

02570  850.00        07019  850.00   14052  850.00     21546  850.00   25687  850.00       32064  850.00       36830  850.00           41695  850.00   47216  900.00
                                                                                                               37     MIL
02599  850.00        07253  850.00   14111  850.00     21581  850.00   25794  850.00       32150  850.00                               41740  850.00   47229  850.00
03     MIL
                     07293  850.00   14235  850.00     21663  850.00   25800  850.00       32213  900.00       37065  850.00           41958  850.00   47273  850.00

03088  850.00        07322  850.00   14375  850.00     21687  850.00   25863  1000.00      32311  850.00       37076  850.00           41965  850.00   47292  850.00
                                                                                                                                       42     MIL
03351  850.00        07356  850.00   14451  850.00     21711  850.00   25933  850.00       32359  850.00       37085  850.00                           47303  850.00
                                                                       26     MIL
03390  850.00        07408  850.00   14576  850.00     21722  850.00                       32552  850.00       37164  850.00           42004  900.00   47400  850.00

03415  850.00        07430  850.00   14581  850.00     21759  850.00   26065  850.00       32639  850.00       37268  850.00           42166  850.00   47439  850.00

03424  850.00        07594  850.00   14594  850.00     21798  850.00   26177  850.00       32791  850.00       37286  850.00           42175  850.00   47494  850.00

03433  850.00        07854  850.00   14770  850.00     21837  850.00   26206  850.00       32798  850.00       37331  850.00           42321  850.00   47534  850.00

03433  850.00        07962  850.00   14779  850.00     21856  850.00   26206  850.00       32814  900.00       37367  850.00           42372  850.00   47640  850.00
                     08     MIL                                                            33     MIL
03445  850.00                        14955  850.00     21924  850.00   26292  850.00                           37422  850.00           42399  850.00   47727  850.00

03505  850.00        08013  850.00   14957  850.00     21989  850.00   26310  850.00       33015  850.00       37458  850.00           42401  850.00   47797  850.00
                                     15     MIL        22     MIL
03583  850.00        08237  850.00                                     26412  850.00       33050  850.00       37499  850.00           42474  850.00   47933  850.00

03608  850.00        08269  850.00   15105  850.00     22149  850.00   26421  850.00       33114  850.00       37639  850.00           42497  850.00   47974  850.00
                                                                                                                                                       48     MIL
03626  850.00        08325  850.00   15155  850.00     22228  850.00   26528  850.00       33121  850.00       37655  850.00           42804  850.00

03779  850.00        08454  850.00   15335  850.00     22337  850.00   26723  850.00       33207  900.00       37692  850.00           42842  850.00   48321  850.00

03939  850.00        08455  850.00   15472  850.00     22391  850.00   26747  850.00       33289  850.00       37767  850.00           42883  850.00   48409  850.00

03957  850.00        08546  850.00   15518  850.00     22413  850.00   26847  850.00       33539  850.00       37771  850.00           42897  850.00   48434  850.00
04     MIL                                                                                                                             43     MIL
                     08584  850.00   15588  850.00     22494  900.00   26875  850.00       33553  850.00       37805  850.00                           48460  850.00
                                                                                                               38     MIL
04030  850.00        08613  850.00   15646  850.00     22547  850.00   26960  850.00       33788  850.00                               43039  850.00   48484  850.00
                                                                       27     MIL
04041  1250.00       08688  850.00   15659  850.00     22704  850.00                       33811  850.00       38026  850.00           43124  850.00   48505  850.00

04042  1250.00       08868  850.00   15683  850.00     22760  850.00   27150  850.00       33887  850.00       38232  850.00           43200  850.00   48507  850.00

04043  2500.00       08912  850.00   15762  850.00     22846  850.00   27203  850.00       33982  850.00       38243  850.00           43208  850.00   48605  850.00
                     09     MIL                                                            34     MIL
PREMIO                               15875  850.00     22883  850.00   27221  850.00                           38344  850.00           43269  850.00   48663  850.00
                                     16     MIL
04044MAYOR           09062  850.00                     22930  850.00   27450  850.00       34002  850.00       38420  850.00           43333  850.00   48762  850.00
                                                       23     MIL
                     09104  850.00   16120  850.00                     27465  850.00       34129  850.00       38444  850.00           43407  900.00   48769  850.00

                     09324  850.00   16144  10,000.00  23021  900.00   27482  850.00       34202  850.00       38459  850.00           43520  5000.00  48962  850.00

                     09381  850.00   16148  850.00     23037  850.00   27533  850.00       34231  850.00       38525  850.00           43527  850.00   48991  850.00

                     09389  850.00   16437  850.00     23213  850.00   27536  900.00       34333  850.00       38697  850.00           43733  850.00   48993  850.00

                     09411  850.00   16590  850.00     23254  850.00   27614  850.00       34373  850.00       38772SEGUNDO            43812  850.00   48995  850.00
                                                                                                                                                       49     MIL
                     09452  850.00   16650  850.00     23282  900.00   27697  850.00       34426  850.00       PREMIO                  43899  850.00

                     09473  850.00   16726  850.00     23346  850.00   27739  850.00       34431  850.00                               43933  900.00   49023  850.00

                     09781  850.00   16807  850.00     23414  850.00   27755  850.00       34453  850.00                               43936  850.00   49343  850.00

C$ 5,000,000.00      09783  850.00   16846  850.00     23421  850.00   27778  850.00       34509  850.00                               43967  850.00   49403  850.00
                     10     MIL      17     MIL
                                                       23572  850.00   27852  850.00       34536  850.00                               43996  850.00   49403  850.00
                                                                                                                                       44     MIL
                     10004  850.00   17049  850.00     23581  900.00   27866  850.00       34632TERCER PREMIO                                          49447  850.00

VENDIDO POR LA       10103  850.00   17143  850.00     23642  850.00   27917  850.00                                                   44104  850.00   49499  1000.00

CONCESIONARIA A-888  10238  850.00   17331  850.00     23657  850.00   27936  850.00                                                   44145  850.00   49512  850.00

MARIA AUXILIADORA    10373  850.00   17578  850.00     23901  850.00   27941  850.00                           C$125,000.00            44173  850.00   49528  850.00

ORTEGA GARCIA        10506  850.00   17655  850.00     23904  850.00   27975  850.00                                                   44216  850.00   49546  850.00

MANAGUA              10544  850.00   17754  850.00     24     MIL      28     MIL          C$100,000.00        MANAGUA                 44230  850.00   49579  850.00

                     10774  850.00   17920  850.00     24005  850.00   28001  850.00                                                   44257  900.00   49604  850.00

04045  2500.00       10832  850.00   17933  850.00     24180  850.00   28033  850.00       MANAGUA             38842  850.00           44305  850.00   49608  850.00
                                     18     MIL
04046  1250.00       10865  850.00                     24194  850.00   28087  850.00                           38877  850.00           44435  850.00   49712  1000.00

04047  1250.00       10916  850.00   18036  850.00     24244SEGUNDO    28097  850.00       34685  850.00       38909  900.00           44600  900.00   49720  850.00
                     11     MIL
04084  900.00                        18108  900.00     PREMIO          28100  850.00       34787  850.00       38961  850.00           44611  850.00   49744  850.00

04105  850.00        11078  850.00   18145  850.00                     28201  850.00       34877  850.00       38975  850.00           44691  850.00   49866  850.00

04165  850.00        11096  850.00   18503  850.00                     28296  850.00       34967  850.00       38987  850.00           44706  900.00   49966  850.00
                                                                                           35     MIL          39     MIL                              50     MIL
04234  850.00        11101  850.00   18585  850.00                     28417  850.00                                                   44745  850.00

04284  850.00        11114  850.00   18676  850.00                     28465  850.00       35031  850.00       39051  850.00           44834  850.00   50003  850.00

04432  850.00        11142  850.00   18800  850.00                     28468  850.00       35156  850.00       39060  850.00           44992  850.00   50028  850.00
                                     19     MIL                                                                                        45     MIL
04457  850.00        11233  850.00                                     28470  1000.00      35208  850.00       39099  850.00                           50036  850.00

04491  850.00        11361  850.00   19002  850.00     C$125,000.00    28594  850.00       35214  850.00       39379  850.00           45027  850.00   50084  850.00

04617  850.00        11367  850.00   19015  850.00                     28676  850.00       35273  850.00       39455  850.00           45327  850.00   50282  900.00

04692  850.00        11410  850.00   19085  850.00     GRANADA         28741  850.00       35295  850.00       39469  850.00           45403  850.00   50343  850.00

04740  850.00        11467  850.00   19170  850.00                     28755  850.00       35334  850.00       39612  850.00           45558  850.00   50357  850.00

04761  850.00        11584  850.00   19209  850.00                     28988  850.00       35342  850.00       39724  850.00           45625  850.00   50511  850.00
                                                                       29     MIL
04903  850.00        11687  850.00   19308  850.00     24285  900.00                       35343  850.00       39766  850.00           45753  850.00   50537  850.00

04920  850.00        11744  850.00   19397  850.00     24309  1000.00  29251  850.00       35387  850.00       39803  850.00           45806  850.00   50587  850.00
                     12     MIL                                                                                40     MIL
04962  850.00                        19415  850.00     24406  850.00   29325  850.00       35440  850.00                               45847  850.00   50598  850.00

04977  850.00        12208  850.00   19456  850.00     24422  850.00   29386  900.00       35456  850.00       40045  850.00           45868  850.00   50653  850.00
05     MIL                                                                                                                             46     MIL
                     12485  850.00   19551  850.00     24561  850.00   29539  850.00       35636  850.00       40064  850.00                           50812  850.00

05062  850.00        12617  850.00   19648  850.00     24592  850.00   29836  850.00       35676  850.00       40109  850.00           46035  900.00   50833  900.00

05069  850.00        12685  900.00   19680  850.00     24705  850.00   29839  850.00       35735  850.00       40153  850.00           46116  850.00   50836  850.00

NOTA: LOS BILLETES TERMINADOS EN 4044 GANAN C$6,400.00, LOS TERMINADOS EN 044 GANAN C$3,200.00, LOS TERMINADOS EN 44 GANAN

C$1,600.00, LOS TERMINADOS EN 4 GANAN C$800.00. TODOS LOS NUMEROS DE LA PRESENTE LISTA Y QUE A LA VEZ TENGAN TERMINACIONES

DEL PREMIO MAYOR TIENEN DERECHO AL PREMIO Y A LA TERMINACION. SE EXCEPTUA AL PREMIO MAYOR EN TODAS LAS TERMINACIONES.

       ESTA LISTA ES GRATIS · VISITE WWW.LOTERIANACIONAL.COM.NI
