                                                          SORTEO ORDINARIO Nº 1447

                                                                                                                                    MANAGUA

                                                   7,500,000Córdobas                                                                25 DE NOVIEMBRE

                                                                                                                                                 2008

                                                                                                                                    CADUCIDAD

                                                                                                                                    04 DE MARZO

                                                                                                                                                 2009

                                                                                                                                    LISTA OFICIAL

01     MIL     07424  850.00       11833  850.00   18355  850.00         23932  850.00   30503  850.00        34198  850.00  40312CUARTO PREMIO  44362  850.00
                                                                         24     MIL
01093  850.00  07428  850.00       11994  900.00   18564  850.00                         30603  850.00        34377  850.00                      44398  850.00
                                   12     MIL
01145  850.00  07499  850.00                       18574  850.00         24039  850.00   30698  850.00        34424  850.00                      44431  850.00

01149  850.00  07519  850.00       12014  850.00   18611  850.00         24092  850.00   30741  850.00        34426  850.00                      44548  850.00

01310  850.00  07529  850.00       12117  900.00   18657  850.00         24332  850.00   30755  850.00        34844  850.00  C$50,000.00         44556  850.00

01314  850.00  07538  850.00       12141  850.00   18690  850.00         24411  850.00   30781  850.00        34924  850.00  MANAGUA             44562  850.00
                                                                                                              35     MIL
01371  850.00  07539  900.00       12314  850.00   18713  850.00         24498  850.00   30859  850.00                                           44568  850.00
                                                                                                                             40417  850.00
01410  850.00  07545  850.00       12381  850.00   18771  850.00         24612  850.00   30897  850.00        35023  850.00                      44714  900.00
                                                                                                                             40420  850.00
01437  850.00  07579  850.00       12543  850.00   18825  850.00         24617  850.00   30904  850.00        35028  850.00                      44750  850.00
                                                                                         31     MIL                          40440  850.00
01587  850.00  07610  850.00       12591  850.00   18976  850.00         24676  850.00                        35056  900.00                      44768  850.00
                                                   19     MIL                                                                40625  850.00
01653  900.00  07669  850.00       12622  850.00                         24867  850.00   31002  850.00        35092  850.00                      44919  850.00
                                                                         25     MIL                                          40768  850.00       45     MIL
01724  850.00  07689  1000.00      12666  850.00   19012  850.00                         31054  850.00        35170  900.00
                                                                                                                             40788  850.00
01727  850.00  07715  850.00       12687  900.00   19026  850.00         25058  850.00   31062  850.00        35188  850.00                      45084  850.00
                                                                                                                             40848  850.00
01772  850.00  07773  850.00       12692  850.00   19036  850.00         25141  850.00   31113  850.00        35543  850.00                      45133  850.00
                                                                                                                             40951  850.00
01814  850.00  07833  850.00       12788  850.00   19042  850.00         25170  850.00   31117  850.00        35613  850.00  41     MIL          45296  850.00
                                   13     MIL
01857  850.00  07838  850.00                       19043  850.00         25238  850.00   31277  850.00        35647  850.00                      45308  850.00
02     MIL     08     MIL                                                                                                    41178  850.00
                                   13040  850.00   19125  850.00         25359  850.00   31296 10,000.00      35710  850.00                      45407  850.00
                                                                                                                             41201  850.00
02017  850.00  08000  850.00       13087  850.00   19127  850.00         25362  1000.00  31346  900.00        35797  850.00                      45456  850.00
                                                                                                                             41250  850.00
02029  850.00  08252  850.00       13129  850.00   19143  850.00         25424  1000.00  31411  850.00        35810  850.00                      45534  850.00
                                                                                                                             41254  850.00
02082  850.00  08393  850.00       13321  850.00   19169  850.00         25847  850.00   31607  850.00        35810  850.00                      45598  850.00
                                                                                                                             41297  850.00
02137  900.00  08400  850.00       13330  850.00   19172  850.00         25877  850.00   31649  850.00        35919  850.00                      45642  850.00
                                                                                                                             41338  850.00
02143  850.00  08406  850.00       13665  850.00   19231  850.00         25903  850.00   31699  850.00        35925  850.00                      45648  850.00
                                                                                                                             41375  850.00
02239  850.00  08472  850.00       13679  850.00   19346  850.00         25989  850.00   31770  850.00        35965  850.00                      45739  850.00
                                                                         26     MIL                           36     MIL     41526  850.00
02398  850.00  08497  850.00       13746  850.00   19601  850.00                         31873  850.00                                           45861  850.00
                                                                                                                             41556  850.00
02401  850.00  08559  850.00       13823  850.00   19619  850.00         26070  850.00   31928  850.00        36251  850.00                      45948  850.00
                                                                                                                             41702  900.00       46     MIL
02512  850.00  08583  850.00       13890  850.00   19668  850.00         26073  850.00   31931  850.00        36257  850.00
                                                                                         32     MIL                          41741  850.00
02626  850.00  08611  850.00       13948  850.00   19745  850.00         26135  850.00                        36280  850.00                      46419  850.00
                                   14     MIL                                                                                41743  850.00
02680  850.00  08620  850.00                       19787  900.00         26351  850.00   32022  850.00        36411  850.00                      46592  850.00

02714  850.00  08640  850.00       14029  850.00   19864  900.00         26436  850.00   32271  850.00        36534  850.00  41819TERCER PREMIO  46741  850.00
                                                   20     MIL
02783  850.00  08672  850.00       14189  850.00                         26460  850.00   32321  850.00        36677  850.00                      46929  850.00

02862  850.00  08738  850.00       14246  850.00   20236  850.00         26473  850.00   32371  850.00        36702  850.00                      46932  850.00

02912  850.00  08857  850.00       14292  1000.00  20284  850.00         26638  850.00   32422  850.00        36790  850.00                      46952  850.00
                                                                                                                                                 47     MIL
02920  850.00  08877  850.00       14314  850.00   20329  850.00         26702  850.00   32437  850.00        36802  850.00
03     MIL
               08877  850.00       14342  850.00   20336  850.00         26715  850.00   32453  850.00        36930  850.00                      47022  850.00

03176  850.00  08885  850.00       14374  850.00   20497  850.00         26723  850.00   32550  850.00        36943  850.00                      47050  850.00
               09     MIL                                                                                     37     MIL     C$100,000.00
03208  900.00                      14375  850.00   20554  850.00         26801  850.00   32616  850.00                                           47065  850.00
                                                                         27     MIL
03275  850.00  09031  850.00       14449  850.00   20658  850.00                         32671  850.00        37002  850.00  MANAGUA             47068  850.00

03321  850.00  09056  850.00       14550  900.00   20792  850.00         27279  850.00   32888  850.00        37118  850.00                      47143  850.00

03322  850.00  09207  850.00       14607  850.00   20880  850.00         27314  850.00   32914  850.00        37182  850.00                      47289  850.00
                                                                                         33     MIL                          41883  850.00
03424  850.00  09312  850.00       14618  900.00   20883  850.00         27351  850.00                        37235  900.00                      47385  850.00
                                                   21     MIL                                                                41926  850.00
03455  850.00  09313  850.00       14620  850.00                         27368  900.00   33011  850.00        37239  850.00  42     MIL          47422  900.00

03483  850.00  09317  850.00       14657  850.00   21038  850.00         27376  850.00   33110  850.00        37493  850.00  42094  850.00       47458  850.00

03489  850.00  09333  900.00       14832  850.00   21045  850.00         27382  850.00   33182  850.00        37510  850.00  42202  850.00       47462  850.00

03645  850.00  09359  850.00       14981  850.00   21090  850.00         27411  850.00   33204  850.00        37587  850.00  42264  850.00       47573  850.00

03864  850.00  09387  850.00       14999  850.00   21183  850.00         27466  850.00   33239  850.00        3759237588850.00                   47600  900.00
                                   15     MIL                                                                                42324  850.00
03865  850.00  09403  850.00                       21298  850.00         27498  850.00   33260  1250.00                                          47803  850.00
04     MIL                                                                                                                   42337  850.00
               09463QUINTO PREMIO  15017  850.00   21364  850.00         27548  850.00   33261  1250.00                                          47889  850.00
                                                                                                                             42566  850.00       48     MIL
04004  850.00                      15085  850.00   21491  850.00         27568  850.00   33262  2500.00
                                                                                                                             42638  850.00
04173  850.00                      15336  850.00   21591  850.00         27662  900.00   PREMIO                                                  48040  850.00
                                                                                                                             42648  850.00
04197  850.00                      15554  900.00   21596CUARTO PREMIO    27765  850.00   33263MAYOR                                              48045  850.00
               MC$A2N5,A00G0U.0A0                                                                                            42664  850.00
04308  850.00                      15559  850.00                         27772  850.00                                                           48067  850.00
                                                                                                                             42701  850.00
04379  850.00                      15569  850.00                         27773  850.00                        C$125,000.00                       48221  850.00
                                                                         28     MIL                                          4297342719850.00
04563  850.00                      15712  850.00                                                              MANAGUA                            48269  850.00

04789  850.00  09473  900.00       15839  850.00   MC$A5T0A,0G0A0L.0P0A  28015  850.00                                                           48302  850.00

04850  850.00  09510  900.00       15937  850.00                         28055  850.00                                                           48353  850.00
                                   16     MIL
04930  850.00  09532  850.00                                             28167  850.00                        37600  850.00                      48372  850.00
05     MIL
               09600  850.00       16105  900.00   21601  850.00         28169  850.00                        37638  850.00                      48439  850.00

05022  900.00  09708  850.00       16167  850.00   21741  850.00         28234  850.00                        37655  850.00                      48470  850.00

05086  850.00  09723  850.00       16620  850.00   21742  850.00         28287  850.00   C$ 7,500,000.00      37752  850.00                      48471  850.00
                                                                                                              38     MIL
05088  850.00  09789  850.00       16672  850.00   21842  850.00         28356  850.00                                       C$125,000.00        48677  850.00

05282  850.00  09912  850.00       16730  850.00   21874  850.00         28369  850.00                        38033  850.00                      48690  850.00
                                                   22     MIL
05286  850.00  09913  850.00       16766  850.00                         28409  850.00                        38045  850.00  LEON                48731  850.00
               10     MIL                                                                VENDIDO POR EL
05383  850.00                      16804  850.00   22023  850.00         28450  850.00                        38087  850.00                      48904  850.00
                                                                                         CONCESIONARIO A-831
05434  850.00  10145  850.00       16811  850.00   22070  850.00         28644  850.00                        38330  900.00                      48938  850.00
                                                                                         MANUEL SALVADOR                     43     MIL          49     MIL
05455  900.00  10224  850.00       16859  850.00   22083  850.00         28734  850.00                        38363  850.00
                                   17     MIL                                            CONTRERAS LOPEZ                     43096  850.00
05472  850.00  10266  850.00                       22114  850.00         28869  900.00                        38497  850.00                      49147  850.00
                                                                                         MANAGUA                             43216  850.00
05486  850.00  10286  850.00       17063  850.00   22181  850.00         28942  850.00                        38606  850.00                      49315  850.00
                                                                                                                             43286  850.00
05748  850.00  10354  1000.00      17154  850.00   22204  850.00         28973  850.00                        38694  850.00                      49346  850.00
                                                                         29     MIL                                          43309  850.00
05804  850.00  10560  850.00       17230  850.00   22227  850.00                         33264  2500.00       38760  850.00                      49396  850.00
                                                                                                                             43310  850.00
05891  850.00  10650  850.00       17239  850.00   22373  850.00         29306  850.00   33265  1250.00       38778  850.00                      49689  850.00
06     MIL                                                                                                                   43367  900.00
               10671  850.00       17249  850.00   22401  850.00         29375  850.00   33266  1250.00       38963  850.00                      49713  850.00
                                                                                                                             43369  850.00
06004  850.00  10818  850.00       17338  850.00   22495  850.00         29491  900.00   33399  850.00        38967  850.00                      49819  850.00
                                                                                                              39     MIL     43373  850.00
06239  850.00  10846  850.00       17361  850.00   22730  850.00         29652  850.00   33409  850.00                                           49906  850.00
               11     MIL                                                                                                    43388  850.00       50     MIL
06264  850.00                      17412  850.00   22754  850.00         29689  850.00   33529  850.00        39084  850.00
                                                                                                                             43421  850.00
06417  900.00  11071  850.00       17530  850.00   22801  850.00         29756  850.00   33617  850.00        39345  850.00                      50062  850.00
                                                                                                                             43583  850.00
06599  850.00  11103  850.00       17689  850.00   22951  850.00         29820  1000.00  33665  850.00        39446  850.00                      50063  850.00
                                                   23     MIL            30     MIL                                          43674  850.00
06601  850.00  11148  850.00       17761  850.00                                         33703  850.00        39486  850.00                      50084  850.00
                                                                                                                             43778  850.00
06774  850.00  11215  850.00       17768  850.00   23038  850.00         30003  850.00   33724  850.00        39681  850.00                      50417  850.00
                                                                                                                             43789  850.00
06838  850.00  11234  850.00       17813  850.00   23090  850.00         30053  850.00   33744  850.00        39704  850.00                      50426  1000.00
                                                                                                                             43863  850.00
06847  850.00  11289  850.00       17831  850.00   23291  850.00         30083  850.00   33845  5000.00       39803  850.00                      50509  850.00
                                                                                                                             43864  850.00
06879  850.00  11374  850.00       17901  850.00   23377  850.00         30090  850.00   33867  850.00        39848  850.00                      50563  850.00
                                                                                                                             43952  850.00
06932  850.00  11374  850.00       17924  850.00   23420  850.00         30124  850.00   33909  850.00        39932  850.00  44     MIL          50632  850.00
                                                                                         34     MIL
06989  850.00  11514  850.00       17974  850.00   23470  850.00         30231  850.00                        39955  850.00                      50741  850.00
07     MIL                         18     MIL                                                                                44043  850.00
               11560  850.00                       23472  850.00         30276  900.00   34062  850.00        39974  850.00                      50841  850.00
                                                                                                              40     MIL     44094  850.00
07017  850.00  11654  850.00       18098  850.00   23798  850.00         30311  850.00   34106  850.00                                           50899  850.00
                                                                                                                             44300  5000.00
07367  900.00  11809  850.00       18137  850.00   23875  850.00         30405  850.00   34118  850.00        40091  850.00                      50901  850.00

NOTA: LOS BILLETES TERMINADOS EN 3263 GANAN C$6,400.00, LOS TERMINADOS EN 263 GANAN C$3,200.00, LOS TERMINADOS EN 63 GANAN

C$1,600.00, LOS TERMINADOS EN 3 GANAN C$800.00. TODOS LOS NUMEROS DE LA PRESENTE LISTA Y QUE A LA VEZ TENGAN TERMINACIONES

DEL PREMIO MAYOR TIENEN DERECHO AL PREMIO Y A LA TERMINACION. SE EXCEPTUA AL PREMIO MAYOR EN TODAS LAS TERMINACIONES.

       ESTA LISTA ES GRATIS · VISITE WWW.LOTERIANACIONAL.COM.NI
