                                                                    SORTEO ORDINARIO Nº 1451

                                                                                                                                            MANAGUA

                                                             5,000,000Córdobas                                                              20 DE ENERO

                                                                                                                                                     2009

                                                                                                                                            CADUCIDAD

                                                                                                                                            29 DE ABRIL

                                                                                                                                                     2009

                                                                                                                                            LISTA OFICIAL

01     MIL          07331  850.00     11668QUINTO PREMIO     16991  850.00  22735  850.00        28061  850.00       34591  850.00   39599  850.00   45656  850.00
                                                             17     MIL
01059  850.00       07345  850.00                                           22816  900.00        28121  850.00       34613  850.00   39710  850.00   45689  850.00

01293  850.00       07441  850.00     C$25,000.00            17095  850.00  22892  850.00        28126  850.00       34685  850.00   39730  900.00   45722  850.00
                                                                            23     MIL
01392  850.00       07498  850.00     LEON                   17139  850.00                       28182  850.00       34749  850.00   39757  850.00   45751  850.00

01560  850.00       07618  850.00     11687  850.00          17172  850.00  23134  850.00        28233  850.00       34882  850.00   39761  850.00   45781  850.00

01638  850.00       07720  850.00     11717  850.00          17196  850.00  23346  850.00        28281  850.00       34945  850.00   39831  850.00   45825  850.00

01699  850.00       07750  850.00     11720CUARTO PREMIO     17363  850.00  23524  850.00        28677  850.00       34945  850.00   39839  850.00   45841  850.00
                                                                                                                     35     MIL
01760  850.00       07755  850.00                            17364  850.00  23622  850.00        28774  850.00                       39863  850.00   45852  850.00

01895  850.00       07822  850.00                            17503  850.00  23638  900.00        28785  850.00       35323  850.00   39905  850.00   45865  850.00

01911  850.00       07877  850.00                            17504  850.00  23795  850.00        28940  850.00       35347  850.00   39920  850.00   45892  850.00
02     MIL
                    07899  900.00                            17627  850.00  23811  850.00        28986  850.00       35546  850.00   39971  850.00   45913  850.00
                                                                                                 29     MIL                          40     MIL
02101  850.00       07919  850.00     CCH$I5N0A,0N0D0E.0G0A  17652  850.00  23894  850.00                            35609  850.00                   45948  850.00
                    08     MIL                                                                                                                       46     MIL
02123  850.00                                                17701  900.00  23903  850.00        29090  850.00       35655  850.00   40095  900.00

02495  850.00       08043  850.00                            17768  850.00  23989  850.00        29129CUARTO PREMIO  35859  850.00   40202  850.00   46024  850.00

02496  900.00       08088  850.00     11735  850.00          17819  850.00  23992  850.00                            35919  850.00   40259  850.00   46061  850.00
                                                                            24     MIL
02558  850.00       08217  850.00     11770  850.00          17922  850.00                                           35955  850.00   40320  850.00   46113  850.00
                                                                                                                     36     MIL
02595  850.00       08442  850.00     11926  850.00          17953  850.00  24088  850.00                                            40322  850.00   46140  850.00
                                                             18     MIL
02688  850.00       08459  850.00     12     MIL                            24101  850.00        C$50,000.00         36015  850.00   40338  5000.00  46285  850.00

02709  900.00       08520  850.00     12051  850.00          18205  850.00  24165  850.00        MATAGALPA           36112  850.00   40468  850.00   46302  850.00

02874  850.00       08612  1000.00    12052  850.00          18208  850.00  24173  850.00                            36139  850.00   40620  850.00   46351  850.00

02906  850.00       08636  850.00     12138  850.00          18270  850.00  24365  850.00        29130  850.00       36184SEGUNDO    40636  850.00   46405  850.00
03     MIL
                    08727  850.00     12184  850.00          18465  850.00  24419  850.00        29268  850.00       PREMIO          40744  850.00   46498  850.00

03136  850.00       08777  850.00     12249  850.00          18644  850.00  24519  850.00        29297  850.00                       40745  850.00   46543  850.00

03203  850.00       08791  850.00     12250  850.00          18784  850.00  24624  850.00        29321  850.00                       40776  850.00   46557  850.00

03233  850.00       08819  850.00     12298  850.00          18834  850.00  24667  850.00        29419  850.00                       40865  850.00   46629  850.00
                                                                            25     MIL                                               41     MIL
03238  850.00       08890  850.00     12387  850.00          18931  850.00                       29481  850.00                                       46640  900.00

03241  850.00       08959  850.00     12649  850.00          18942  850.00  25120  850.00        29642  850.00       C$125,000.00    41132  900.00   46707  850.00

03259  850.00       08992  850.00     12661  850.00          18957  850.00  25138  850.00        29934  850.00                       41363  850.00   46739  850.00
                                                             19     MIL
03331  850.00       08993  850.00     12688  850.00                         25150  850.00        29937  850.00       CHINANDEGA      41466  850.00   46746  850.00
                    09     MIL
03639  850.00                         12850  850.00          19057  850.00  25333  900.00        29954  850.00                       41581  850.00   46835  850.00

03688  850.00       09011  850.00     12886  850.00          19059  850.00  25423  850.00        29968  1000.00      36225  850.00   41776  850.00   46887  850.00
                                                                                                                                     42     MIL
03692  850.00       09038  850.00     13     MIL             19093  850.00  25517  850.00        29983  850.00       36505  850.00                   46891  850.00
                                                                                                 30     MIL
03758  850.00       09055  900.00     13021  850.00          19197  850.00  25593  850.00                            36535  850.00   42041  850.00   46927  850.00

03771  850.00       09252  850.00     13024  850.00          19252  900.00  25633  850.00        30244  850.00       36602  850.00   42105  850.00   46975  850.00
                                                                                                                                                     47     MIL
03814  900.00       09314  850.00     13034  850.00          19255  850.00  25791  850.00        30318  850.00       36641  850.00   42325  850.00

03951  850.00       09427  850.00     13105  850.00          19498  850.00  25946  850.00        30406  850.00       36653  850.00   42338  850.00   47013  850.00
04     MIL                                                                  26     MIL
                    09453  850.00     13116  850.00          19782  850.00                       30435  850.00       36713  850.00   42514  850.00   47050  850.00

04046  850.00       09578  900.00     13186  850.00          19810  850.00  26006  900.00        30626  850.00       36738  850.00   42774  850.00   47051  850.00

04085  850.00       09606  900.00     13225  1000.00         19822  850.00  26008  850.00        30655  850.00       36854  850.00   42809  850.00   47054  850.00

04241  850.00       09636  850.00     13383  850.00          19882  850.00  26085  850.00        30681  850.00       36905  850.00   42828  850.00   47065  850.00

04262  850.00       09659  900.00     13421  850.00          19915  850.00  26101  850.00        30686  850.00       36944  850.00   42919  850.00   47071  850.00
                                                                                                                     37     MIL
04279  850.00       09664  850.00     13556  850.00          19941  850.00  26117  850.00        30723  850.00                       42950  850.00   47108  850.00

04478  850.00       09669  850.00     13631  850.00          19995  850.00  26289  850.00        30731  850.00       37128  850.00   42959  850.00   47150  850.00
                                                             20     MIL
04667  850.00       09819  850.00     13691  850.00                         26291  1250.00       30776  900.00       37264  850.00   42967  850.00   47351  850.00
                                                                                                                                     43     MIL
04818  900.00       09846  850.00     13762  850.00          20043  850.00  26292  1250.00       30821  850.00       37296  850.00                   47649  850.00

04921  850.00       09921  10,000.00  13841  850.00          20061  900.00  26293  2500.00       30858  850.00       37313  850.00   43009  850.00   47722  900.00

04948  850.00       09923  850.00     13850  850.00          20116  850.00  PREMIO               30892  850.00       37320  850.00   43052  850.00   47730  850.00
                    10     MIL
04978  850.00                         13851  850.00          20145  850.00  26294MAYOR           30934  850.00       37327  850.00   43072  850.00   47826  850.00
                                                                                                 31     MIL
04989  850.00       10006SEGUNDO      14     MIL             20184  850.00                                           37346  850.00   43091  850.00   47848  850.00
05     MIL
                    PREMIO            14021  850.00          20420  850.00                       31076  850.00       37362  850.00   43229  850.00   47949  850.00
                                                                                                                                                     48     MIL
05075  850.00                         14066  850.00          20574  850.00                       31089  850.00       37371  850.00   43246  850.00

05149  850.00                         14107  850.00          20583  850.00                       31206  850.00       37374  850.00   43415  850.00   48078  850.00

05278  850.00                         14123  850.00          20789  850.00                       31214  850.00       37428  850.00   43442  850.00   48089  850.00

05368  850.00                         14162  850.00          20834  850.00                       31283  850.00       37492  850.00   43661  850.00   48125  900.00

05635  850.00                         14327  850.00          20850  850.00                       31287  850.00       37530  850.00   43666  850.00   48374  850.00

05692  850.00                         14619  850.00          20915  850.00                       31615  850.00       37665  850.00   43710  850.00   48592  850.00

05754  850.00       C$125,000.00      14785  850.00          20946  850.00  C$ 5,000,000.00      31675  850.00       37666  850.00   43844  850.00   48626  850.00
                                                             21     MIL
05768  850.00       MANAGUA           14796  850.00                                              31708  850.00       37794  850.00   43850  850.00   48645  850.00
                                                                                                 32     MIL
05956  850.00                         14849  850.00          21028  850.00                                           37804  850.00   43887  850.00   48853  850.00

05970  850.00                         14874  850.00          21040  850.00  VENDIDO POR LA       32195  850.00       37848  850.00   43953  850.00   48901  850.00

05979  850.00       10009  850.00     14916  850.00          21051  850.00  CONCESIONARIA M-130  32324  850.00       37929  850.00   43992  850.00   48977  850.00
                                                                                                                                     44     MIL
05979  850.00       10091  850.00     14995  850.00          21169  850.00  MA. AUXILIADORA      32396  850.00       37986  850.00                   48980  850.00
06     MIL
                    10124  850.00     15     MIL             21242  850.00  GUTIERREZ RODRIGUEZ  32441  850.00       37988  850.00   44067  850.00   48995  850.00

06011  850.00       10177  850.00     15155  850.00          21684  850.00  MATAGALPA            32458  850.00       37998  850.00   44077  850.00   48996  850.00
                                                                                                                     38     MIL                      49     MIL
06109  900.00       10202  850.00     15205  850.00          21709  850.00                       32673  1000.00                      44163  1000.00

06310  850.00       10307  850.00     15221  850.00          21719  850.00                       32698  850.00       38121  850.00   44219  850.00   49019  850.00

06313  850.00       10380  850.00     15245  900.00          21773  850.00  26295  2500.00       32859  850.00       38134  850.00   44220  850.00   49147  850.00

06342  850.00       10422  850.00     15336  900.00          21832  850.00  26296  1250.00       32911  850.00       38153  850.00   44380  850.00   49234  850.00

06540  850.00       10627  850.00     15350  850.00          21867  850.00  26297  1250.00       32984  850.00       38291  850.00   44393  850.00   49241  850.00
                                                                                                 33     MIL
06710  850.00       10681  850.00     15390  850.00          21945  850.00  26335  850.00                            38320  850.00   44402  850.00   49284  850.00

06748  850.00       10805  850.00     15409  850.00          21958  850.00  26383  850.00        33059  850.00       38338  850.00   44610  850.00   49430  850.00
                    11     MIL                               22     MIL
06945  850.00                         15496  850.00                         26518  850.00        33353  850.00       38363  1000.00  44641  850.00   49505  850.00

06979  850.00       11020  850.00     15666  850.00          22067  850.00  26524  850.00        33371  850.00       38390  850.00   44747  850.00   49981  850.00
07     MIL                                                                                                                                           50     MIL
                    11091  850.00     15747  850.00          22122  850.00  26525  850.00        33418  850.00       38408  850.00   44751  850.00

                    11117  850.00     15825  850.00          22141  850.00  26613  900.00        33894  850.00       38622  850.00   44800  850.00   50144  850.00

07069TERCER PREMIO  11163  850.00     15961  850.00          22222  850.00  26693  850.00        33895  850.00       38689  850.00   44865  850.00   50271  900.00

                    11195  850.00     15973  850.00          22272  850.00  26968  850.00        33952  850.00       38944  850.00   44955  850.00   50362  850.00
                                                                                                                                     45     MIL
                    11250  850.00     16     MIL             22312  850.00  26994  850.00        33953  850.00       38982  850.00                   50503  850.00
                                                                            27     MIL           34     MIL          39     MIL
                    11314  850.00     16021  850.00          22363  850.00                                                           45038  850.00   50505  850.00

                    11349  850.00     16095  850.00          22368  850.00  27167  900.00        34110  850.00       39056  850.00   45046  850.00   50578  850.00

                    11370  5000.00    16124  850.00          22462  850.00  27345  850.00        34131  850.00       39069  900.00   45313  850.00   50735  850.00

C$100,000.00        11384  850.00     16125  850.00          22574  850.00  27682  850.00        34181  850.00       39177  850.00   45392  850.00   50744  850.00

GRANADA             11440  900.00     16280  900.00          22643  850.00  27713  850.00        34315  850.00       39354  850.00   45442  850.00   50751  900.00

                    11563  850.00     16406  850.00          22649  850.00  27781  850.00        34390  1000.00      39386  850.00   45507  850.00   50771  850.00

                    11598  850.00     16866  900.00          22673  850.00  27958  850.00        34484  850.00       39547  850.00   45509  900.00   50810  850.00
                                                                            28     MIL
07118  850.00       11631  850.00                            22730  850.00                       34568  850.00       39558  850.00   45655  850.00   50904  850.00

NOTA: LOS BILLETES TERMINADOS EN 6294 GANAN C$6,400.00, LOS TERMINADOS EN 294 GANAN C$3,200.00, LOS TERMINADOS EN 94 GANAN

C$1,600.00, LOS TERMINADOS EN 4 GANAN C$800.00. TODOS LOS NUMEROS DE LA PRESENTE LISTA Y QUE A LA VEZ TENGAN TERMINACIONES

DEL PREMIO MAYOR TIENEN DERECHO AL PREMIO Y A LA TERMINACION. SE EXCEPTUA AL PREMIO MAYOR EN TODAS LAS TERMINACIONES.

       ESTA LISTA ES GRATIS · VISITE WWW.LOTERIANACIONAL.COM.NI
