                                                            SORTEO ORDINARIO Nº 1452

                                                                                                                                        MANAGUA

                                                     5,000,000Córdobas                                                                  17 DE FEBRERO

                                                                                                                                                2009

                                                                                                                                        CADUCIDAD

                                                                                                                                        27 DE MAYO

                                                                                                                                                2009

                                                                                                                                        LISTA OFICIAL

01     MIL           05784  850.00   11401  850.00   16309  850.00   21385  850.00       28411  850.00       33736  850.00       39     MIL     45114  850.00

01075  850.00        05812  850.00   11409  1000.00  16350  850.00   21393  850.00       28460  850.00       33782  850.00       39080  850.00  45116  850.00

01325  850.00        05928  850.00   11483  850.00   16356  850.00   21463  850.00       28509  850.00       33819  850.00       39275  850.00  45132  850.00
                     06     MIL
01549  850.00                        11534  850.00   16659  900.00   21586  850.00       28603  850.00       33945  850.00       39319  850.00  45174  850.00

01626  850.00        06049  850.00   11580  850.00   16775  850.00   21710  900.00       28650  850.00       33951  850.00       39355  850.00  45193  850.00
                                                                                                             34     MIL
01681  850.00        06070  850.00   11635  850.00   16886  850.00   21817  850.00       28769  850.00                           39370  850.00  45201  850.00
                                                     17     MIL
01698  850.00        06101  850.00   11679  850.00                   21960  850.00       28934  850.00       34098CUARTO PREMIO  39370  850.00  45249  850.00
                                                                     22     MIL
01716  850.00        06121  850.00   11719  850.00   17029  850.00                       28947  850.00                           39453  850.00  45360  850.00
                                                                                         29     MIL
01759  850.00        06276  850.00   11731  850.00   17328  850.00   22131  850.00                                               39476  850.00  45378  850.00

01789  850.00        06300  850.00   11754  900.00   17569  850.00   22144  850.00       29034  850.00                           39524  850.00  45510  850.00

01889  850.00        06320  850.00   11794  850.00   17712  1000.00  22145  850.00       29092  850.00       C$50,000.00         39530  850.00  45565  850.00

01930  850.00        06372  850.00   11911  850.00   17715  850.00   22338  850.00       29219  850.00       MANAGUA             39624  850.00  45567  850.00

01969  850.00        06397  850.00   11942  850.00   17730  850.00   22476  850.00       29235CUARTO PREMIO                      39660  850.00  45680SEGUNDO
02     MIL
                     06611  850.00   11990  850.00   17785  850.00   22484  850.00                           34192  850.00       39819  850.00  PREMIO
                                     12     MIL                                                                                  40     MIL
02029  850.00        06676  850.00                   17786  850.00   22644  850.00                           34376  850.00

02098  850.00        06743  850.00   12068  850.00   17816  850.00   22738  850.00                           34420  850.00       40103  850.00

02190  850.00        06794  850.00   12108  850.00   17831  1000.00  22765  850.00       C$50,000.00         34432  850.00       40163  850.00

02244  850.00        06911  850.00   12115  900.00   17837  850.00   22969  850.00       JINOTEGA            34612  850.00       40346  850.00
                                                                     23     MIL
02278  850.00        06949  850.00   12182  850.00   17901  900.00                                           34781  850.00       40411  850.00
                                                     18     MIL
02318  850.00        06959  850.00   12271  850.00                   23186  850.00       29386  850.00       34800  850.00       40601  850.00
                     07     MIL                                                                                                                 C$125,000.00
02340  850.00                        12322  850.00   18005  850.00   23191  850.00       29523  850.00       34911  850.00       40845  850.00

02507  850.00        07125  850.00   12342SEGUNDO    18013  850.00   23325  850.00       29533TERCER PREMIO  34969  850.00       40850  850.00  MANAGUA
                                                                                                                                 41     MIL
02595  850.00        07188  850.00   PREMIO          18068  850.00   23470  850.00                           34990  850.00
                                                                                                             35     MIL
02617  850.00        07225  850.00                   18075  850.00   23826  850.00                                               41001  850.00

02669  850.00        07310  850.00                   18089  850.00   23933  850.00                           35066  850.00       41013  850.00  45809  850.00

02676  850.00        07370  850.00                   18093  850.00   23964  850.00                           35157  850.00       41186  850.00  45874  850.00

02832  850.00        07381  850.00                   18105  850.00   23965  850.00                           35315  850.00       41209  850.00  45945  900.00
03     MIL                                                           24     MIL                                                                 46     MIL
                     07418  850.00                   18349  850.00                                           35456  850.00       41341  850.00
                                                                                         C$100,000.00
03020  900.00        07432  850.00                   18384  850.00   24480  850.00                           35610  850.00       41394  850.00  46036  850.00

03041  850.00        07446  850.00   C$125,000.00    18414  850.00   24499  850.00       LEON                35851  850.00       41411  850.00  46132  850.00

03246  850.00        07466  850.00   MANAGUA         18463  850.00   24561  850.00                           35913  850.00       41752  850.00  46148  850.00

03313  850.00        07476  850.00                   18474  850.00   24708  850.00                           35921  850.00       41995  850.00  46230  5000.00
                                                                                                                                 42     MIL
03375  850.00        07560  850.00                   18613  850.00   24722  900.00       29557  850.00       35984  850.00                      46233  850.00

03457  850.00        07571  850.00   12395  850.00   18748  850.00   24800  850.00       29729  850.00       35999  850.00       42009  850.00  46359  850.00
                                                                                                             36     MIL
03538  850.00        07664  850.00   12655  850.00   18750  850.00   24848  850.00       29845  850.00                           42099  850.00  46395  850.00

03588  850.00        07781  850.00   12698  850.00   18757  850.00   24904  850.00       29868  900.00       36035  850.00       42140  850.00  46491  850.00
                     08     MIL      13     MIL                      25     MIL
03733  850.00                                        18785  850.00                       29872  850.00       36089  850.00       42428  850.00  46542  850.00

03849  850.00        08120  850.00   13023  900.00   18824  850.00   25042  850.00       29916  850.00       36110  850.00       42437  850.00  46690  850.00

03913  850.00        08306  850.00   13065  850.00   18826  850.00   25160  850.00       29974  850.00       36133  850.00       42467  900.00  46784  850.00

03925  850.00        08315  850.00   13140  850.00   18831  1000.00  25176  850.00       29983  850.00       36144  850.00       42502  850.00  46802  850.00
                                                                                         30     MIL
03984  850.00        08455  850.00   13148  850.00   18888  900.00   25186  850.00                           36159  850.00       42540  850.00  46838  850.00
04     MIL
                     08539  1000.00  13161  850.00   18912  850.00   25189  850.00       30059  850.00       36217  850.00       42542  850.00  46858  850.00

04251  850.00        08541  850.00   13217  850.00   18929  850.00   25376  850.00       30061  850.00       36252  850.00       42599  850.00  46897  850.00
                                                     19     MIL
04281  850.00        08619  850.00   13369  850.00                   25438  850.00       30193  850.00       36283  850.00       42655  850.00  46944  850.00
                                                                                                                                                47     MIL
04420  850.00        08656  850.00   13370  850.00   19013  850.00   25659  850.00       30202  850.00       36483  850.00       42728  850.00

04435  850.00        08708  850.00   13374  1000.00  19129  850.00   25665  850.00       30224  850.00       36501  850.00       42739  850.00  47076  850.00

04483  850.00        08775  900.00   13623  850.00   19174  850.00   25781  850.00       30234  900.00       36643  850.00       42753  850.00  47149  850.00

04545  850.00        08798  900.00   13628  850.00   19184  1000.00  25808  850.00       30330  850.00       36714  850.00       42773  900.00  47264  850.00

04727  850.00        08830  850.00   13653  850.00   19188  850.00   25831  850.00       30454  850.00       36775  850.00       42821  850.00  47313  850.00

04808  1250.00       08957  850.00   13662  850.00   19315  850.00   25938  850.00       30611  850.00       36863  850.00       42830  850.00  47387  850.00
                     09     MIL
04809  1250.00                       13895  850.00   19322  850.00   25976  850.00       30930  850.00       36982  850.00       42874  850.00  47651  850.00
                                                                                         31     MIL          37     MIL
04810  2500.00       09046  850.00   13937  850.00   19407  850.00   25994  850.00                                               42892  900.00  47670  850.00
                                                                     26     MIL                                                  43     MIL
PREMIO               09072  850.00   13955  850.00   19507  5000.00                      31067  850.00       37199  850.00                      47777  900.00

04811MAYOR           09196  850.00   13994  850.00   19608  850.00   26032  850.00       31081  850.00       37228  850.00       43018  850.00  47898  850.00
                                     14     MIL
                     09235  850.00                   19629  850.00   26080  850.00       31213  850.00       37271  850.00       43029  850.00  47974  850.00
                                                                                                                                                48     MIL
                     09306  850.00   14019  850.00   19650  850.00   26305  850.00       31229  850.00       37289  850.00       43030  850.00

                     09455  850.00   14255  850.00   19660  850.00   26569  850.00       31300  850.00       37309  850.00       43038  850.00  48010  850.00

                     09500  850.00   14313  900.00   19689  850.00   26679  850.00       31438  850.00       37318  850.00       43114  850.00  48209  850.00

                     09617  850.00   14316  850.00   19886  850.00   26691  850.00       31469  850.00       37347  850.00       43135  850.00  48357  850.00

                     09745  850.00   14381  900.00   19898  850.00   26900  850.00       31473  850.00       37611  850.00       43271  850.00  48658  850.00

                     09845  850.00   14455  850.00   19939  850.00   26945  850.00       31605  850.00       37623  850.00       43389  850.00  48659  850.00
                     10     MIL
                                     14619  850.00   19955  850.00   26989  850.00       31613  850.00       37661  900.00       43438  850.00  48674  850.00
                                                                     27     MIL
C$ 5,000,000.00      10014  850.00   14672  850.00   19957  850.00                       31629  850.00       37717  850.00       43458  850.00  48879  850.00
                                                     20     MIL
                     10085  850.00   14765  900.00                   27071  850.00       31735  850.00       37718  850.00       43489  850.00  48971  850.00
                                                                                                                                                49     MIL
                     10096  850.00   14808  850.00   20019  850.00   27109  850.00       31836  850.00       37721  850.00       43791  850.00

VENDIDO POR EL       10183  850.00   14904  850.00   20106  900.00   27217  850.00       31853  850.00       37807  850.00       43823  850.00  49067  850.00

CONCESIONARIO I-104  10222  850.00   14937  850.00   20157  850.00   27219  850.00       31878  850.00       37830  900.00       43838  850.00  49282  900.00

ROBERTO IVAN         10326  850.00   14985  850.00   20326  850.00   27246  850.00       31883  850.00       38     MIL          43892  900.00  49390  850.00

PONCE PRAVIA         10391  850.00   15     MIL      20535  850.00   27284  900.00       32     MIL          38021  850.00       43905  850.00  49397  850.00

OCOTAL               10649  900.00   15070  850.00   20578  850.00   27389  850.00       32017  850.00       38031  850.00       43943  850.00  49542  850.00

                     10735  850.00   15178  850.00   20663  850.00   27405  850.00       32032  850.00       38124  850.00       43990  850.00  49820  850.00
                                                                                                                                 44     MIL
04812  2500.00       10763  850.00   15375  850.00   20728  850.00   27623  850.00       32161  850.00       38156  850.00                      49824  850.00

04813  1250.00       10775  850.00   15404  850.00   20765  850.00   27744  850.00       32477  850.00       38167  850.00       44009  850.00  49875  850.00

04814  1250.00       10804  850.00   15455  850.00   20810  850.00   27803  850.00       32653  850.00       38183  850.00       44043  850.00  49876  850.00
                                                                                                                                                50     MIL
04884  850.00        10839  850.00   15529  900.00   20820  850.00   27869  850.00       32669  850.00       38212  850.00       44157  850.00

04913  850.00        10900  850.00   15554  850.00   20870  850.00   27914  850.00       32685  850.00       38225  900.00       44231  850.00  50089  850.00

04919  850.00        10941  850.00   15627  900.00   20892  850.00   27970  850.00       32773  850.00       38243  850.00       44274  850.00  50140  850.00
05     MIL                                                           28     MIL
                     10959  850.00   15637  850.00   20939  850.00                       32787  850.00       38348  850.00       44464  850.00  50156  10,000.00

05016  850.00        10962  850.00   15768  850.00   20998  850.00   28006  850.00       32933  850.00       38359  850.00       44528  850.00  50217  850.00
                                                     21     MIL                          33     MIL
05245  850.00        10975  850.00   15791  850.00                   28141QUINTO PREMIO                      38425  850.00       44637  850.00  50239  850.00
                     11     MIL
05303  850.00                        15967  850.00   21017  850.00                       33125  850.00       38445  900.00       44758  850.00  50482  850.00
                                     16     MIL
05426  850.00        11167  850.00                   21160  850.00   C$25,000.00         33159  850.00       38511  850.00       44759  850.00  50549  850.00

05433  850.00        11178  850.00   16034  850.00   21160  850.00   MANAGUA             33205  850.00       38673  850.00       44810  850.00  50684  850.00

05645  900.00        11193  850.00   16106  850.00   21209  850.00                       33417  850.00       38693  850.00       44856  850.00  50685  850.00

05645  850.00        11260  850.00   16123  850.00   21245  850.00   28155  850.00       33497  850.00       38701  850.00       44993  850.00  50936  850.00
                                                                                                                                 45     MIL
05680  850.00        11339  850.00   16251  900.00   21313  850.00   28202  850.00       33576  900.00       38928  850.00                      50943  850.00

NOTA: LOS BILLETES TERMINADOS EN 4811 GANAN C$6,400.00, LOS TERMINADOS EN 811 GANAN C$3,200.00, LOS TERMINADOS EN 11 GANAN

C$1,600.00, LOS TERMINADOS EN 1 GANAN C$800.00. TODOS LOS NUMEROS DE LA PRESENTE LISTA Y QUE A LA VEZ TENGAN TERMINACIONES

DEL PREMIO MAYOR TIENEN DERECHO AL PREMIO Y A LA TERMINACION. SE EXCEPTUA AL PREMIO MAYOR EN TODAS LAS TERMINACIONES.

       ESTA LISTA ES GRATIS · VISITE WWW.LOTERIANACIONAL.COM.NI
