                                                               SORTEO ORDINARIO Nº 1453

                                                                                                                                          MANAGUA

                                                        5,000,000Córdobas                                                           3 DE MARZO

                                                                                                                                                2009

                                                                                                                                    CADUCIDAD

                                                                                                                                    10 DE JUNIO

                                                                                                                                                2009

                                                                                                                                  LISTA OFICIAL

01     MIL          06469  900.00       12144  850.00   19081  850.00   25     MIL          31     MIL      37     MIL     43022  850.00        47228  850.00

01058  850.00       06477  850.00       12197  850.00   19129  850.00   25014  850.00       31144  850.00   37032  850.00  43045  1000.00       47246  850.00

01108  850.00       06652  850.00       12212  850.00   19194  850.00   25084  850.00       31295  850.00   37043  850.00  43160  850.00        47255  850.00

01131  850.00       06789  1000.00      12447  850.00   19211  850.00   25094  900.00       31303  850.00   37268  850.00  43256  850.00        47275  850.00

01158  850.00       06846  850.00       12500  850.00   19266  900.00   25137  850.00       31323  850.00   37355  850.00  43350  850.00        47305  850.00

01194  850.00       06900  1000.00      12653  850.00   19270  850.00   25238  850.00       31405  850.00   37395  850.00  43373  850.00        47443  850.00

01196  850.00       06911  850.00       12699  850.00   19337  850.00   25397  850.00       31523  850.00   37594  850.00  43382  850.00        47582  850.00
                                                                                            32     MIL
01249  850.00       06993  850.00       12709  850.00   19433  850.00   25597  850.00                       37657  850.00  43403  850.00        47597  850.00
                    07     MIL
01315  850.00                           12717  850.00   19449  1000.00  25745  850.00       32038  850.00   37685  850.00  43481  850.00        47604  850.00

01582  850.00       07045  900.00       12782  850.00   19530  850.00   25839  850.00       32042  850.00   37725  850.00  43521  850.00        47622  850.00
                                                                        26     MIL
01586  850.00       07123  850.00       12783  850.00   19616  850.00                       32119  850.00   37763  850.00  43542  850.00        47636  850.00

01607  850.00       07124  850.00       12792  850.00   19644  850.00   26037  850.00       32292  850.00   37833  850.00  43719  850.00        47799  850.00

01648  850.00       07135  900.00       12824  850.00   19659  850.00   26162  850.00       32308  900.00   37837  850.00  43729  850.00        47871  850.00
                                                                                                                                                48     MIL
01679  850.00       07152  900.00       12928  850.00   19765  850.00   26225  850.00       32362  900.00   37899  850.00  43803  850.00
                                                                                                            38     MIL
01702  850.00       07179  850.00       12931  850.00   19872  850.00   26356  850.00       32423  850.00                  43844  850.00        48005  850.00
                                        13     MIL                                                                         44     MIL
01927  850.00       07219  850.00                       19946  850.00   26491  850.00       32533  850.00   38033  850.00                       48053  850.00

01968  850.00       07226  850.00       13091  850.00   19951  850.00   26516  850.00       32577  850.00   38043  850.00  44157  900.00        48071  850.00
                                                        20     MIL
01977  850.00       07306  900.00       13129  900.00                   26628  850.00       32622  850.00   38082  850.00  44185  900.00        48176  850.00
02     MIL
                    07309  900.00       13146  850.00   20065  850.00   26643  850.00       32682  900.00   38233  850.00  44240  850.00        48355  850.00

02045  850.00       07343  850.00       13242  850.00   20072  850.00   26679  850.00       32692  5000.00  38434  850.00  44316  850.00        48446SEGUNDO

02168  850.00       07653  850.00       13392  850.00   20174  850.00   26810  850.00       32695  850.00   38627  850.00  44325  850.00        PREMIO

02182  850.00       07669  850.00       13408  850.00   20177  850.00   26850  850.00       32771  850.00   38643  850.00  44382  850.00

02286  850.00       07757  850.00       13515  850.00   20214  850.00   26879  850.00       32851  850.00   38665  850.00  44382  850.00
                    08     MIL
02473  850.00                           13563  850.00   20340  850.00   26974  850.00       32858  850.00   38691  850.00  44504  850.00

02543  850.00       08022  850.00       13581  850.00   20366  850.00   26996  850.00       32869  850.00   38783  850.00  44609  850.00
                                                                        27     MIL
02695  850.00       08245  850.00       13839  850.00   20550  850.00                       32952  850.00   38838  850.00  44622  900.00
                                                                                            33     MIL
02708  850.00       08502  850.00       13842  1000.00  20626  850.00   27045  850.00                       38882  850.00  44646  850.00
03     MIL
                    08726  850.00       13957  850.00   20740  850.00   27115  850.00       33221  900.00   38904  850.00  44731  850.00        C$125,000.00

03083  850.00       08736  850.00       13988  850.00   20821  850.00   27184  850.00       33233  850.00   38927  850.00  44800  850.00
                                        14     MIL                                                          39     MIL
03148  850.00       08951  850.00                       20849  850.00   27204  850.00       33235  850.00                  44919  850.00        JUIGALPA
                    09     MIL
03241  850.00                           14087  850.00   20895  850.00   27348  850.00       33379  850.00   39097  850.00  44997  850.00
                                                                                                                           45     MIL
03371  850.00       09056  850.00       14152  850.00   20965  850.00   27355  850.00       33407  850.00   39177  850.00

03396  850.00       09080  850.00       14316  850.00   20973  900.00   27492  850.00       33437  900.00   39178  900.00  45029  850.00        48451  850.00
                                                        21     MIL
03459  850.00       09093  850.00       14317  850.00                   27547  850.00       33511  850.00   39188  850.00  45188  850.00        48466  850.00

03566  850.00       09125  10,000.00    14338  850.00   21312  850.00   27559  850.00       33527  900.00   39215  850.00  45220  850.00        48509  850.00

03577  850.00       09217  850.00       14500  850.00   21337  850.00   27628  850.00       33530  850.00   39249  850.00  45273  850.00        48533  850.00

03599  850.00       09252  850.00       14528  850.00   21367  850.00   27724  850.00       33594  850.00   39445  850.00  45369  850.00        48761  850.00

03611  850.00       09446  900.00       14577  850.00   21419  850.00   27725  850.00       33861  850.00   39462  900.00  45461  850.00        48810  850.00

03632  850.00       09456  850.00       14671  850.00   21512  850.00   27755  850.00       33928  1000.00  39569  850.00  45595  850.00        48837  850.00

03709  850.00       09552  850.00       14728  850.00   21521  850.00   27757  850.00       33928  850.00   39572  850.00  45654  850.00        48865  850.00
                                                                                            34     MIL
03822  850.00       09552  850.00       14764  850.00   21610  850.00   27887  850.00                       39673  850.00  45702  850.00        48937  850.00
                                                                        28     MIL                                                              49     MIL
03825  850.00       09768  850.00       14889  850.00   21767  850.00                       34012  850.00   39715  850.00  45878  850.00
                    10     MIL                                                                                             46     MIL
03847  850.00                           14896  850.00   21813  850.00   28044  850.00       34083  850.00   39870  850.00                       49125  850.00

03923QUINTO PREMIO  10015  850.00       14918  850.00   21892  850.00   28070  850.00       34089  850.00   39876  850.00  46087  850.00        49172  850.00
                                        15     MIL
                    10029  850.00                       21900  850.00   28166  850.00       34204  850.00   39900  850.00  46127  850.00        49224SEGUNDO
                                                                                                            40     MIL
C$25,000.00         10035  850.00       15006  850.00   21924  850.00   28241  850.00       34243  850.00                  46149  900.00        PREMIO

ESTELI              10107  850.00       15098  850.00   21972  850.00   28373  850.00       34344  850.00   40042  850.00  46165  850.00
                                                        22     MIL
                    10207  850.00       15117  850.00                   28467  850.00       34345  850.00   40049  850.00  46186  850.00

03983  850.00       10272  850.00       15257  850.00   22125  850.00   28679  850.00       34357  850.00   40094  850.00  46216  850.00
04     MIL
                    10350  850.00       15272  900.00   22301  850.00   28730  850.00       34445  850.00   40124  850.00  46250  850.00

04004  850.00       10356  850.00       15716  850.00   22316  850.00   28982  850.00       34516  850.00   40189  850.00  46303  850.00

04020  850.00       10382  850.00       15856  850.00   22335  850.00   28993  850.00       34587  850.00   40231  850.00  46310  850.00
                                                                        29     MIL
04036  850.00       10394  850.00       15970  850.00   22350  850.00                       34742  900.00   40260  850.00  46322  850.00        C$125,000.00

04128  850.00       10399  850.00       15975  850.00   22358  850.00   29115  850.00       34743  850.00   40315  850.00  46437  850.00
                                        16     MIL
04160  850.00       10426  850.00                       22432  850.00   29132  850.00       34825  850.00   40432  850.00  46695  850.00        MASAYA

04282  850.00       10449  850.00       16019  850.00   22534  850.00   29192TERCER PREMIO  34994  850.00   40599  900.00  46803  900.00
                                                                                            35     MIL
04285  850.00       10532  850.00       16107  850.00   22578  850.00                                       40778  850.00  46828  1250.00

04347  850.00       10707  850.00       16113  850.00   22650  850.00                       35016  850.00   40819  850.00  46829  1250.00       49282  850.00

04354  850.00       10919  850.00       16435  850.00   22902  900.00                       35036  850.00   40972  850.00  46830  2500.00       49310  850.00
                                                        23     MIL
04429  850.00       10984  900.00       16469  850.00                                       35048  850.00   40981  850.00  PREMIO               49371CUARTO PREMIO
                    11     MIL
04470  850.00                           16640  850.00   23166  850.00                       35060  850.00   40999  850.00  46831MAYOR
                                                                                                            41     MIL
04536  850.00       11092  850.00       16744  850.00   23189  850.00   C$100,000.00        35070  850.00

04665  850.00       11113  850.00       16826  850.00   23289  850.00                       35147  850.00   41141  850.00
                                        17     MIL
04689  850.00       11139  850.00                       23352  850.00   MANAGUA             35153  850.00   41167  850.00                       C$50,000.00

04729  850.00       11196  850.00       17069  850.00   23395  850.00                       35169  850.00   41366  850.00                       JUIGALPA

04742  850.00       11200  850.00       17116  850.00   23408  850.00   29236  850.00       35394  850.00   41388  850.00

04749  850.00       11291  850.00       17152  850.00   23409  850.00   29252  850.00       35445  900.00   41469  850.00                       49433  900.00

04905  850.00       11311  850.00       17319  850.00   23424  850.00   29412  850.00       35685  850.00   41540  850.00                       49435  850.00

04981  850.00       11433  850.00       17392  850.00   23433  850.00   29534  850.00       35774  850.00   41564  850.00  C$ 5,000,000.00      49599  850.00
05     MIL
                    11497  850.00       17527  850.00   23437  850.00   29631  850.00       35780  850.00   41600  850.00                       49700  850.00

05147  900.00       11516  850.00       17614  850.00   23470  850.00   29634  900.00       35838  850.00   41922  850.00                       49758  850.00
                                                                                                            42     MIL
05181  850.00       11569  850.00       17623  850.00   23483  850.00   29826  850.00       35864  850.00                  VENDIDO POR EL       49816  850.00
                                                                        30     MIL          36     MIL
05261  850.00       11623  850.00       17820  850.00   23548  850.00                                       42009  850.00  CONCESIONARIA E-814  49868  850.00

05300  850.00       11652  850.00       17976  850.00   23777  850.00   30039  5000.00      36014  850.00   42149  850.00  LIZETTE GAMEZ        49892  850.00
                                        18     MIL
05487  850.00       11771CUARTO PREMIO                  23854  850.00   30044  850.00       36043  850.00   42255  850.00  BETANCO              49928  850.00

05614  850.00                           18129  850.00   23885  850.00   30069  850.00       36094  850.00   42256  850.00  MANAGUA              49982  900.00
                                                                                                                                                50     MIL
05792  850.00                           18163  850.00   23946  850.00   30099  850.00       36103  850.00   42461  850.00

05859  850.00                           18290  1000.00  23989  850.00   30106  850.00       36355  850.00   42502  850.00  46832  2500.00       50128  850.00
                                                        24     MIL
05949  900.00       C$50,000.00         18362  850.00                   30147  850.00       36454  850.00   42527  850.00  46833  1250.00       50136  850.00

05980  850.00       JUIGALPA            18395  850.00   24253  850.00   30148  850.00       36540  850.00   42533  850.00  46834  1250.00       50159  850.00

05983  850.00                           18657  850.00   24288  850.00   30370  850.00       36649  850.00   42552  850.00  46862  850.00        50265  850.00

05998  850.00       11909  850.00       18680  850.00   24439  850.00   30508  850.00       36670  850.00   42779  850.00  46919  850.00        50308  850.00
06     MIL
                    11933  850.00       18682  850.00   24619  850.00   30692  850.00       36734  850.00   42810  850.00  46989  850.00        50343  850.00
                                                                                                                           47     MIL
06071  850.00       11992  850.00       18930  850.00   24647  850.00   30752  850.00       36916  850.00   42895  850.00                       50585  850.00
                                        19     MIL
06177  850.00       11992  850.00                       24760  850.00   30787  850.00       36918  850.00   42919  850.00  47123  850.00        50730  850.00
                    12     MIL                                                                              43     MIL
06419  850.00                           19055  850.00   24899  850.00   30964  850.00       36943  850.00                  47159  850.00        50918  850.00

NOTA: LOS BILLETES TERMINADOS EN 6831 GANAN C$6,400.00, LOS TERMINADOS EN 831 GANAN C$3,200.00, LOS TERMINADOS EN 31 GANAN

C$1,600.00, LOS TERMINADOS EN 1 GANAN C$800.00. TODOS LOS NUMEROS DE LA PRESENTE LISTA Y QUE A LA VEZ TENGAN TERMINACIONES

DEL PREMIO MAYOR TIENEN DERECHO AL PREMIO Y A LA TERMINACION. SE EXCEPTUA AL PREMIO MAYOR EN TODAS LAS TERMINACIONES.

       ESTA LISTA ES GRATIS · VISITE WWW.LOTERIANACIONAL.COM.NI
