                                                                     SORTEO ORDINARIO Nº 1454

                                                                                                                                                      MANAGUA

                                                            3,500,000Córdobas                                                                         10 DE MARZO

                                                                                                                                                                 2009

                                                                                                                                                      CADUCIDAD

                                                                                                                                                      18 DE JUNIO

                                                                                                                                                                 2009

                                                                                                                                                      LISTA OFICIAL

01       MIL        06266    800.00     10358    800.00     16       MIL        20330    800.00      24809    800.00     29879    800.00     36058    800.00     40698TERCER PREMIO

01058    900.00     06311    900.00     10408    800.00     16113    800.00     20520    800.00      24815    800.00     2993003  M80IL0.00  36320    800.00

01067    800.00     06458    800.00     10561    800.00     16244    800.00     20544    900.00      24817    800.00     30015    800.00     36401    800.00

01116    800.00     06490    800.00     10577    800.00     16301    800.00     20547    800.00      24880    800.00     30042    800.00     36530    800.00

01369    900.00     06620    900.00     10583    800.00     16354    800.00     20568    800.00      2492056  M80IL0.00  30059    800.00     36588    800.00

01405    800.00     06705    800.00     10824    800.00     16409    800.00     20580    800.00      25082    800.00     30117    800.00     36620    800.00     C$50,000.00

01540    800.00     06940    800.00     1091410  M80IL0.00  16463    800.00     20671    800.00      25097    800.00     30346    800.00     36650    800.00     MASAYA

01576    800.00     0690577  M80IL0.00  11174    800.00     16727    800.00     20775    1500.00     25134    800.00     30416    800.00     36706    900.00

01684    800.00     07005    800.00     11222    800.00     16747    800.00     2092513  M80IL0.00   25143    800.00     30485    800.00     36793    800.00     40772    800.00

01799    800.00     07074    800.00     11267    800.00     16749    800.00     21012    800.00      25242    800.00     30529    800.00     36804    800.00     40793    800.00

01809    800.00     07100    800.00     11286    800.00     16788    800.00     21065    800.00      25312    800.00     30696    800.00     3683977  M80IL0.00  40822    800.00

01820    800.00     07108    800.00     11317    800.00     16790    800.00     21083    800.00      25346    800.00     30752    800.00     37041    800.00     40849    800.00

01946    800.00     07109    800.00     11357    800.00     16799    800.00     21112    800.00      25503    800.00     3093417  M80IL0.00  37046    800.00     4094518  M80IL0.00

0190629  M80IL0.00  07133    800.00     11445    800.00     16866    800.00     21201    800.00      25525    800.00                         37079    800.00     41110    800.00

02005    800.00     07180    800.00     11581    800.00     16977    800.00     21213    800.00      25636    800.00     31012    900.00     37118    800.00     41156    800.00

02172    800.00     07183    800.00     11603    800.00     1691875  M80IL0.00  21232    800.00      25752    800.00     31118    800.00     37191    800.00     41381    800.00

02308    800.00     07191    800.00     11689    800.00     17004    800.00     21290    800.00      25776    1500.00    31131    800.00     37219    800.00     41439    800.00

02329    800.00     07198    800.00     11695    800.00     17183    800.00     21397    800.00      25930    800.00     31148    900.00     37278    800.00     41520    800.00

02357    800.00     07202    900.00     11757    800.00     17289    900.00     21447    800.00      25986    800.00     31208    800.00     37345    800.00     41525    800.00

02371    800.00     07382    1500.00    11772    800.00     17295    900.00     21520    800.00      2592869  M80IL0.00  31367    800.00     37348    800.00     41619    800.00

02375CUARTO PREMIO  07422    800.00     11858    800.00     17378    800.00     21549    800.00                          31377    800.00     37400    800.00     41636    800.00

                    07507    800.00     11867    800.00     17444    800.00     21791    800.00      26165    800.00     31480    800.00     37501    800.00     41648    800.00

                    07583    800.00     11911    800.00     17680    800.00     2192728  M80IL0.00   26239    800.00     31482    800.00     37562    800.00     4184424  M80IL0.00

                    07590    800.00     11958    800.00     17740    800.00                          26253    800.00     31508    800.00     37741    800.00

                    07611    800.00     1191802  M80IL0.00  17774    800.00     22023    800.00      26294    800.00     31570    1500.00    37920    800.00     42045    800.00

C$20,000.00         07644    800.00                         17788    800.00     22313    800.00      26330    800.00     31600    800.00     3793389  M80IL0.00  42127    800.00

MANAGUA             07682    800.00     12034    800.00     17885    800.00     22388    800.00      26409    800.00     31755    800.00                         42158    800.00

                    07757    900.00     12039    800.00     17890    800.00     22436    800.00      26520    800.00     31863    800.00     38107    800.00     42168    800.00

02377    900.00     07775    800.00     12157    800.00     1781984  M80IL0.00  22446    800.00      26708    800.00     31881    800.00     38170    800.00     42170    900.00

02387    800.00     07874    800.00     12342    800.00                         22473    800.00      26779    800.00     31891    800.00     38182    800.00     42173    2500.00

02546    800.00     07911    800.00     12405    800.00     18135SEGUNDO        22622    800.00      2682272  M80IL0.00  31908    800.00     38199    800.00     42408    800.00

02583    1500.00    0790488  M80IL0.00  12410    800.00     PREMIO              22719    800.00      27041    800.00     3193521  M80IL0.00  38202    800.00     42410    800.00

02880    800.00                         12493    800.00                         22764    800.00      27049    800.00     32002    800.00     38215    800.00     42410    800.00

0280831  M80IL0.00  08124    800.00     12547    800.00                         22802    800.00      27186    800.00     32018    800.00     38284    800.00     42475    800.00

                    08162    800.00     12591    800.00                         22915    900.00      27241    800.00     32033    800.00     38486    800.00     42532    800.00

03051    800.00     08204    800.00     12610    800.00                         22925    800.00      27283    800.00     32039    800.00     38575    800.00     42558    800.00

03205    800.00     08211    800.00     12625    800.00     C$250,000.00        2292837  M80IL0.00   27295    800.00     32045    800.00     38593    800.00     4274737  M80IL0.00

03240    800.00     08258    800.00     12763    800.00                         23077    800.00      27339    800.00     32054    900.00     38638    900.00

03562    800.00     08283    800.00     1281532  M80IL0.00  MATAGALPA           23077    800.00      27438    800.00     32144    800.00     38661    800.00     43178    800.00

03628    800.00     08334    800.00     13001    800.00                         23290    800.00      27443    800.00     32292    800.00     38678    800.00     43248    800.00

03682    800.00     08342    800.00     13017    900.00     18153    800.00     23382    800.00      27503    800.00     32433    800.00     3873097  M80IL0.00  43293    800.00

03806    800.00     08428    900.00     13050    900.00     18243    800.00     23460    800.00      27530    800.00     32442    800.00     39024    800.00     43410    900.00

03807    800.00     08458    800.00     13161    800.00     18339    800.00     23537    900.00      27616    900.00     32692    800.00     39055    800.00     43462    800.00

03833    800.00     08493    800.00     13263    5000.00    18340    800.00     23613    900.00      27764    800.00     3273031  M80IL0.00  39144    800.00     43502    800.00

03941    2500.00    08494    1500.00    13267    800.00     18438    800.00     23701    800.00      27775    800.00                         39151    800.00     43504    800.00

0390744  M80IL0.00  08504    800.00     13308    800.00     18471    800.00     23876    800.00      27965    800.00     33151    800.00     39184    800.00     43513    800.00

                    08514    800.00     13355    800.00     18530    800.00     23911    625.00      27987    800.00     33260    800.00     39203    800.00     43643    800.00

04032    800.00     08548    800.00                         18594    800.00                                              33379    800.00                         43716    800.00

04036    800.00     08565    800.00     13393    800.00     18635    800.00     23912    625.00      2792981  M80IL0.00  33433    800.00     39265    800.00     43738    800.00

04168    800.00     08660    800.00     13581    800.00     18672    800.00     23913    1250.00     28033    800.00     33461    800.00     39349    800.00     43803    800.00

04181    800.00     08760    800.00     13612    800.00     18714    800.00     PREMIO               28104    800.00     33486    1500.00    39526    800.00     43905    800.00

04241    800.00     0880794  M80IL0.00  13697    800.00     18765    800.00     23914MAYOR           28146    800.00     33551    800.00     39529    800.00     43934    800.00

04407    800.00                         13710    800.00     18798    800.00                          28182    800.00     33671    800.00     39529    800.00     43948    800.00

04411    800.00     09029    800.00     13773    800.00     1891899  M80IL0.00                       28381    800.00     33713    800.00     39551    800.00     4394649  M80IL0.00

04513    800.00     09082    800.00     13837    800.00                                              28539    800.00     33899    800.00     39580    800.00

04552    800.00     09082    800.00     1381843  M80IL0.00  19021    800.00                          28644    800.00     33907    800.00     39600    800.00     44071    800.00

04605    800.00     09108    800.00     14063    800.00     19026    800.00                          28751    800.00     33952    800.00     39601    800.00     44134    800.00

04739    800.00     09198    800.00     14128    800.00     19028    900.00                          28801    800.00     3393649  M80IL0.00  39646    800.00     44189    800.00

04746    800.00     09211    800.00     14171    800.00     19109    800.00                          28849    800.00                         39647    800.00     44191    800.00

04767    800.00     09328    800.00     14203    800.00     19149    900.00                          28877    800.00     34100    800.00     39660    800.00     44377    800.00

04786    800.00     09345    800.00     14293    800.00     19187    800.00                                              34144    800.00     39711    800.00     44652    800.00

04842    800.00     09413    800.00     14390    800.00     19258    800.00     C$ 3,500,000.00      28894TERCER PREMIO  34151    800.00     39720    800.00     4494657  M90IL0.00

04871    800.00     09476    800.00     14410    800.00     19273    800.00                                              34175    800.00     39722    800.00     45143    800.00

0490050  M80IL0.00  09533    800.00     14465    800.00     19327    800.00                                              34254    800.00     39740    800.00     45161    800.00

05145    800.00     09579    800.00     14525    800.00     19384    800.00     VENDIDO POR EL                           34277    900.00     39753    800.00     45164    800.00

05184    800.00     09639    800.00     14543    800.00     19504    800.00     CONCESIONARIO Q-001                      34351    800.00     3984700  M80IL0.00  45192    800.00

05304    800.00     09677    800.00     14579    800.00     19590    800.00     ERSLY HABORTH                            34418    800.00     40088    800.00     45199    800.00

05340    800.00     09765    800.00     14688    800.00     19593    800.00     PATERSON HOW         C$50,000.00         34461    800.00     40101    800.00     45231    800.00

05482    800.00     09768    800.00     14718    800.00     19601    900.00     PUERTO CABEZAS       MANAGUA             34556    800.00     40145    800.00     45269CUARTO PREMIO

05513    800.00     09772    800.00     1471856  M80IL0.00  19622    800.00                                              34619    800.00     40161    800.00

05555    900.00     09903    800.00                         19637    800.00                          2892296  M80IL0.00  34768    800.00     40229    800.00

05556    800.00     09906    800.00     15051    800.00     19667    800.00     23915    1250.00                         34791    800.00     40248    800.00

05578    800.00     0991107  M80IL0.00  15076    800.00     19788    800.00     23916    625.00      29093    900.00     3473952  M80IL0.00  40275    800.00     C$20,000.00

05659    900.00     10002    800.00     15130    800.00     19877    800.00     2392147  M62IL5.00   29103    800.00                         40309    800.00     MANAGUA

05781    800.00     10020    800.00     15603    800.00     19886    800.00     24105    800.00      29104    800.00     35134    800.00     40331    800.00     45320    800.00

05840    800.00     10043    800.00     15680    800.00     19919    800.00     24254    800.00      29245    800.00     35248    800.00     40378    800.00     45395    800.00

05938    800.00     10186    800.00     15703    800.00     19931    800.00     24263    800.00      29387    800.00     35286    800.00     40410    800.00     45409    800.00

05953    800.00                         15726    900.00     19937    800.00     24365    800.00      29423    800.00     35507    800.00     40413    800.00     45413    800.00

0590869  M80IL0.00  10202QUINTO PREMIO  15797    800.00     1992600  M80IL0.00  24439    800.00      29490    800.00     35562    800.00     40413    800.00     45503    800.00

                                        15814    800.00     20146    800.00     24591    800.00      29593    800.00     35645    800.00     40442    800.00     45577    800.00

06079    800.00     C$15,000.00         15916    800.00     20257    800.00     24617    800.00      29645    800.00     35706    900.00     40581    800.00     45612    800.00

06138    800.00     MANAGUA             15922    800.00     20259    800.00     24685    800.00      29680    800.00     3593464  M80IL0.00  40591    800.00     45638    800.00

06144    800.00                         15996    800.00     20307    800.00     24762    800.00      29838    900.00                         40608    800.00     45911    800.00

NOTA: LOS BILLETES TERMINADOS EN 3914 GANAN C$4,800.00, LOS TERMINADOS EN 914 GANAN C$2,400.00, LOS TERMINADOS EN 14 GANAN

C$1,200.00, LOS TERMINADOS EN 4 GANAN C$600.00. TODOS LOS NUMEROS DE LA PRESENTE LISTA Y QUE A LA VEZ TENGAN TERMINACIONES

DEL PREMIO MAYOR TIENEN DERECHO AL PREMIO Y A LA TERMINACION. SE EXCEPTUA AL PREMIO MAYOR EN TODAS LAS TERMINACIONES.

         ESTA LISTA ES GRATIS · VISITE WWW.LOTERIANACIONAL.COM.NI
