                                                                     SORTEO ORDINARIO Nº 1455

                                                                                                                                                                        MANAGUA

                                                            3,500,000Córdobas                                                                                           17 DE MARZO

                                                                                                                                                                                   2009

                                                                                                                                                                        CADUCIDAD

                                                                                                                                                                        25 DE JUNIO

                                                                                                                                                                                   2009

                                                                                                                                                                        LISTA OFICIAL

01       MIL        06433    800.00     11124    800.00     17366    800.00                       C$ 3,500,000.00      25192SEGUNDO        29804    800.00     35441    800.00     40759    800.00

01157    800.00     06642    800.00     11176    800.00     17412    800.00                                            PREMIO              2983100  M80IL0.00  35491    800.00     40777    800.00

01194    800.00     06761    800.00     11359    800.00     17539    800.00                                                                30002    800.00     35641    800.00     40832    900.00

01495    800.00     06855    800.00     11674    800.00     17618    1500.00                      VENDIDO POR EL                           30207    800.00     35679    800.00     40890    800.00

01499    800.00     06931    800.00     11887    800.00     17646    900.00                       CONCESIONARIO K-306                                          35741    800.00     4094219  M80IL0.00

01532    800.00     06938    800.00     11896    800.00     17674    800.00                       RENE RODRIGUEZ                           30353    800.00     35935    800.00

01559    800.00     06941    800.00     11901    800.00     17676    800.00                       MARQUEZ                                  30417    800.00     35946    800.00     41005    800.00

01582    800.00     06947    800.00     1191552  M80IL0.00  17741    800.00                       JINOTEPE             C$250,000.00        30584    800.00     3593662  M80IL0.00  41036    800.00

01668    900.00     06969    800.00                         17742    800.00                                            CHINANDEGA          30642    800.00                         41062    800.00

01824    900.00     0690879  M80IL0.00  12058    800.00     17849    800.00                       20814    1250.00                         3093010  M80IL0.00  36005    800.00     41063    800.00

01869    800.00                         12137    800.00     17885    800.00                       20815    625.00      25320    800.00     31051    800.00     36051    800.00     41093    800.00

01913    800.00     07111    800.00     12171    800.00     17901    800.00                       20816    625.00      25320    800.00     31095    800.00     36154    800.00     41118    800.00

0190629  M80IL0.00  07115    800.00     12693    800.00     1791689  M80IL0.00                    20890    800.00      25328    800.00     31152    800.00     36166    800.00     41316    800.00

                    07163    800.00     12809    800.00                                           2092318  M80IL0.00   25397    800.00     31162    800.00     36198    800.00     41528    800.00

02145    800.00     07242    800.00     12813    800.00     18001    800.00                                            25418    800.00     31173    800.00     36360    800.00     41543    800.00

02161    800.00     07272    800.00     1291113  M90IL0.00  18004    800.00                       21114    800.00      25766    800.00     31364    800.00     36497    900.00     41625    800.00

02165    800.00     07294    800.00     13225    800.00     18011    800.00                       21316    800.00      25779    800.00     31397    800.00     36539    800.00     41706    800.00

02172    800.00     07327    800.00     13249    800.00     18037    800.00                       21341    800.00      25875    800.00     31433    800.00     36588    800.00     41711    800.00

02228    800.00     07431    800.00     13326    800.00     18058    800.00                       21343    800.00      2582767  M80IL0.00  31527    800.00     36616    800.00     41754    800.00

02345    800.00     07456    800.00     13333    800.00     18076    800.00                       21396    800.00                          31560    800.00     36743    800.00     41760    800.00

02350    800.00     07564    900.00     13351    2500.00    18151    800.00                       21602    800.00      26004    800.00     31655    800.00     36749    800.00     41769    800.00

02351    800.00     07579CUARTO PREMIO  13408    800.00     18245    800.00                       21621    800.00      26096    800.00     31704    800.00     3693274  M80IL0.00  41778    800.00

02454    800.00                         13469    800.00     18488    800.00                       21653    800.00      26118    900.00     31706    800.00     37002    800.00     41865    800.00

02480    800.00                         13511    800.00     18550    800.00                       21670    800.00      26120    800.00     31707    800.00     37018    800.00     41911    800.00

02649    900.00     C$20,000.00         13821    800.00     18767    800.00                       21677    800.00      26334    800.00     31831    800.00     37082    800.00     41935    800.00

02696    800.00     JINOTEPE            13847    800.00     18772    800.00                       21784    800.00      26500    800.00     3193529  M80IL0.00  37090    800.00     41963    800.00

02721    900.00                         13856    900.00     18918    800.00                       21822    800.00      26508    800.00                         37101    800.00     41972    800.00

02815    800.00     07581    800.00     13871    900.00     1891199  M80IL0.00                    21975    800.00      26522    800.00     32012    800.00     37267    800.00     4194829  M80IL0.00

02892    800.00     07608    800.00     1391740  M80IL0.00  19075    800.00                       2192726  M80IL0.00   26523    800.00     32041    800.00     37305    800.00     42182    800.00

0290539  M80IL0.00  07623    800.00                         19096    800.00                       22009    900.00      26562    800.00     32190    800.00     37371    800.00     42228    800.00

03010    800.00     07645    900.00     14006    900.00     19108    800.00                       22029    800.00      26643    800.00     32341    800.00     37575    800.00     42248    800.00

03014    800.00     07646    800.00     14048    800.00     19142    800.00                       22163    800.00      26748    800.00     32558    800.00     37601    800.00     42253    800.00

03053    800.00     07673    800.00     14074    800.00     19157    800.00                       22315    1500.00     26758    800.00     32562    800.00     37633    800.00     42302    800.00

03166    800.00     07690    2500.00    14119    800.00     19171    800.00                       22340    800.00      26767    800.00     32776    800.00     37708    800.00     42562    800.00

03178    800.00     07754    800.00     14180    800.00     19238    800.00                       22499    800.00      26815    800.00     32805    800.00     37709    800.00     42576    900.00

03181    800.00     07756    900.00     14194    800.00     19259    800.00                       22566    800.00      26849    900.00     32835    800.00     37715    800.00     42631    800.00

03309    800.00     0790282  M90IL0.00  14273    800.00     19330    800.00                       22633    800.00      2692278  M80IL0.00  3293337  M80IL0.00  37879    800.00     42758    800.00

03393    800.00     08021    800.00     14313    800.00     19416    800.00                       22688    800.00      27137    800.00     33066    800.00     3793289  M80IL0.00  42759    800.00

03447    800.00     08033    800.00     14325    800.00     19463    800.00                       22708    800.00      27282    800.00     33145    800.00                         42775    800.00

03512    800.00     08153    800.00     14424    800.00     19579    1500.00                      22748    800.00      27292    800.00     33149    800.00     38009    800.00     42793    800.00

03576    800.00     08192    800.00     14585    800.00     19584    800.00                       22783    800.00      27304    800.00     33172    800.00     38021    800.00     42812    800.00

03591    800.00     08252    800.00     14704    800.00     19606    800.00                       22793    800.00      27385    900.00     33281    800.00     38054    900.00     42852    800.00

03669    800.00     08366    800.00     14704    800.00     19682    800.00                       22839    800.00      27411    800.00     33288    800.00     38060    800.00     42893    800.00

03714    800.00     08623    800.00     1481558  M80IL0.00  19683    800.00                       22839    800.00      27583    800.00     33351    800.00     38068    800.00     4294733  M80IL0.00

03800    800.00     0860897  M90IL0.00  15003    800.00     19713    800.00                       22842    800.00      27594    800.00     33524    800.00     38146    800.00

0390348  M80IL0.00                      15180    800.00     19717    800.00                       22861    800.00      27693    800.00     33535    800.00     38176    800.00     43143    800.00

                    09045    800.00     15316    800.00     19735    800.00                       22876    800.00      27783    800.00     33555    800.00     38189    800.00     43155    800.00

04090    800.00     09100    800.00     15359    800.00     19753    800.00                       22887    1500.00     27810    800.00     33559    800.00     38195    800.00     43180    800.00

04111    800.00     09207    800.00     15380    800.00     19879    800.00                       22910    800.00      27822    800.00     33606    800.00     38321    800.00     43254    800.00

04116    800.00     09323    800.00     15633    800.00     1992803  M80IL0.00                    2292633  M80IL0.00   27856    800.00     33631    800.00     38404    800.00     43329    800.00

04142    900.00     09397    800.00     15698    800.00                                                                27881    800.00     33705    800.00     38465    800.00     43395    800.00

04142    800.00     09489    800.00     15763    800.00     20074    800.00                       23018    800.00      27892    800.00     33744    900.00     38581    800.00     43430    800.00

04165    800.00     09800    800.00     15832    800.00     20081    800.00                       23159    800.00      27913    800.00     33767    900.00     38657    800.00     43442    900.00

04172    800.00     09829    800.00     15836    800.00     20220    800.00                       23300    800.00      27925    800.00     33777    800.00     38751    800.00     43589    800.00

04212    800.00     0991604  M80IL0.00  15843    800.00     20281    800.00                       23344    800.00      2792882  M80IL0.00  33778    800.00     38849    800.00     43726    800.00

04220    800.00     10084    800.00     15873    800.00     20343    800.00                       23392    800.00                          33781    800.00     38877    800.00     4384440  M80IL0.00

04260    800.00     10246    800.00     15892    800.00     20386    800.00                       23505    800.00      28159    800.00     33808    800.00     38953    800.00     44051    800.00

04359    800.00     10451    800.00     1581967  M80IL0.00    20564TERCER PREMIO                  23580    800.00      28175    800.00     33883    800.00     3893796  M80IL0.00  44215    800.00

04749    800.00     10619    900.00                                                               23640    800.00      28381    1500.00    3393441  M80IL0.00  39163    800.00     44225    800.00

04842    800.00     10620    800.00     16011    800.00                                           23681    800.00      28408    800.00                         39168    800.00     44248    800.00

0480552  M80IL0.00  10637    800.00     16059    900.00                                           23939    800.00      28522    800.00     34142    800.00     39191    800.00     44388    800.00

05143    800.00     10665    800.00     16083    800.00                                           23840QUINTO PREMIO   28572    800.00     34243    800.00     39206    800.00     44461    800.00

05160    900.00     10737    800.00     16126    800.00                                                                28620    800.00     34255    800.00     39211    800.00     44506    800.00

05295    800.00     10781    800.00     16132    800.00       C$50,000.00                                              28648    800.00     34286    800.00     39216    800.00     44510    900.00

05362    800.00                         16138    800.00       MANAGUA                             C$15,000.00          28689    800.00     34487CUARTO PREMIO  39436    1500.00    44529    1500.00
                                                                                                  MANAGUA
05385    800.00     10796TERCER PREMIO  16195    800.00                                                                28782    800.00                         39442    800.00     44555    900.00

05441    800.00                         16268    800.00     20656    800.00                                            28800    800.00                         39544    800.00     44647    800.00

05490    800.00                         16323    800.00                                           23946    800.00      28816    800.00     C$20,000.00         39720    800.00     44667    800.00

05510    800.00                         16468    800.00       20810  625.00                       2392740  M80IL0.00   28918    800.00     LEON                39743    800.00     44693    800.00

05521    800.00                         16581    800.00       20811  625.00                       24058    800.00      28966    800.00     34509    800.00     39847    800.00     44743    800.00

05616    800.00                         16874    800.00       20812  1250.00                      24084    800.00      28994    800.00     34609    900.00     39881    800.00     44772    800.00

05682    800.00     C$50,000.00         1681877  M80IL0.00    20813222P000MRAEYMOI111RO...000000  24145    800.00      2892998  M80IL0.00  34622    800.00     39905    800.00     44811    800.00
                    RIVAS
05825    800.00                         17087    800.00                                           24625    900.00      29000    800.00     34669    800.00     3994400  M80IL0.00  44930    800.00

0580562  M80IL0.00                      17137    800.00     20       1.00                         24684    800.00      29008    800.00     34683    800.00                         4494755  M80IL0.00

                    10805    900.00     17184    800.00     20       1.00                         24782    800.00      29031    800.00     34788    800.00     40015    800.00

06052    800.00     10812    800.00     17214    800.00     20       1.00                         24875    800.00      29273    800.00     3493855  M80IL0.00  40206    800.00     45116    800.00

06103    800.00     10857    800.00     17219    800.00     20       1.00                         24891    800.00      29289    800.00     35058    800.00     40290    800.00     45149    800.00

06114    800.00     10889    800.00     17301    800.00     20       1.00                         24934    800.00      29391    800.00     35249    800.00     40379    800.00     45353    800.00

06320    800.00     10913    800.00     17329    800.00     20       1.00                         24972    800.00      29392    800.00     35310    5000.00    40426    800.00     45394    800.00

06349    800.00     1091510  M80IL0.00  17350    800.00     20       1.00                         2492950  M80IL0.00   29395    800.00     35325    800.00     40548    800.00     45417    800.00

06376    800.00                         17352    800.00     20       1.00                                              29487    800.00     35386    800.00     40604    800.00     45433    800.00

06392    800.00     11044    800.00     17364    800.00     20       1.00                         25137    800.00      29581    800.00     35415    800.00     40618    800.00     45833    800.00

06416    800.00     11044    800.00                                                               25173    800.00      29689    800.00                         40685    900.00     45837    800.00

NOTA: LOS BILLETES TERMINADOS EN 0813 GANAN C$4,800.00, LOS TERMINADOS EN 813 GANAN C$2,400.00, LOS TERMINADOS EN 13 GANAN

C$1,200.00, LOS TERMINADOS EN 3 GANAN C$600.00. TODOS LOS NUMEROS DE LA PRESENTE LISTA Y QUE A LA VEZ TENGAN TERMINACIONES

DEL PREMIO MAYOR TIENEN DERECHO AL PREMIO Y A LA TERMINACION. SE EXCEPTUA AL PREMIO MAYOR EN TODAS LAS TERMINACIONES.

         ESTA LISTA ES GRATIS · VISITE WWW.LOTERIANACIONAL.COM.NI
