                                                                        SORTEO ORDINARIO Nº 1456

                                                                                                                                                            MANAGUA

                                                               3,500,000Córdobas                                                                            24 DE MARZO

                                                                                                                                                                        2009

                                                                                                                                                            CADUCIDAD

                                                                                                                                                            2 DE JULIO

                                                                                                                                                                        2009

                                                                                                                                                            LISTA OFICIAL

01       MIL         06       MIL         11027    1000.00     16800    10,000.00   23356    1000.00     29516    1000.00     34534    1000.00     39275    1000.00     C$50,000.00

01023    1000.00     06030    1000.00     11037    1000.00     16894    1000.00     23373    2000.00     29591    1000.00     34580    1000.00     39282    1000.00     MANAGUA

01145    1000.00     06085    1000.00     11084    1000.00     1691272  1M00IL0.00  23446    1000.00     29838    1000.00     34715    1000.00     39377    1000.00

01218    1000.00     06132    1000.00     11089    1000.00                          23484    1000.00     2993705  1M00IL0.00  34791    1000.00     39442    2000.00     45718    1000.00

01276    1000.00     06247    1000.00     11145    2000.00     17255    1000.00     23523    1000.00     30048    1000.00     34851    1000.00     39490    1000.00     45720    1000.00

01320    1000.00     06290    1000.00     11195    1000.00     17260    1000.00     23603    1000.00     30092    1000.00     34855    1000.00     39501    1000.00     45886    1000.00

01453    1000.00     06360    1000.00     11256    1000.00     17445    1000.00     23665    1000.00     30280    1000.00     34906    1000.00     39505    1000.00     45897    1000.00

01810    2000.00     06634    1000.00     11269    1000.00     17479    1000.00     23771    1000.00     30346    1000.00     3493158  1M00IL0.00  39664    1000.00     4594462  1M00IL0.00

01830    1000.00     06741    1000.00     11275    1000.00     17660    1000.00     23950    1000.00     30371    1000.00     35015    1000.00     3964803  2M00IL0.00

01969    1000.00     06801    1000.00     11296    1000.00     17691    1000.00     23963    1000.00     30372    1000.00     35122    1000.00     40227    1000.00     46021    1000.00

0190729  1M00IL0.00  0680771  1M00IL0.00  11587    1000.00     1781386  1M00IL0.00  2392742  1M00IL0.00  30401    1000.00     35187    1000.00     40362    1000.00     46365    1000.00

02064    1000.00     07201    1000.00     11656    2000.00     18066    1000.00                          30494    1000.00     35296    1000.00     40366    1000.00     46437    1000.00

                                          11671    1000.00                          24001    1000.00     30536    1000.00     35344    1000.00     40521    1000.00     46517    1000.00

02130    1000.00     07214    1000.00     11683QUINTO PREMIO   18126    1000.00     24180    1000.00                                                                    46653    1000.00

02151    1000.00     07222    1000.00                          18423    1000.00     24222    1000.00     30724    1000.00     35380    1000.00     40602    1000.00     46671    1000.00

02178    1000.00     07269    1000.00                          18446    1000.00     24281    1000.00     3083410  1M00IL0.00  35380    1000.00     40709    1000.00     46735    1000.00

02195    1000.00     07289    1000.00     C$20,000.00          18765    1000.00     24533    1000.00     31083    2000.00     35485    1000.00     40772    1000.00     46805    1000.00

02200    1000.00     07395    1000.00     BLUEFIELDS           18787    1000.00     24581    1000.00     31159    1000.00     3573166  1M00IL0.00  40777    1000.00     46831    1000.00

02207    1000.00     07441    1000.00                          18894    1000.00     24593    1000.00     31164    1000.00     36006    1000.00     4084810  1M00IL0.00  46832    1000.00

02382    1000.00     07499    1000.00     11772    1000.00     1891997  1M00IL0.00  24620    1000.00     31167    1000.00     36018    1000.00     41028    1000.00     4694875  1M00IL0.00

02418    1000.00     07565    1000.00     1181222  1M00IL0.00  19022    1000.00     24701    1000.00     31174    1000.00     36047    1000.00     41063    2000.00

02430TERCER PREMIO   07585    2000.00                          19122    1000.00     2482752  1M00IL0.00  31225    1000.00     36096    1000.00     41119    1000.00     47063    1000.00

                     07632    1000.00     12009    1000.00     19175    1000.00                          31396    1000.00     36126    2000.00     41358    1000.00     47081    1000.00

                     07658    1000.00     12051    1000.00                          25129    1000.00     31442    1000.00     36147    1000.00     41469    1000.00     47223    1000.00

                     07771    1000.00     12056    1000.00     19368    1000.00     25161    1000.00                                                                    47298    1000.00

                     07792    1000.00     12135    1000.00     19521    1000.00     25214    1000.00     31470    1000.00     36265    1000.00     41634    1000.00     47393    1000.00

C$50,000.00          07833    1000.00     12183    1000.00     19714    1000.00     25261    1000.00     31554    1000.00     36384    1000.00     41740    1000.00     47443    1000.00

                     0780785  1M00IL0.00  12212    1000.00     19861    1000.00     25320    1000.00     31672    1000.00     36431    1000.00     41845    1000.00     47467    1000.00

MANAGUA                                   12458    1000.00     19874    1000.00     25451    1000.00     31754    1000.00     36435    1000.00     41862    3000.00     47505    1000.00

                     08056    1000.00     12483    1000.00     19916    1000.00     25486    2000.00     31781    1000.00     36465    1000.00     41864    1000.00     47512    1000.00

02546    2000.00     08090    1000.00     12848    1000.00     1992504  1M00IL0.00  25552    1000.00     31891    2000.00     36532    1000.00     41972    1000.00     47549    1000.00

02562    1000.00     08124    1000.00     1281932  1M00IL0.00  20047    1000.00     25652    1000.00     31895    1000.00     3653572  1M00IL0.00  4194723  1M00IL0.00  47723    2000.00

02644    1000.00     08130    1000.00                          20107    1000.00     25662    1000.00     31952    1000.00     37027    1000.00     42083    2000.00     47768    1000.00

02696    1000.00     08140    2000.00     13007    1000.00     20262    1000.00     25855    1000.00     31957    1000.00     37176    1000.00     42279    1000.00     47830    1000.00

02696    1000.00     08153    1000.00     13070    1000.00     20315    1000.00     25862    1000.00     31964CUARTO PREMIO   37208    1000.00     42291    1000.00     47844    1000.00

0280131  1M00IL0.00  08158    1000.00     13202    1000.00     20464    1000.00     25867    1000.00                          37210    1000.00     42402    1000.00     47890    1000.00

                     08204    1000.00     13250    1000.00     20641    1000.00     2582762  1M00IL0.00                       37472    1000.00     42427    1000.00     47942    2000.00

03151    1000.00     08262    2000.00     13271    1000.00     20672    1000.00                          C$25,000.00          37473    1000.00     42486    1000.00     4794987  1M00IL0.00

03251    1000.00     08273    1000.00     13321    1000.00                          26123    1000.00     JINOTEPE             37474    2000.00     42494    1000.00

03272    1000.00     08409    1000.00     13339    1000.00     20692    1000.00     26185    1000.00                                                                    48061    1000.00

03408    1000.00     08534    1000.00     13429    1000.00     20712    1000.00     26288    1000.00     3193822  2M00IL0.00  PREMIO               42497    1000.00     48156    1000.00

03485    1000.00     08545    1000.00     13743    1000.00     20714    1000.00     26372    1000.00                          37475MAYOR           42650    1000.00     48324    1000.00

03504    1000.00     08612    1000.00     13791    3000.00     2092511  1M00IL0.00  26390    1000.00     32092    1000.00                          42672    1000.00     48371    1000.00

03587    1000.00     08700    1000.00     13791    1000.00     21062    1000.00     26509    1000.00     32109    1000.00                          42739    1000.00     48509    1000.00

03623    1000.00     08751    1000.00     13851    1000.00     21267    1000.00     26546    1000.00     32149    1000.00                          42747    1000.00     48628    1000.00

03814    1000.00     08803    1000.00     1381847  1M00IL0.00  21413    1000.00     26811    1000.00     32199    1000.00                          42905    1000.00     48647    1000.00

03908    2000.00     08828    1000.00                          21607    1000.00     26990    1000.00     32199    1000.00                          42949    1000.00     48685    1000.00

03908    1000.00     0890597  1M00IL0.00  14003    1000.00     21684    1000.00     26992    1000.00     32230    1000.00                          42981    1000.00     48807    1000.00

03972    1000.00                          14080    1000.00     21692    1000.00     2692974  1M00IL0.00  32235    1000.00                          4294939  1M00IL0.00  48922    1000.00

0390746  1M00IL0.00  09021    1000.00     14399    1000.00     21827    1000.00                          32235    1000.00                          43252    2000.00     48925    1000.00

                     09039    1000.00     14401    1000.00                          27132    1000.00     32286    1000.00     C$ 3,500,000.00      43277    1000.00     48965CUARTO PREMIO

04019    1000.00     09085    1000.00     14438    1000.00     21870    1000.00     27172    1000.00     32377    1000.00

04047    1000.00     09182    1000.00     14478    1000.00     2182724  1M00IL0.00  27211    1000.00     32658    1000.00                          43378    1000.00

04058    3000.00     09372    1000.00     14556    1000.00                          27407    1000.00     32775    1000.00     VENDIDO POR EL       43455    1000.00     C$25,000.00

04067    1000.00     09427    1000.00     14579    1000.00     22016SEGUNDO         27615    1000.00     3293437  1M00IL0.00  CONCESIONARIO S-046  43598    1000.00     SAN CARLOS

04138    1000.00     09502    1000.00     1481058  2M00IL0.00  PREMIO               27816    1000.00                          ANTONIO TALENO       43683    1000.00

04351    1000.00     09510    1000.00                                               2792482  1M00IL0.00  33029    1000.00     ESPINOZA             4384040  1M00IL0.00  4894792  1M00IL0.00

04536    15,000.00   09563    1000.00     15040    1000.00                                               33029    1000.00     SAN CARLOS           44111    1000.00

04574    1000.00     09601    1000.00     15094    1000.00                          28043    1000.00     33190    1000.00                          44161    2000.00     49028    1000.00

04582    1000.00     09623    1000.00     15150    1000.00                          28077    1000.00     33191    1000.00     37476    2000.00     44198    1000.00     49041    1000.00

04650    1000.00     09648    1000.00     15245    1000.00     C$300,000.00         28258    1000.00     33248    1000.00     37477    1000.00     44239    1000.00     49096    1000.00

04651    1000.00     09691    1000.00     15318    1000.00                          28289    3000.00     33260    2000.00     37478    1000.00     44316    1000.00     49131    1000.00

04685    1000.00     09712    1000.00     15351    1000.00     MANAGUA              28325    1000.00     33333    1000.00     37602    1000.00     44400    2000.00     49152    1000.00

04693    1000.00     09739    1000.00     15384    1000.00                          28351    1000.00     33392    1000.00     37631    1000.00     44459    1000.00     49202    1000.00

04771    1000.00     09774    1000.00     15482    1000.00     22194    1000.00     28382    1000.00     33455    1000.00     37638    1000.00                          49234    1000.00

04856    1000.00     09790    1000.00     15560    1000.00     22240    1000.00     28457    2000.00     33476    1000.00     37684    1000.00     44466    1000.00     49493    1000.00

0490355  1M00IL0.00  09795    1000.00     15582    1000.00     22338    1000.00     28472    1000.00     33514    1000.00     37817    1000.00     44577    1000.00     49495    1000.00

                     09813    1000.00     15623    1000.00     22373    2000.00     28606    1000.00     33525    2000.00     37854    1000.00     44689    1000.00     49640    1000.00

05036    1000.00     09840    10,000.00   15650    1000.00     22395    1000.00     28649    1000.00     33541    1000.00     37857    1000.00     44701    1000.00     49678    1000.00

05093    1000.00     09841    1000.00     15806    1000.00     22466    2000.00     28703    1000.00     33550    1000.00     37890    1000.00     4484954  1M00IL0.00  49766    1000.00

05150    1000.00     09859    1000.00     1591168  3M00IL0.00  22538    1000.00     28798    2000.00     33565    1000.00     37909    1000.00     45056    1000.00     49850    1000.00

05187    1000.00     09878    1000.00                          22541    1000.00     28859    1000.00     33582    1000.00     37965    1000.00     45091    1000.00     49860    1000.00

05272    1000.00     0991301  1M00IL0.00  16043    1000.00     22559    1000.00     2882695  1M00IL0.00  33592    1000.00     3793883  1M00IL0.00  45097    1000.00     4995103  1M00IL0.00

05289    1000.00                          16095    1000.00     22691    1000.00                          33735    1000.00                          45197    1000.00

05294    1000.00     10085    1000.00     16169    1000.00     22739    1000.00     29049    1000.00     33777    1000.00     38238    1000.00     45246    1000.00     50045    1000.00

05489    1000.00     10107    1000.00     16322    1000.00     22880    1000.00     29100    1000.00     33886    1000.00     38268    1000.00     45295    3000.00     50073    1000.00

05497    1000.00     10119    2000.00     16357    1000.00     22933    1000.00     29168    1000.00     33913    1000.00     38610    1000.00     45456    1000.00     50175    1000.00

05555    1000.00     10138    1000.00     16480    1000.00     22941    1000.00     29189    1000.00     3393540  1M00IL0.00  38665    1000.00     45519    1000.00     50229    1000.00

05580    1000.00     10152    1000.00     16582    1000.00     22960    1000.00     29226    1000.00                          38668    1000.00     45607    1000.00     50289    1000.00

05603    1000.00     10185    1000.00     16674    1000.00     22986    1000.00     29237    1000.00     34078    1000.00     38715    1000.00                          50357    1000.00

05728    1000.00     10564    1000.00     16685    1000.00     2292933  1M00IL0.00  29302    1000.00     34097    1000.00     3873991  1M00IL0.00  45699TERCER PREMIO   50652    1000.00

05854    2000.00     10613    1000.00     16693    1000.00                          29362    2000.00     34132    1000.00                                               50716    1000.00

05901    1000.00     10880    1000.00     16707    1000.00     23018    1000.00     29389    1000.00     34139    1000.00     39154    1000.00                          50782    1000.00

05912    2000.00     1091618  1M00IL0.00  16725    1000.00     23175    1000.00     29392    1000.00     34458    1000.00     39203    1000.00                          50823    1000.00

05993    3000.00                          16759    1000.00     23233    1000.00     29404    1000.00     34497    1000.00     39271    2000.00                          50910    1000.00

NOTA: LOS BILLETES TERMINADOS EN 7475 GANAN C$4,800.00, LOS TERMINADOS EN 475 GANAN C$2,400.00, LOS TERMINADOS EN 75 GANAN

C$1,200.00, LOS TERMINADOS EN 5 GANAN C$600.00. TODOS LOS NUMEROS DE LA PRESENTE LISTA Y QUE A LA VEZ TENGAN TERMINACIONES

DEL PREMIO MAYOR TIENEN DERECHO AL PREMIO Y A LA TERMINACION. SE EXCEPTUA AL PREMIO MAYOR EN TODAS LAS TERMINACIONES.

         ESTA LISTA ES GRATIS · VISITE WWW.LOTERIANACIONAL.COM.NI
