                                                                     SORTEO ORDINARIO Nº 1457

                                                                                                                                         MANAGUA

                                                              5,000,000Córdobas                                                          31 DE MARZO

                                                                                                                                                  2009

                                                                                                                                         CADUCIDAD

                                                                                                                                         9 DE JULIO

                                                                                                                                                  2009

                                                                                                                                         LISTA OFICIAL

01     MIL           04531  850.00       11283  850.00        17     MIL          22537  850.00    28122  850.00  33837  850.00   39728  850.00   45702  850.00

01029  850.00        04594  850.00       11411  850.00        17085  850.00       22725  850.00    28245  850.00  33868  850.00   39733  850.00   45712  850.00

01112  900.00        04651  850.00       11609  850.00        17094  850.00       22738  850.00    28394  850.00  33903  850.00   39801  850.00   45735  850.00

01116  850.00        04667  900.00       11739  850.00        17112  850.00       22746  850.00    28537  850.00  33931  850.00   39848  850.00   45756  850.00
                                                                                                                                                  46     MIL
01139  850.00        04714  850.00       11932  850.00        17113  850.00       22763  850.00    28584  850.00  33935  850.00   39914  850.00
                                         12     MIL                                                                               40     MIL
01157  850.00        04756  850.00                            17151  850.00       22877  850.00    28691  850.00  33946  850.00                   46037  850.00
                                                                                  23     MIL
01171  900.00        04875  850.00       12241  850.00        17176  850.00                        28756  850.00  33969  850.00   40042  850.00   46041  850.00

01439  850.00        04924  850.00       12249  850.00        17186  850.00       23029  850.00    28762  850.00  33996  850.00   40156  900.00   46088  900.00
                     05     MIL                                                                                   34     MIL
01475  850.00                            12301  850.00        17189  850.00       23068  850.00    28773  850.00                  40164  850.00   46138  850.00

01506  850.00        05010  850.00       12337  850.00        17203  850.00       23147  850.00    28776  850.00  34022  850.00   40167  850.00   46149  850.00

01560  850.00        05133  850.00       12369  850.00        17208  850.00       23147  850.00    28776  850.00  34047  850.00   40186  850.00   46441  850.00

01612  850.00        05169  850.00       12393  850.00        17418  850.00       23226  850.00    28905  850.00  34220  850.00   40203  850.00   46446  850.00

01709CUARTO PREMIO   05418  850.00       12421  850.00        17473  850.00       23342  850.00    28926  850.00  34403  900.00   40207  850.00   46473  850.00

                     05426  850.00       12769  850.00        17496  850.00       23349  850.00    28939  850.00  34439  850.00   40235  850.00   46517  850.00

                     05456  850.00       12772  850.00        17552  850.00       23562  850.00    28939  850.00  34538  1000.00  40277  850.00   46743  850.00
                                         13     MIL                                                29     MIL
                     05573  850.00                            17628  850.00       23734  900.00                   34706  850.00   40368  850.00   46802  850.00

CJ$U5I0G,0A0L0P.0A0  05576QUINTO PREMIO  13090  850.00        17646  850.00       23763  850.00    29003  850.00  34717  850.00   40370  850.00   46860  850.00

                                         13103  850.00        17651  850.00       23860  850.00    29018  850.00  34806  850.00   40411  850.00   46942  850.00
                                                                                                                                                  47     MIL
                     C$25,000.00         13418  850.00        17819  850.00       23942  850.00    29037  850.00  34892  850.00   40455  850.00
                                                                                  24     MIL                      35     MIL
01716  850.00        BLUEFIELDS          13522  850.00        17894  850.00                        29137  850.00                  40710  850.00   47020  850.00
                                                              18     MIL
01760  850.00                            13576  850.00                            24074  850.00    29153  850.00  35030  850.00   40717  850.00   47162  850.00

01777  850.00        05747  850.00       13928  850.00        18067  850.00       24180  850.00    29174  850.00  35077  850.00   40722  850.00   47220  850.00
                                         14     MIL
01823  850.00        05899  850.00                            18192  900.00       24278  850.00    29305  850.00  35078  850.00   40760  850.00   47302  1000.00

01965  850.00        05990  850.00       14001  850.00        18339  850.00       24408  850.00    29323  850.00  35125  850.00   40929  850.00   47335  850.00
02     MIL           06     MIL
                                         14036  850.00        18353  850.00       24441  850.00    29335  850.00  35290  850.00   40933  850.00   47381  850.00

02004  850.00        06058  850.00       14072  1250.00       18360  850.00       24456  900.00    29422  850.00  35394  850.00   40979  850.00   47385  5,000.00
                                                                                                                                  41     MIL
02015  850.00        06059  850.00       14073  850.00        18435SEGUNDO        24519  850.00    29447  850.00  35504  850.00                   47397  900.00

02064  850.00        06463  850.00       14073  1250.00       PREMIO              24523  850.00    29458  850.00  35615  850.00   41001  850.00   47404  850.00

02116  850.00        06514  850.00       14074  2500.00                           24581  850.00    29516  850.00  35943  850.00   41113  850.00   47486  850.00

02339  900.00        06584  850.00       PREMIO                                   24903  850.00    29567  850.00  35972  850.00   41161  850.00   47537  850.00
                                                                                                                  36     MIL
02366  850.00        06809  850.00       14075MAYOR                               24955  850.00    29686  850.00                  41248  850.00   47582  850.00
                     07     MIL
02561  850.00                                                                     24980  850.00    29778  850.00  36102  850.00   41254  850.00   47592  850.00
                                                                                  25     MIL
02600  850.00        07006  850.00                                                                 29944  850.00  36207  850.00   41282  850.00   47627  850.00
                                                                                                   30     MIL
02604  850.00        07012  850.00                                                25009  850.00                   36207  850.00   41282  850.00   47857  850.00

02674  850.00        07149  850.00                                                25016  900.00    30242  850.00  36225  850.00   41516  850.00   47971  850.00
                                                              C$125,000.00                                                                        48     MIL
02677  850.00        07240  850.00                                                25070  850.00    30338  850.00  36265  850.00   41568  850.00

02702  850.00        07246  850.00                            JINOTEPE            25161  850.00    30353  850.00  36350  850.00   41593  850.00   48097  850.00
03     MIL
                     07272  850.00                                                25196  850.00    30542  850.00  36375  850.00   41675  850.00   48103  850.00

03063  850.00        07289  1000.00      C$ 5,000,000.00                          25214  850.00    30550  850.00  36618  850.00   41683  850.00   48123  850.00

03075  850.00        07366  850.00                            18718  850.00       25241  850.00    30640  850.00  36813  850.00   41697  900.00   48141  850.00

03093  850.00        07393  850.00                            18745  850.00       25243  850.00    30659  850.00  36831  850.00   41713  900.00   48189  850.00

03119  850.00        07446  850.00       VENDIDO POR LA       18809  1000.00      25339  850.00    30738  850.00  36889  850.00   41844  850.00   48195  850.00
                                                                                                                  37     MIL
03268  850.00        07469  850.00       CONCESIONARIA A-903  18815  850.00       25444  850.00    30808  850.00                  41939  850.00   48236  850.00

03439  900.00        07568  850.00       ANGELITA MARITZA     18820  850.00       25446  850.00    30922  850.00  37013  850.00   41964  850.00   48383  850.00
                                                                                                   31     MIL                     42     MIL
03493  850.00        07856  850.00       REYES BERRIOS        18847  850.00       25598  850.00                   37193  850.00                   48677  850.00

03495  850.00        07858  850.00       MANAGUA              19     MIL          25616  850.00    31041  850.00  37255  850.00   42172  850.00   48707  850.00
                                                                                  26     MIL
03524  850.00        07927  850.00                            19017  850.00                        31086  850.00  37345  850.00   42194  850.00   48713  850.00

03575  850.00        07948  850.00       14076  2500.00       19344  850.00       26002  900.00    31102  850.00  37377  850.00   42219  850.00   48786  850.00

03621  850.00        07950  850.00       14077  1250.00       19355  850.00       26045  850.00    31115  850.00  37427  850.00   42341  900.00   48846  850.00

03668  850.00        07950  850.00       14078  1250.00       19361  850.00       26118  850.00    31116  850.00  37428  850.00   42574  850.00   48856  900.00

03730  850.00        07965  850.00       14125  850.00        19370  850.00       26118  850.00    31269  850.00  37536  900.00   42575  850.00   48967  850.00
                                                                                                                                                  49     MIL
03731SEGUNDO         07978  850.00       14153  850.00        19405  850.00       26147  850.00    31323  850.00  37584  850.00   42613  850.00
                     08     MIL
PREMIO                                   14177  850.00        19410  850.00       26269  900.00    31329  850.00  37650  850.00   42630  850.00   49021  850.00

                     08037  850.00       14258  850.00        19413  850.00       26335  850.00    31382  850.00  37673  850.00   42833  850.00   49068  850.00
                                                                                                                                  43     MIL
                     08572  1000.00      14306  850.00        19530  850.00       26437  850.00    31426  850.00  37816  850.00                   49282  850.00

                     08585  850.00       14367  850.00        19647  850.00       26458  850.00    31517  850.00  37954  850.00   43029  900.00   49330  850.00
                                                                                                                  38     MIL
                     08595  850.00       14550  850.00        19890  850.00       26459  850.00    31586  850.00                  43063  850.00   49359  850.00

                     08613  850.00       14705  850.00        19939  850.00       26512  850.00    31611  850.00  38115  850.00   43144  900.00   49380  850.00

                     08639  850.00       14784  850.00        19975  900.00       26588  850.00    31630  850.00  38144  1000.00  43483  850.00   49450  850.00
                                                              20     MIL
                     08737  900.00       14868  850.00                            26626  850.00    31665  850.00  38190  850.00   43665  850.00   49512  850.00
C$125,000.00         09     MIL
                                         14983  850.00        20007  850.00       26676  850.00    31703  850.00  38344  850.00   43715  850.00   49559  850.00
                                         15     MIL
JINOTEPE             09094  850.00                            20109  850.00       26739  850.00    31720  850.00  38446  850.00   43767  850.00   49574  850.00

                     09267  850.00       15003  850.00        20308  850.00       26869  850.00    31790  900.00  38451  850.00   43822  1000.00  49803  850.00
                                                                                                   32     MIL
                     09459  850.00       15179  850.00        20488  850.00       26887  850.00                   38502  850.00   43923  850.00   49861  850.00

03769  850.00        09595  850.00       15181  850.00        20498  850.00       26906  850.00    32170  850.00  38554  850.00   43960  850.00   49895  850.00
                                                                                                                                  44     MIL      50     MIL
03991  850.00        09697  850.00       15532  850.00        20612  850.00       26936  850.00    32275  900.00  38637  850.00
04     MIL                                                    21     MIL          27     MIL
                     09958  850.00       15607  850.00                                             32466  850.00  38662  850.00   44121  850.00   50015  850.00
                     10     MIL
04001  850.00                            15685  850.00        21063  850.00       27047  850.00    32893  900.00  38665  850.00   44155  850.00   50035  850.00

04014  850.00        10014  850.00       15689  850.00        21303  850.00       27381  5,000.00  32897  850.00  38706  850.00   44248  850.00   50163  850.00

04078  850.00        10039  850.00       15725  900.00        21305  850.00       27409  850.00    32931  850.00  38751  850.00   44258  850.00   50185  850.00

04146  850.00        10055  850.00       15731  850.00        21473CUARTO PREMIO  27442  850.00    32939  850.00  38771  850.00   44286  850.00   50220  850.00
                                                                                                   33     MIL
04152  850.00        10176  850.00       15768  850.00                            27450  850.00                   38804  850.00   44319  850.00   50316  850.00

04154  850.00        10314  850.00       15800  850.00                            27456  850.00    33027  850.00  38931  850.00   44343  850.00   50325  850.00

04178  850.00        10327  850.00       15831  850.00                            27508  850.00    33185  850.00  38993  850.00   44388  900.00   50343  850.00
                                         16     MIL                                                               39     MIL
04370  850.00        10329  850.00                            C$50,000.00         27555  850.00    33251  850.00                  44457  850.00   50385  850.00

04412  850.00        10356  850.00       16085  850.00        GRANADA             27570  850.00    33261  850.00  39119  850.00   44470  850.00   50393  850.00

04459TERCER PREMIO   10381  850.00       16108  850.00                            27627  900.00    33274  850.00  39158  850.00   44629  850.00   50401  850.00

                     10590  850.00       16174  850.00                            27711  850.00    33332  850.00  39160  850.00   44669  850.00   50453  850.00

                     10611  850.00       16182  850.00        21488  850.00       27749  850.00    33364  850.00  39174  900.00   44783  850.00   50570  850.00
                                                                                                                                  45     MIL
                     10669  850.00       16184  850.00        21888  850.00       27775  850.00    33414  850.00  39179  850.00                   50590  850.00

                     10761  850.00       16189  900.00        21994  850.00       27857  850.00    33435  850.00  39215  850.00   45108  850.00   50715  850.00
                                                              22     MIL
C$100,000.00         10861  850.00       16490  850.00                            27859  850.00    33465  850.00  39225  850.00   45130  850.00   50802  850.00
                     11     MIL
                                         16491  850.00        22132  850.00       27908  850.00    33544  850.00  39441  850.00   45181  850.00   50847  850.00

GRANADA              11067  850.00       16567  850.00        22267  850.00       27979  850.00    33638  850.00  39536  850.00   45206  850.00   50954  850.00
                                                                                  28     MIL
                     11107  850.00       16605  850.00        22376  850.00                        33645  900.00  39556  850.00   45577  900.00   50965  850.00

04517  850.00        11113  850.00       16675  850.00        22378  850.00       28109  850.00    33744  850.00  39721  850.00   45695  900.00   50998  10,000.00

NOTA: LOS BILLETES TERMINADOS EN 4075 GANAN C$6,400.00, LOS TERMINADOS EN 075 GANAN C$3,200.00, LOS TERMINADOS EN 75 GANAN

C$1,600.00, LOS TERMINADOS EN 5 GANAN C$800.00. TODOS LOS NUMEROS DE LA PRESENTE LISTA Y QUE A LA VEZ TENGAN TERMINACIONES

DEL PREMIO MAYOR TIENEN DERECHO AL PREMIO Y A LA TERMINACION. SE EXCEPTUA AL PREMIO MAYOR EN TODAS LAS TERMINACIONES.

       ESTA LISTA ES GRATIS · VISITE WWW.LOTERIANACIONAL.COM.NI
