                                                      SORTEO EXTRAORDINARIO Nº 1458

                                                                                                                                     MANAGUA

                                                      5,000,000Córdobas                                                              14 DE ABRIL

                                                                                                                                                2009

                                                                                                                                     CADUCIDAD

                                                                                                                                     22 DE JULIO

                                                                                                                                                2009

                                                                                                                                     LISTA OFICIAL

01     MIL           05963  850.00    11584  850.00   19168QUINTO PREMIO  24187  850.00       28868  850.00    36     MIL     40799  850.00     46567  850.00
                     06     MIL                                                               29     MIL
01033  850.00                         11789  850.00                       24223  850.00                        36049  850.00  40943  900.00     46697  850.00

01099  1000.00       06056  850.00    11805  850.00   C$25,000.00         24234  850.00       29013  850.00    36055  850.00  40950  850.00     46802  850.00
                                                      CHINANDEGA                                                              41     MIL
01163  850.00        06088  850.00    11842  850.00                       24535  850.00       29111  850.00    36326  850.00                    46889  850.00

01254  850.00        06103  850.00    11911  850.00   19185  850.00       24554  850.00       29115  850.00    36336  850.00  41079  850.00     46951  850.00
                                      12     MIL                                                                                                47     MIL
01298  850.00        06135  850.00                    19189  850.00       24598  850.00       29167  850.00    36515  850.00  41098  900.00

01347  850.00        06318  850.00    12070  900.00   19250  850.00       24602  850.00       29241  850.00    36541  850.00  41100  900.00     47016  850.00

01687  1250.00       06335  850.00    12116  850.00   19315  850.00       24613  850.00       29349  850.00    36569  850.00  41120  850.00     47021  850.00

01688  1250.00       06376  850.00    12138  850.00   19520  850.00       24616  850.00       29529  850.00    36664  850.00  41199  900.00     47127  850.00

01689  2500.00       06380  850.00    12148  850.00   19522  850.00       24793  850.00       29706  850.00    36689  850.00  41200  850.00     47135  850.00

PREMIO               06434  850.00    12307  850.00   19542  850.00       24856  850.00       29716  850.00    36719  850.00  41267  850.00     47214  850.00

01690MAYOR           06500  850.00    12323  850.00   19643  900.00       24883  850.00       29784  850.00    36720  850.00  41375  10,000.00  47221  850.00
                                                                                                               37     MIL
                     06519  850.00    12551  850.00   19817  850.00       24903  850.00       29932  850.00                   41586  850.00     47398  850.00

                     06525  850.00    12594  900.00   19869  850.00       24939  850.00       29939  850.00    37091  850.00  41647  850.00     47423  850.00
                                                                                              30     MIL
                     06644  850.00    12719  850.00   19885  850.00       24951  850.00                        37312  850.00  41825  850.00     47495  850.00
                                                                          25     MIL
                     06716  850.00    12907  850.00   19896  850.00                           30033  850.00    37391  900.00  41960  850.00     47551  850.00
                                                                                                                              42     MIL
                     06905  850.00    12920  850.00   19942  850.00       25011  850.00       30228  850.00    37690  850.00                    47572  850.00
                     07     MIL
                                      12986  850.00   19991  850.00       25050  850.00       30326  850.00    37736  850.00  42002  850.00     47582  900.00
                                      13     MIL
                     07153  850.00                    19997  850.00       25183  850.00       30399  850.00    37738  850.00  42017  850.00     47651  850.00
                                                      20     MIL
                     07182  850.00    13075  850.00                       25196  850.00       30458  850.00    37793  850.00  42061  850.00     47660  850.00

C$ 5,000,000.00      07196  850.00    13137  850.00   20004  850.00       25213  850.00       30561  850.00    37812  850.00  42100  850.00     47805  850.00

                     07251  850.00    13164  850.00   20245  850.00       25216  850.00       30594  850.00    37852  850.00  42135  850.00     47835SEGUNDO

                     07262  850.00    13209  900.00   20300  850.00       25241  850.00       30611  850.00    37872  850.00  42255  850.00     PREMIO

VENDIDO POR EL       07288  900.00    13210  850.00   20313  850.00       25252  850.00       30711  850.00    37902  850.00  42358  850.00

CONCESIONARIO F-012  07350  850.00    13307  850.00   20342  850.00       25376  900.00       30915  850.00    37912  850.00  42416  850.00

MATILDE ARAUZ        07385  850.00    13341  850.00   20354  850.00       25912  850.00       30917  850.00    37980  850.00  42423  850.00

BRIONES              07482  850.00    13369  850.00   20419  850.00       26     MIL          31     MIL       38     MIL     42442  850.00

ESTELI               07678  850.00    13632  850.00   20526  850.00       26078  850.00       31005  850.00    38029  850.00  42798  850.00

                     07697  850.00    13633  850.00   20613  850.00       26105  850.00       31019  850.00    38031  850.00  42823  850.00

01691  2500.00       07774  1000.00   13880  850.00   20615  850.00       26123  850.00       31166  850.00    38060  850.00  42898  850.00     C$125,000.00

01692  1250.00       07802  850.00    13935  850.00   20880  850.00       26136  850.00       31170  850.00    38079  850.00  42961  850.00
                                      14     MIL
01693  1250.00       07911  850.00                    20888  850.00       26178  850.00       31206  850.00    38111  850.00  42990  850.00     GRANADA
                     08     MIL                       21     MIL                                                              43     MIL
01807  850.00                         14082  850.00                       26185  850.00       31313  850.00    38215  850.00
02     MIL
                     08007  850.00    14142  850.00   21092  850.00       26258  850.00       31331  850.00    38336  850.00  43016  850.00

02089  850.00        08011  850.00    14204  850.00   21126  850.00       26364  850.00       31362  850.00    38422  850.00  43247  850.00     47846  850.00

02170  850.00        08076  900.00    14209  850.00   21365  850.00       26671  850.00       31379  850.00    38454  850.00  43272  850.00     47931  850.00

02312  850.00        08196  900.00    14378  850.00   21467  850.00       26805  850.00       31394  850.00    38566  850.00  43335  850.00     47959  900.00
                                                                                                                                                48     MIL
02322  850.00        08274  850.00    14691  850.00   21529  850.00       26839TERCER PREMIO  31466  850.00    38788  850.00  43355  850.00

02329  850.00        08280  850.00    14763  850.00   21629  850.00                           31519  850.00    38839  900.00  43592  850.00     48037  850.00
                                      15     MIL
02605  850.00        08558  850.00                    21842  850.00                           31589  850.00    38904  850.00  43738  850.00     48041  850.00
                                                                                                               39     MIL     44     MIL
02668  850.00        08695  850.00    15015  850.00   21901  850.00                           31686  850.00                                     48181  850.00

02680  850.00        08914  850.00    15016  850.00   21913  850.00                           31703  850.00    39007  850.00  44043  850.00     48360  900.00

02691  850.00        08959  850.00    15072  850.00   21929  850.00       C$100,000.00        31785  850.00    39022  850.00  44126  850.00     48456  850.00
                                                      22     MIL
02738  850.00        08991  850.00    15084  850.00                                           31911  850.00    39036  850.00  44191  850.00     48539  850.00
                     09     MIL                                                               32     MIL
02775  850.00                         15261  850.00   22059  850.00       MANAGUA                              39054  850.00  44229  850.00     48625CUARTO PREMIO

02780  850.00        09067  850.00    15624  850.00   22160  1000.00                          32213  850.00    39055  850.00  44356  850.00

02882  850.00        09117  850.00    15651  900.00   22197  850.00       26955  850.00       32787  850.00    39085  850.00  44356  850.00
                                                                          27     MIL
02894  850.00        09141  850.00    15682  850.00   22386  850.00                           32858  850.00    39101  850.00  44357  850.00

02960  850.00        09167  850.00    15928  850.00   22419  850.00       27010  850.00       32875  850.00    39272  850.00  44552  850.00     C$50,000.00
03     MIL
                     09234  850.00    15996  850.00   22476  900.00       27036  850.00       32911  850.00    39340  850.00  44582  850.00     MATAGALPA
                                      16     MIL
03020  900.00        09264  5,000.00                  22548  850.00       27104  850.00       32933  850.00    39352  850.00  44601  850.00
                                                                                              33     MIL
03059  850.00        09299  850.00    16064  850.00   22574  850.00       27141  850.00                        39403  850.00  44994  850.00     48751  850.00
                                                                                                                              45     MIL
03095  850.00        09353  850.00    16094  850.00   22859  1000.00      27173  850.00       33066  850.00    39448  850.00                    48872  850.00

03127  850.00        09596  850.00    16241  850.00   22926  850.00       27207  850.00       33126  850.00    39531  850.00  45044  850.00     48955  850.00
                                                                                                                                                49     MIL
03443  900.00        09618  850.00    16271  850.00   22957  850.00       27272  850.00       33189  850.00    39561  850.00  45098  850.00

03456  850.00        09672  850.00    16314  850.00   22989  850.00       27341  850.00       33302  850.00    39658  850.00  45101  850.00     49086  850.00
                                                      23     MIL
03542  850.00        09760  850.00    16332  850.00                       27357  900.00       33436  850.00    39659  850.00  45130  850.00     49106  850.00

03638  850.00        09800  850.00    16745  850.00   23006  850.00       27360  850.00       33459  850.00    39725  850.00  45258  850.00     49206  850.00

03659  850.00        09842  850.00    16816  850.00   23017  1000.00      27430  850.00       33569  850.00    39880SEGUNDO   45262  850.00     49229  850.00
                     10     MIL
03965  850.00                         16843  850.00   23074CUARTO PREMIO  27430  850.00       33594  850.00    PREMIO         45324  850.00     49237  850.00

03995  850.00        10206  900.00    16875  850.00                       27459  850.00       33649  850.00                   45352  850.00     49329  850.00
04     MIL                                                                                    34     MIL
                     10285  850.00    16944  850.00                       27526  900.00                                       45389  850.00     49417  850.00

04008  850.00        10306  850.00    16960  850.00                       27573  850.00       34014  850.00                   45513  850.00     49447  850.00
                                      17     MIL
04064  850.00        10382  850.00                                        27579  850.00       34102  850.00                   45517  850.00     49529  850.00
                                                      C$50,000.00
04084  850.00        10416  850.00    17166  850.00   MANAGUA             27621  850.00       34136  850.00                   45519  850.00     49621  850.00

04097  850.00        10553  850.00    17300  850.00                       27651  850.00       34159  5,000.00                 45533  850.00     49652  850.00

04195  850.00        10576  850.00    17360  850.00                       27708  850.00       34265  850.00    C$125,000.00   45591  850.00     49724  850.00

04353  850.00        10604  850.00    17512  900.00   23078  850.00       27718  850.00       34317  850.00                   45611  850.00     49764  900.00

04572  1000.00       10661  850.00    17623  850.00   23196  850.00       27727  850.00       34414  850.00    MANAGUA        45649  850.00     49783  850.00

04638  850.00        10670  850.00    17886  850.00   23351  850.00       27804  850.00       34414  850.00                   45669  850.00     49815  850.00
                                                                                                                                                50     MIL
04657  850.00        10775  850.00    17916  850.00   23371  850.00       27810  850.00       34480  850.00                   45683  850.00

04785  850.00        10821  850.00    17950  900.00   23414  850.00       27847  850.00       34520  900.00    39915  850.00  45783  850.00     50040  900.00

04826  850.00        10839  850.00    17956  850.00   23432  850.00       27879  850.00       34544  850.00    39929  850.00  45812  850.00     50097  850.00
                                                                                                               40     MIL
04835  850.00        10849  850.00    17977  850.00   23437  850.00       27901  850.00       34914  850.00                   45929  850.00     50126  850.00
                                      18     MIL
04856  850.00        10872  850.00                    23536  900.00       27978  850.00       34916  850.00    40030  850.00  45937  850.00     50167  850.00

04992  900.00        10914  850.00    18191  850.00   23614  850.00       27980  850.00       34935  850.00    40046  850.00  45950  850.00     50325  850.00
05     MIL                                                                28     MIL                                          46     MIL
                     10996  850.00    18381  850.00   23675  850.00                           34971  900.00    40175  850.00                    50338  900.00
                     11     MIL
05103  850.00                         18536  850.00   23869  850.00       28054  850.00       34988  850.00    40205  850.00  46011  850.00     50469  850.00
                                                                                              35     MIL
05134  850.00        11011  850.00    18609  850.00   23911  850.00       28106  850.00                        40221  850.00  46011  850.00     50612  850.00

05346  850.00        11048  900.00    18651  850.00   23913  850.00       28155  850.00       35013  850.00    40254  850.00  46042  850.00     50682  850.00
                                                      24     MIL
05476  850.00        11219  850.00    18798  850.00                       28363  850.00       35132  850.00    40279  850.00  46091  850.00     50689  850.00

05532  850.00        11300  850.00    18834  1000.00  24037  850.00       28395  850.00       35456  850.00    40335  850.00  46157  850.00     50797  850.00

05630  850.00        11341  850.00    18862  850.00   24044  850.00       28492  850.00       35620  850.00    40343  850.00  46188  850.00     50833  850.00
                                      19     MIL
05676  850.00        11371  850.00                    24050  850.00       28504  900.00       35670  850.00    40384  850.00  46252  850.00     50834  850.00

05867  850.00        11471  850.00    19017  850.00   24120  850.00       28583  850.00       35705  850.00    40708  850.00  46335  850.00     50857  850.00

05888  850.00        11569  850.00    19074  850.00   24136  850.00       28651  850.00       35877  850.00    40715  850.00  46567  850.00     50899  850.00

NOTA: LOS BILLETES TERMINADOS EN 1690 GANAN C$6,400.00, LOS TERMINADOS EN 690 GANAN C$3,200.00, LOS TERMINADOS EN 90 GANAN

C$1,600.00, LOS TERMINADOS EN 0 GANAN C$800.00. TODOS LOS NUMEROS DE LA PRESENTE LISTA Y QUE A LA VEZ TENGAN TERMINACIONES

DEL PREMIO MAYOR TIENEN DERECHO AL PREMIO Y A LA TERMINACION. SE EXCEPTUA AL PREMIO MAYOR EN TODAS LAS TERMINACIONES.

         ESTA LISTA ES GRATIS · VISITE WWW.LOTERIANACIONAL.COM.NI
