                                                                        SORTEO ORDINARIO Nº 1459

                                                                                                                                                              MANAGUA

                                                               3,500,000Córdobas                                                                              21 DE ABRIL

                                                                                                                                                                          2009

                                                                                                                                                              CADUCIDAD

                                                                                                                                                              30 DE JULIO

                                                                                                                                                                          2009

                                                                                                                                                              LISTA OFICIAL

01       MIL         06536    1000.00     12176    1000.00     1781186  1M00IL0.00  2382541  1M00IL0.00  29174    1000.00     34433    1000.00       38167    2000.00     45       MIL

01061    1000.00     06752    1000.00     12215    1000.00                                               29236    2000.00     34487    1000.00       38304    1000.00     45015    1000.00

01068    1000.00     06757    1000.00     12236    1000.00     18031    1000.00     24014    1000.00     29275    1000.00     34489    2000.00       38371    1000.00     45034    1000.00

01094    1000.00     06805    1000.00     12249    1000.00     18057    1000.00     24118    1000.00     29324    1000.00     34507    1000.00       38548    1000.00     45065    1000.00

01118    1000.00     06839    1000.00     12455    1000.00     18068    2000.00     24283    1000.00     29403    1000.00     34526    1000.00       38566    1000.00     45140    2000.00

01174    1000.00     06890    2000.00     12561    1000.00     18087    1000.00     24327    3000.00     29420    1000.00     34563    1000.00       38573    1000.00     45145    1000.00

01275    1000.00     06917    1000.00     12571    1000.00     18211    1000.00     24339    1000.00     29465    1000.00     34581    1000.00       38701    1000.00     45191    2000.00

01357    1000.00     06921    1000.00     12588    1000.00     18255    1000.00     24534    1000.00     29473    1000.00     34606    1000.00       38740    1000.00     45195    1000.00

01418    1000.00     06923    1000.00     12608    1000.00     18291    1000.00     24634    1000.00     29663    1000.00     34627    1000.00       38741    1000.00     45246    1000.00

01485    1000.00     0690976  1M00IL0.00  12694    1000.00     18296    1000.00     24722    1000.00     29671    1000.00     34631    1000.00       3893893  1M00IL0.00  45367    1000.00

01521    1000.00     07067    1000.00     12722    1000.00     18524    1000.00     24758    1000.00     2973805  1M00IL0.00  34635    1000.00       39092    1000.00     45417    2000.00

01702    1000.00     07138    1000.00     12730    1000.00     18588    1000.00     24916    1000.00     30157    1000.00     34647    1000.00       39346    1000.00     45460    1000.00

01725    1000.00     07278    1000.00     12785    1000.00     18640    1000.00     24942    1000.00     30206    1000.00     34884    1000.00       39393    1000.00     45488    1000.00

01785    1000.00     07363    1000.00     12891    1000.00     1861799  2M00IL0.00  24956    1000.00     30230    1000.00     3493857  1M00IL0.00    39453    1000.00     45544    1000.00

0180224  1M00IL0.00  07376    1000.00     12894    2000.00     19130    1000.00     2492958  1M00IL0.00  30337    1000.00     35043    1000.00       39526    1000.00     45629    1000.00

                     07395    2000.00     1291139  1M00IL0.00  19174    1000.00     25168    1000.00     30354    1000.00     35049    1000.00       39545    3000.00     45650    1000.00

02035TERCER PREMIO   07487    2000.00     13020    1000.00     19291    1000.00     25211    1000.00     30425    1000.00     35223    1000.00       39570    1000.00     45749    1000.00

                     07487    1000.00     13034    1000.00     19429    1000.00     25219    1000.00     30438    1000.00     35297    1000.00       39665    1000.00     45839    1000.00

                     07489    1000.00     13231    1000.00     19530    1000.00     25336    1000.00     30522    1000.00     35321    1000.00       39803    1000.00     45933    1000.00

                     07523    1000.00     13232    1000.00     19556    1000.00     25356    1000.00     30588    1000.00     35530    1000.00       3994200  1M00IL0.00  4594364  1M00IL0.00

C$50,000.00          07533    1000.00     13275    1000.00     19607    1000.00     25373    1000.00     30716    1000.00     35567    1000.00       40061    1000.00     46059    1000.00

                     07603    1000.00     13276    2000.00     19625    1000.00     25420    1000.00     30725    1000.00     35627    1000.00       40169    1000.00     46141    1000.00

JINOTEPE             07614    1000.00     13284    1000.00     19753    1000.00     25611    1000.00     30746    1000.00     35647    1000.00       40238    2000.00     46205    1000.00

                     0790884  1M00IL0.00  13427    1000.00     19768    1000.00     25618    1000.00     3093016  1M00IL0.00  35682    1000.00       40290    1000.00     46211    1000.00

02049    1000.00     08008    3000.00     13494    1000.00     19845    1000.00     25634    1000.00     31072    1000.00     35765    1000.00       40297    1000.00     46314    1000.00

02138    1000.00     08030    1000.00     13498    1000.00     1992709  1M00IL0.00  25656    1000.00     31100    1000.00     35865    1000.00       40390    1000.00     46369    1000.00

02299    1000.00     08075    1000.00     13498    1000.00                          25678    1000.00     31104    1000.00     35949    1000.00       40456    1000.00     46403    1000.00

02474    10,000.00                        13519    1000.00     20055    1000.00     25754    1000.00                          3593968  1M00IL0.00                         46448    1000.00

02482    1000.00     08135    1000.00     13520    1000.00     20118    1000.00     2592265  1M00IL0.00  31200    1000.00                            40530    1000.00     46531    1000.00

02505    2000.00     08243    2000.00     13524    1000.00     20213    1000.00                          31208    1000.00     36078    1000.00       40546    1000.00     46640    1000.00

02633    1000.00     08315    1000.00     13535    1000.00     20377    1000.00     26000    1000.00     31220    1000.00     36183    1000.00       40547CUARTO PREMIO   46705    1000.00

02682    1000.00     08318    1000.00     13588    1000.00     20464    1000.00     26083    1000.00     31236    1000.00     36251    1000.00                            46716    1000.00

02790    1000.00     08340    2000.00     13651    1000.00     20467    1000.00     26089    1000.00     31247    1000.00     36288    1000.00                            46782    1000.00

02954    1000.00     08398    1000.00     13694    1000.00     20556    1000.00     26220SEGUNDO         31256    1000.00     36413    1000.00       C$25,000.00          4694378  1M00IL0.00

0290938  1M00IL0.00  08480    1000.00     13731    1000.00     20720    1000.00     PREMIO               31298    1000.00     36428    1000.00       MANAGUA

                     08596    1000.00     13794    1000.00     20771    1000.00                          31319    1000.00     36448    1000.00                            47096    1000.00

03031    1000.00     08687    1000.00     13825    1000.00     20856    1000.00                          31336    1000.00     36450    1000.00       40696    1000.00     47224    1000.00

03123    1000.00     08728    1000.00     1391045  1M00IL0.00  20912    1000.00                          31440    1000.00     36591    1000.00       40724    1000.00     47274    1000.00

03327    1000.00     08792    1000.00                          20913    1000.00                          31460    1000.00     36720 10,000.00        40730    1000.00     47282    1000.00

0390042  1M00IL0.00  08865    1000.00     14047    2000.00     20933    2000.00     C$300,000.00         31499    1000.00     3693170  1M00IL0.00    40903    1000.00     47304    1000.00

04073    1000.00     08892    1000.00     14064    1000.00     2092510  3M00IL0.00                       31514    1000.00     37033    1000.00       40979    1000.00     47340    1000.00

04191    1000.00     0880999  1M00IL0.00  14162    1000.00     21032    1000.00     CHINANDEGA           31529    1000.00     37062    1000.00       4094918  1M00IL0.00  47359    1000.00

04194    1000.00     09008    1000.00     14163    1000.00     21072    1000.00                          31550    1000.00     37063    1000.00       41029    1000.00     47539    2000.00

                     09153    2000.00     14199    1000.00                          26334    1000.00     31661    1000.00     37064    2000.00       41095    1000.00     47587    1000.00

04267    1000.00                          14265    1000.00     21103    1000.00     26342    1000.00     31793    1000.00                                                 47607    1000.00

04296    1000.00     09222TERCER PREMIO   14283    1000.00     21126    1000.00     26379    1000.00     31854    1000.00     PREMIO                 41557    1000.00     47702    1000.00

04309    1000.00                          14339    1000.00     21310    1000.00     26446    1000.00     31867    1000.00     37065MAYOR             41800    1000.00     4774118  1M00IL0.00

04506    1000.00                          14450    1000.00     21318    1000.00     26519    1000.00     31899    1000.00                            41801    1000.00

04538    1000.00                          14537    1000.00     21429    1000.00     26555    1000.00     3193428  1M00IL0.00                         41847    1000.00     48086    1000.00

04554    1000.00                          14665    1000.00     21556    1000.00     26620    1000.00                                                 41936    1000.00     48220    1000.00

04622    1000.00     C$50,000.00          14715    1000.00     21564    1000.00     26737    1000.00     32452    1000.00                            4194327  1M00IL0.00  48370    2000.00

04839    1000.00                          14775    1000.00     21589    1000.00     26937    1000.00     32509    1000.00                            42251    1000.00     48602    1000.00

04843    1000.00     MANAGUA              1481357  1M00IL0.00  21599    1000.00     2692473  1M00IL0.00  32571    1000.00                            42274    1000.00     48724    1000.00

04982    1000.00                                               21615    1000.00                          32630    1000.00                            42295    1000.00     48895    2000.00

04990    1000.00     09369    3000.00     15540    1000.00     21615    1000.00     27115    1000.00     32647    1000.00     C$ 3,500,000.00        42432    1000.00     48954    1000.00

04993    1000.00     09431    1000.00     15608    1000.00     21826    1000.00     27188    2000.00     32754    1000.00                            42503    1000.00     4894790  1M00IL0.00

0490957  1M00IL0.00  09532    1000.00     15622    1000.00     2182321  1M00IL0.00  27397    1000.00     32852    1000.00     NO FUE VENDIDO.        42556    1000.00

                     09623    1000.00     15643    1000.00                          27491    2000.00     3293138  1M00IL0.00  POR ACUMULACION EL                          49076    1000.00

05038    1000.00     09699    1000.00     15677    1000.00     22097    1000.00     27615    1000.00                          SORTEO 1460 DEL 28 DE  42621    1000.00     49080    1000.00
                                                                                                                              ABRIL 2009 TENDRA
05121    15,000.00   09781    1000.00     15833    1000.00     22318    1000.00     27686    1000.00     33002    1000.00     UN PREMIO MAYOR DE     42804    1000.00     49174    1000.00

05393    1000.00     09878    1000.00     1591760  1M00IL0.00  22335    1000.00     27694    1000.00     33134    1000.00     C$ 5,250,000.00 POR    42863    1000.00     49346    1000.00
                                                                                                                              EL PRECIO DE C$300
05476    1000.00     09882    1000.00                          22469    1000.00     27702    2000.00     33173    1000.00     EL BILLETE.            42869    1000.00     49369QUINTO PREMIO

05476    1000.00     09894    1000.00     16262    1000.00     22489    1000.00     27705    1000.00     33229    1000.00     CHINANDEGA             4294233  1M00IL0.00

05516    1000.00     09904    1000.00     16301    1000.00     22530    1000.00     27831    1000.00     33243    1000.00                            43335    1000.00     C$20,000.00

05558CUARTO PREMIO   0991606  1M00IL0.00  16305    1000.00     22533    1000.00     27899    1000.00     33300    1000.00     37066    2000.00       43450    1000.00     JUIGALPA

                                          16331    1000.00     22564    1000.00     27908    1000.00     33377    1000.00     37067    1000.00       43507    1000.00

                     10035    1000.00     16436    1000.00     22665    1000.00     27958    1000.00     33398    1000.00     37068    1000.00       43620    3000.00     49433    1000.00

C$25,000.00          10187    1000.00     16488    1000.00     22767    1000.00     2792784  1M00IL0.00  33598    1000.00     37312    1000.00       43664    2000.00     49532    1000.00

JUIGALPA             10202    1000.00     16564    1000.00     22914    1000.00                          33704    1000.00     37320    1000.00       4374240  1M00IL0.00  49543    1000.00

                     10222    1000.00     16674    1000.00     22931    1000.00     28078    1000.00     33736    1000.00     37366    1000.00                            49597    2000.00

05695    1000.00     10306    1000.00     1661776  1M00IL0.00  22961    1000.00     28264    1000.00     33749    1000.00     37385    1000.00       44070    1000.00     49629    2000.00

05728    1000.00     10577    1000.00     17037    1000.00     22980    1000.00     28317    1000.00     33771    1000.00     37386    1000.00       44121    1000.00     49635    1000.00

05834    1000.00     10624    1000.00     17264    1000.00     2292931  1M00IL0.00  28356    1000.00     33891    1000.00     37483    1000.00       44144    2000.00     4965906  1M00IL0.00

05835    1000.00     1091617  1M00IL0.00  17266    1000.00                          28512    1000.00     3383947  1M00IL0.00  37578    1000.00       44175    1000.00

05959    1000.00                                               23027    1000.00     28636    1000.00                          37652    2000.00       44213    1000.00     50093    1000.00

0590967  1M00IL0.00  11135    1000.00     17352    1000.00     23066    2000.00     28660    1000.00     34023    1000.00     37716    1000.00       44231    1000.00     50138    1000.00

                     11220    1000.00     17376    1000.00     23247    1000.00     28751    1000.00     34115    1000.00     37725    1000.00       44413    3000.00     50241    1000.00

06123    1000.00     11826    1000.00     17424    1000.00     23272    1000.00     28965    1000.00     34187    1000.00     37740    1000.00       44462    1000.00     50288    1000.00

06365    1000.00     11885    2000.00     17428    1000.00     23276    1000.00     2892894  1M00IL0.00  34193    1000.00     37795    1000.00       44473    1000.00     50358    1000.00

06405    1000.00     1181882  1M00IL0.00  17436    1000.00     23283    1000.00                          34260    1000.00     37859    1000.00       44578    1000.00     50455    1000.00

06417    1000.00     12028    1000.00     17511    1000.00     23372    1000.00     29039    1000.00     34267    2000.00     3793987  1M00IL0.00    44722    1000.00     50480    1000.00

06488    1000.00     12060    1000.00     17514    1000.00     23578    1000.00     29049    1000.00     34308    1000.00                            44733    1000.00     50483    1000.00

06497    1000.00     12115    1000.00     17548    1000.00     23610    1000.00     29119    1000.00     34329    1000.00     38033    1000.00       44983    1000.00     50641    1000.00

06510    1000.00                          17617    1000.00     23737    1000.00     29140    1000.00     34405    1000.00     38109    2000.00                            50981    1000.00

NOTA: LOS BILLETES TERMINADOS EN 7065 GANAN C$4,800.00, LOS TERMINADOS EN 065 GANAN C$2,400.00, LOS TERMINADOS EN 65 GANAN

C$1,200.00, LOS TERMINADOS EN 5 GANAN C$600.00. TODOS LOS NUMEROS DE LA PRESENTE LISTA Y QUE A LA VEZ TENGAN TERMINACIONES

DEL PREMIO MAYOR TIENEN DERECHO AL PREMIO Y A LA TERMINACION. SE EXCEPTUA AL PREMIO MAYOR EN TODAS LAS TERMINACIONES.

         NOTA: POR ACUMULACION EL SORTEO No. 1460 A VERIFICARSE EL 28 DE ABRIL DEL 2009 TENDRA

UN PREMIO MAYOR DE C$ 5,250.000.00 POR EL PRECIO DE C$ 300.00 EL BILLETE Y C$ 15.00 EL VIGESIMO
