                                                                          SORTEO ORDINARIO Nº 1460

                                                                                                                                                              MANAGUA

                                                                 5,250,000Córdobas                                                                            28 DE ABRIL

                                                                                                                                                                          2009

                                                                                                                                                              CADUCIDAD

                                                                                                                                                              06 DE AGOSTO

                                                                                                                                                                          2009

                                                                                                                                                              LISTA OFICIAL

01       MIL           07438    1000.00     12628    1000.00     18351    1000.00     24578    1000.00     30542    1000.00     33765    2000.00     39658    1000.00     44603    1000.00

01187    1000.00       07459    1000.00     12804    1000.00     18474    1000.00     24639    1000.00     30617    1000.00     33766    1000.00     39754    1000.00     44607    1000.00

01264    1000.00       07476    1000.00     12860    2000.00     18580    1000.00     24654    2000.00     3083411  1M00IL0.00  33767    1000.00     39754    1000.00     44663    2000.00

01327    1000.00       07619    2000.00     1291331  1M00IL0.00  18687    1000.00     24714    1000.00     31006    1000.00     33831    1000.00     39969    2000.00     44667    1000.00

01333    1000.00       07700    1000.00     13015    1000.00     18701    1000.00     24739    1000.00     31037    1000.00     33840    2000.00     3994707  1M00IL0.00  44734    1000.00

01363    1000.00       07725    1000.00     13190    1000.00     18712    1000.00     24742    1000.00     31109    1000.00     33853    1000.00     40013    1000.00     44748    1000.00

01582    1000.00       07759    1000.00     13236    1000.00     18881    1000.00     24768    1000.00     31226    1000.00     33889    1000.00     40052    1000.00     44787    1000.00

01590    1000.00       07768    1000.00     13237    1000.00     18938    1000.00     24817    1000.00     31262    1000.00     33937    1000.00     40090    1000.00     4494457  1M00IL0.00

01598    1000.00       07902    1000.00     13252    1000.00     1891492  1M00IL0.00  2492251  1M00IL0.00  31270    1000.00     3393841  1M00IL0.00  40129    1000.00     45157    1000.00

01731    1000.00       07904    1000.00     13315    1000.00                                               31294    1000.00     34030    1000.00     40157    1000.00     45206    1000.00

01778    1000.00       0790381  1M00IL0.00  13327    1000.00     19127    1000.00     25129    1000.00     31297    1000.00     34099    1000.00     40162    1000.00     45230    1000.00

01799    1000.00       08236    1000.00     13402    1000.00     19336    1000.00     25191    1000.00     31312    1000.00     34208    2000.00     40188    1000.00     45235    1000.00

01840    1000.00       08362    1000.00     13408    1000.00     19377    2000.00     25340    1000.00     31346    1000.00     34209    1000.00     40327    1000.00     45250    1000.00

0190226  10M,00IL0.00  08461    1000.00     13410    1000.00     19403    1000.00     25447    1000.00     31356    1000.00     34299    1000.00     40385    1000.00     45376    1000.00

                       08571    1000.00     13434    1000.00     19468    1000.00     25474    1000.00     31364    1000.00     34442    1000.00     40387    1000.00     45388    1000.00

02077    1000.00                                                 19548    1000.00     25500    1000.00

02152    3000.00       08731    2000.00     13619    1000.00     19589    1000.00     25549    1000.00     31391    1000.00     34544    1000.00     40393    1000.00     45492    1000.00

02176    1000.00       0870895  1M00IL0.00  13829    1000.00     19769    1000.00     25623    1000.00     31469    1000.00     34580    1000.00     40511    1000.00     45503    1000.00

02200    1000.00       09098    1000.00     1391040  1M00IL0.00  1992108  1M00IL0.00  25653    1000.00     31594    1000.00     34588    1000.00     40621    2000.00     45513    1000.00

02281    1000.00       09136    1000.00     14127    1000.00                          25702    1000.00     31617    1000.00     34599    1000.00     40790TERCER PREMIO   45698    1000.00

02355    1000.00       09205    1000.00     14221    1000.00     20019    1000.00     25795    1000.00     31726    1000.00     34653    1000.00                          4574863  1M00IL0.00

02369    1000.00       09244    1000.00     14328    1000.00     20065    1000.00     25799    1000.00     31863SEGUNDO         34847    1000.00                          46097    1000.00

02369    1000.00       09256    1000.00     14410    1000.00     20186    1000.00     2582066  1M00IL0.00  PREMIO               34869    1000.00                          46365    1000.00

02697    1000.00       09310    1000.00     14425    1000.00     20212    1000.00                                               34946    1000.00                          46502    2000.00

02715    1000.00       09373    1000.00     14455    1000.00     20254    1000.00     26105    1000.00                          34949    2000.00     C$50,000.00          46600    1000.00

0270830  2M00IL0.00    09403    1000.00     14607    1000.00     20273    1000.00     26129    1000.00                          3493551  1M00IL0.00  MANAGUA              46616    1000.00

                       09438    1000.00     14640    1000.00     20359    1000.00     26155    1000.00                          35094    1000.00                          46673    1000.00

03045    1000.00                                                 20387    1000.00     26209    1000.00     C$300,000.00

03075    1000.00       09559    1000.00     14667    1000.00     20597    1000.00     26361    1000.00                          35167    1000.00     40904    1000.00     46698    1000.00

03101    1000.00       09671    1000.00     14758    1000.00     20744    1000.00     26576    1000.00     MASAYA               35230    1000.00     4094015  1M00IL0.00  46762    1000.00

03504    1000.00       09746    3000.00     14772    1000.00     20855    1000.00     26622    1000.00                          35314    1000.00                          46805    1000.00

03534    1000.00       09749    1000.00     14794    1000.00     20881    1000.00     26782    1000.00     3193726  1M00IL0.00  35572    1000.00     41030    1000.00     46871    1000.00

03603    1000.00       09853    1000.00     1481857  1M00IL0.00  20928    1000.00     26789    1000.00                          35622    1000.00     41033    1000.00     46886    1000.00

03630    1000.00       09895    1000.00     15124    1000.00     2092719  1M00IL0.00  26796    1000.00     32071    1000.00     35631    1000.00     41169    2000.00     46887    1000.00

03658    1000.00       09906    1000.00     15126    1000.00                          26821    1000.00     32076    1000.00     35774    1000.00     41180    1000.00     4694177  1M00IL0.00

03703    1000.00       0991400  1M00IL0.00  15147    1000.00     21085    1000.00     26903    2000.00     32221    1000.00     3583664  1M00IL0.00  41305    1000.00     47124    1000.00

03779    1000.00       10009    1000.00     15151    1000.00     21096    1000.00     2692178  1M00IL0.00  32230    1000.00     36050    1000.00     41370    1000.00     47157    1000.00

03780    1000.00       10145    1000.00     15286    1000.00     21215    1000.00                          32265    3000.00     36176    1000.00     41487    1000.00     47262    1000.00

03851    1000.00       10166    1000.00     15299    1000.00     21266    1000.00     27071    1000.00     32319    1000.00     36348    1000.00     41508    1000.00     47384    1000.00

03883    1000.00       10173    1000.00     15308    3000.00     21372    1000.00     27365    1000.00     32425    1000.00     36366    1000.00     41589    1000.00     47799    1000.00

0390044  1M00IL0.00    10180    1000.00     15352    1000.00     21376    1000.00     27482    1000.00     32434    3000.00     36469    1000.00     41695    1000.00     4784989  1M00IL0.00

04034    15,000.00     10204    1000.00     15443    1000.00     21475    1000.00     2752283  1M00IL0.00  32480    1000.00     36519    1000.00     41740    1000.00

04189    1000.00       10253    1000.00     15506    2000.00     21523    1000.00     28077    1000.00     32569    1000.00     36711    1000.00     41763    1000.00     48015    1000.00

04335    1000.00       10328    1000.00     15725    1000.00     21548    1000.00     28353    1000.00     32704    1000.00     36725    1000.00     41778    1000.00     48074    1000.00

04358    1000.00       10332CUARTO PREMIO   15752CUARTO PREMIO   21712    1000.00     28356    1000.00     32747    1000.00     36772    1000.00     4184823  1M00IL0.00  48171    1000.00

04416    1000.00                                                 21714    1000.00     28379    1000.00     32758    1000.00     36795    1000.00     42040    1000.00     48175    2000.00

04422    1000.00                                                 21816    1000.00     28766    1000.00     32800    1000.00     36813    1000.00     42123    1000.00     48214    1000.00

04446    1000.00                                                 2192520  1M00IL0.00  2882793  2M00IL0.00  32804    1000.00     36946    1000.00     42241    1000.00     48404    1000.00

04610    1000.00       C$25,000.00          C$25,000.00          22211    1000.00                          3293630  1M00IL0.00  3693871  1M00IL0.00  42606    1000.00     48415    1000.00
                       GRANADA              MANAGUA
04616    1000.00                                                 22265    1000.00     29108    1000.00     33041    1000.00                          42696    1000.00     48437    1000.00

04717    1000.00       10425    2000.00     15752    1000.00     22399    1000.00     29138    1000.00     33071    1000.00     37076    1000.00     42767    1000.00     48543    1000.00

04762    1000.00       10454    1000.00     15782    1000.00     22401    1000.00     29150    1000.00     33115    1000.00     37083    1000.00     42815    1000.00     48545    1000.00

0480553  1M00IL0.00    10489    1000.00     15949    1000.00     22504    1000.00     29185    1000.00     33321    1000.00     37176    1000.00     42821    1000.00     48600    1000.00

                       10490    1000.00     1591662  1M00IL0.00  22667    1000.00     29235    1000.00     33404    1000.00     37421    2000.00     4294935  1M00IL0.00  48709    1000.00

05181    3000.00       10556    1000.00                          22682    1000.00     29295    2000.00     33446    1000.00     37423    1000.00                          48735    1000.00

05198    1000.00       10557    1000.00     16023    1000.00     2272737  1M00IL0.00  29403    1000.00     33451    1000.00     37562    1000.00     43083    1000.00     48786    1000.00

05235    1000.00       10625    1000.00     16037    2000.00                          29490    1000.00     33643    1000.00     37689    1000.00     43098    1000.00     48828    1000.00

05391    1000.00       10682    1000.00     16144    1000.00     23017    2000.00     29541    1000.00     33651    1000.00     37770    1000.00     43115    1000.00     48829    1000.00

05399    1000.00       10852    1000.00     16317    1000.00     23213    1000.00     29593    1000.00     33654    1000.00     3783786  1M00IL0.00  43125    1000.00     48852    1000.00

05462    1000.00       1081519  1M00IL0.00  16409    2000.00     23343    1000.00     29598    1000.00     33687    1000.00     38043    1000.00     43169    1000.00     48980    1000.00

05488    1000.00                            16531    2000.00     23430    1000.00     29601    1000.00     33702    1000.00     38123    1000.00     43250    1000.00     4894894  1M00IL0.00

05620    1000.00       11064    1000.00     16563    1000.00     23475TERCER PREMIO   29691    1000.00     33710    1000.00     38166    1000.00     43366    1000.00     49020    1000.00

05745    1000.00       11157    1000.00     16594    1000.00                          29766    2000.00     33761    1000.00     38337    1000.00     43420    1000.00     49178    1000.00

0580168  1M00IL0.00    11279    1000.00     16637    3000.00                          29928    1000.00     33762    1000.00     38338    1000.00     43432    2000.00     49253    1000.00

06014    1000.00       11348    1000.00     16714    1000.00                          2993504  1M00IL0.00  33763    2000.00     38555    1000.00     43461    1000.00     49315    1000.00

06026    1000.00       11429    1000.00     16728    1000.00                          30039    1000.00     PREMIO               38569    1000.00     43482    1000.00     49439    1000.00

06043    1000.00       11458    1000.00     16860    1000.00     C$50,000.00          30058    1000.00     33764MAYOR           38622    1000.00     43485    1000.00     49454    1000.00

06071    1000.00       11584    1000.00     16913    1000.00                          30086    1000.00                          38663    10,000.00   43499    1000.00     49503    1000.00

06340    1000.00       11619    1000.00     1691478  1M00IL0.00  MANAGUA              30123    1000.00                          38685    1000.00     43509    1000.00     49515    1000.00

06499    1000.00       11622    1000.00     17184    1000.00                          30232    1000.00                          38780    1000.00     43509    1000.00     49552    1000.00

06502    1000.00       11906    1000.00     17252    1000.00     23481    2000.00     30236    1000.00                          3893795  1M00IL0.00  43546    1000.00     49552    1000.00

06735    1000.00       1191192  1M00IL0.00  17420    1000.00     23515    1000.00     30288    1000.00                                               43768    1000.00     49588    1000.00

06789    1000.00       12015    1000.00     17428    1000.00     23521    1000.00     30342    1000.00                          39003    1000.00     43789    1000.00     49642    1000.00

06906    1000.00       12149    1000.00     17497    1000.00     23554    1000.00     30344    1000.00                          39107    1000.00     43888    1000.00     49685    1000.00

06922    1000.00       12259    1000.00     1771886  1M00IL0.00  23622    1000.00     30413    1000.00                          39273    1000.00     43927    1000.00     49850    1000.00

0690572  1M00IL0.00    12267    2000.00                          23679    1000.00     30414    1000.00     C$ 5,250,000.00      39346    1000.00     4394445  1M00IL0.00  4995605  1M00IL0.00

                       12442    1000.00     18012    1000.00     23719    1000.00                                               39398    1000.00     44140    1000.00

07032    1000.00       12505    1000.00     18113    1000.00     23933    1000.00     30449QUINTO PREMIO                        39430    2000.00     44173    2000.00     50152    1000.00

07103    1000.00       12510    1000.00     18161    1000.00     2392349  1M00IL0.00                       VENDIDO POR EL       39509    1000.00     44256    1000.00     50155    1000.00

07269    1000.00       12523    2000.00     18206    1000.00     24155    1000.00     C$20,000.00          CONCESIONARIO A-674  39514    1000.00     44359    1000.00     50510    1000.00

07346    2000.00                            18230    1000.00                          MATAGALPA            AUGUSTO RIOS         39562    1000.00                          50590    1000.00

                       12537    1000.00                          24180    1000.00                                   MOLINA                           44550    1000.00

07364    2000.00       12539    1000.00     18230    1000.00     24334    1000.00     30498    1000.00     MANAGUA              39603    1000.00     44566    1000.00     50594    1000.00

07371    1000.00       12606    1000.00     18263    1000.00     24411    1000.00     30512    1000.00                          39625    1000.00     44581    1000.00     50973    2000.00

NOTA: LOS BILLETES TERMINADOS EN 3764 GANAN C$4,800.00, LOS TERMINADOS EN 764 GANAN C$2,400.00, LOS TERMINADOS EN 64 GANAN

C$1,200.00, LOS TERMINADOS EN 4 GANAN C$600.00. TODOS LOS NUMEROS DE LA PRESENTE LISTA Y QUE A LA VEZ TENGAN TERMINACIONES

DEL PREMIO MAYOR TIENEN DERECHO AL PREMIO Y A LA TERMINACION. SE EXCEPTUA AL PREMIO MAYOR EN TODAS LAS TERMINACIONES.

         ESTA LISTA ES GRATIS · VISITE WWW.LOTERIANACIONAL.COM.NI
