                                                                        SORTEO ORDINARIO Nº 1461

                                                                                                                                                            MANAGUA

                                                               3,500,000Córdobas                                                                            5 DE MAYO

                                                                                                                                                                        2009

                                                                                                                                                            CADUCIDAD

                                                                                                                                                            13 DE AGOSTO

                                                                                                                                                                        2009

                                                                                                                                                            LISTA OFICIAL

01       MIL         0780783  1M00IL0.00  12417    2000.00     16625    2000.00     22089    1000.00     28815    1000.00     34914    1000.00     39004    1000.00     44409    1000.00

01014    1000.00     08056    1000.00     PREMIO               16642    1000.00     22158    1000.00     28835    1000.00     3493850  1M00IL0.00  39026    1000.00     44531    1000.00

01031    1000.00     08148    1000.00     12418MAYOR           16688    1000.00     22265    1000.00     28907    1000.00     35004    1000.00     39074    1000.00     44539    1000.00

01087    2000.00     08176    1000.00                          1691176  1M00IL0.00  22412    1000.00     28984    1000.00     35026    1000.00     39313    1000.00     44563    1000.00

01167    1000.00     08378    1000.00                                               22437    1000.00     2892895  1M00IL0.00  35076    1000.00     39450    1000.00     4484353  1M00IL0.00

01287    1000.00     08391    1000.00                          17073    1000.00     22481    1000.00     29092    1000.00     35102    1000.00     39512    2000.00     45109    1000.00

01318    2000.00     08431    1000.00                          17084    1000.00     22532    1000.00     29380    1000.00     35204    1000.00     39545    1000.00     45115    1000.00

01339    1000.00     08452    1000.00                          17151    1000.00     22714    1000.00     29415    1000.00     35314    1000.00     39612    1000.00     45152    1000.00

01385    1000.00     08632    1000.00                          17212    1000.00     22829    1000.00     29533    1000.00     35345    1000.00     39767    1000.00     45180    1000.00

01660    1000.00     08681    1000.00                          17250    1000.00     22865    1000.00     29562    1000.00     35364    2000.00     39861    1000.00     45339    1000.00

01698    1000.00     08787    1000.00     C$ 3,500,000.00      17571    1000.00     2292136  1M00IL0.00  29755    1000.00     35367    1000.00     39903    1000.00     45344    1000.00

01786    1000.00     08836    1000.00                          17611    1000.00     23031    1000.00     29981    1000.00     35420    1000.00     39912    1000.00     45383    2000.00

01882    2000.00     08844    1000.00                          17616    1000.00     23176    1000.00     29982    1000.00     35470    1000.00     39915    1000.00     45532    2000.00

01886    1000.00     08844    1000.00     VENDIDO POR LA       17642    1000.00     23245    1000.00     29982    1000.00     35581    1000.00     3994602  1M00IL0.00  45624    1000.00

01906    2000.00     08854    1000.00     CONCESIONARIA B-049  17706    1000.00     23258    1000.00     2993805  1M00IL0.00  35602QUINTO PREMIO   40064    2000.00     4574861  1M00IL0.00

0190123  1M00IL0.00  08935    1000.00     CONCEPCION           17822    1000.00     23406    1000.00                                               40184    1000.00

02001    1000.00     0890497  1M00IL0.00  CASTILLO ALEMAN      17885    1000.00     23630    1000.00     30103    1000.00                          40210    1000.00     46001    1000.00

02352    1000.00                          BLUEFIELDS           17888    1000.00     23681    1000.00     30114    1000.00     C$20,000.00          40271    1000.00     46087    1000.00

02376    2000.00     09022    1000.00                          1791582  1M00IL0.00  23711    3000.00     30226    1000.00     MANAGUA              40281    1000.00     46183    1000.00

02577    1000.00     09072    1000.00     12419    2000.00     18087    2000.00     23716    1000.00     30251    1000.00     35650    1000.00     40539    1000.00     46303    1000.00

02602    1000.00     09081    1000.00     12420    1000.00     18108    1000.00     23881    1000.00     30297    1000.00     35652    2000.00     40711TERCER PREMIO   46304    1000.00

02609    1000.00     09141    2000.00     12421    1000.00     18128    1000.00     2392444  1M00IL0.00  30369    3000.00     35714    1000.00                          46349    1000.00

02744    1000.00     09152    1000.00     12461    1000.00     18272    1000.00                          30391    1000.00     35744    1000.00                          46395    1000.00

02756    1000.00     09177    1000.00     12621    1000.00     18354    1000.00     24067    1000.00     30403    1000.00     3593562  1M00IL0.00                       46518    1000.00

02820TERCER PREMIO   09186    1000.00     12659    1000.00     18390    1000.00     24120    1000.00     30407    1000.00                                               46572    1000.00

                     09399    1000.00     12924    1000.00     18409    1000.00     24367    1000.00     30549    1000.00     36066    1000.00     C$50,000.00          46619    1000.00

                     09455    1000.00     1291431  1M00IL0.00  18417    1000.00     24462    1000.00     30554    1000.00     36110    1000.00                          46674    1000.00

                     09572    1000.00                          18455    1000.00     24609    1000.00     30572    2000.00     36238    1000.00     BLUEFIELDS           46682    1000.00

                     09643    1000.00     13203    1000.00     18678    1000.00     24668    1000.00     3093218  1M00IL0.00  36286    1000.00                          46721    1000.00

C$50,000.00          09696    1000.00     13247    1000.00     18793    1000.00     24747    1000.00     31016    1000.00     36317    1000.00     40811    1000.00     46765    1000.00

                     09744    1000.00     13260    1000.00     18806    1000.00     24762    1000.00     31069    1000.00     36398    1000.00     4084515  1M00IL0.00  46778    1000.00

MASAYA               0991200  1M00IL0.00  13293    1000.00     18920    1000.00     24793    1000.00     31153    1000.00     36506    1000.00                          46795    1000.00

                     10047    1000.00     13343    1000.00     18941    1000.00     24808    1000.00     31356    1000.00     36676    2000.00     41122    1000.00     4684873  1M00IL0.00

02915    1000.00     10078    1000.00     13352    1000.00     1891893  1M00IL0.00  24888    1000.00     31394    1000.00     36678    1000.00     41236    1000.00     47061    1000.00

02930    1000.00     10134    1000.00     13500    1000.00                          2492551  1M00IL0.00  31443    1000.00     36871CUARTO PREMIO   41286    1000.00     47112    1000.00

0290933  1M00IL0.00  10155    1000.00     13679    1000.00     19013    1000.00     25125    1000.00     31488    1000.00                          41399    1000.00     47148    1000.00

                     10166    1000.00     13683    1000.00     19089    1000.00     25483    1000.00     31534    1000.00                          41489    1000.00     47219    1000.00

03855    1000.00     10202    1000.00     13753    1000.00     19155    1000.00     25596    1000.00     31549    3000.00     C$25,000.00          41527    1000.00     47356    1000.00

0390745  1M00IL0.00  10215    1000.00     13824    1000.00     19322    1000.00     25651    1000.00     31735    1000.00     MASAYA               41541    1000.00     47368    1000.00

04099    1000.00     10228    1000.00     13839    1000.00     19335    1000.00     25719    1000.00     31759    1000.00                          41726SEGUNDO         47410    1000.00

04126    1000.00     10331    1000.00     13842    2000.00     19387    1000.00     2582267  1M00IL0.00  3183221  1M00IL0.00  36910    1000.00     PREMIO               47469    1000.00

04146    1000.00     10467    1000.00     13878    1000.00     19438    1000.00                                               3693877  1M00IL0.00                       47549    1000.00

04256    1000.00     10542    1000.00     1391549  1M00IL0.00  19443    1000.00     26092    1000.00     32015    1000.00     37012    1000.00                          47554    1000.00

04347    1000.00     10619    1000.00                          19656    1000.00     26107    1000.00     32118    1000.00     37142    1000.00                          47563    1000.00

04455    1000.00     10644    1000.00     14034    1000.00     19716    1000.00     26156    1000.00     32145    1000.00     37225    1000.00                          47815    3000.00

04485    1000.00     10695    1000.00     14061    1000.00     19794    1000.00     26320    1000.00     32151    1000.00     37270    1000.00     C$300,000.00         47835    1000.00

04510    1000.00     10738    1000.00     14079    1000.00     19803    1000.00     26666    1000.00     32224    1000.00     37351    2000.00                          47844    1000.00

04520    1000.00     10742    1000.00     14157    1000.00     19810    1000.00     26775    1000.00     32362    1000.00     37388    1000.00     MANAGUA              47943    2000.00

04591    1000.00     10804    1000.00     14242    1000.00     19813    1000.00     26782    1000.00     32371    1000.00     37608    1000.00                          4794586  1M00IL0.00

04656    1000.00     10821    1000.00     14249    1000.00     19823    1000.00     26806    1000.00     32802    1000.00     37682    1000.00     41754    1000.00

04706    1000.00     10920    2000.00     14307    1000.00     19867    1000.00     26828    1000.00     3283630  1M00IL0.00  37723    1000.00     4184627  1M00IL0.00  48022    1000.00

04720    1000.00     10955    1000.00     14349    1000.00     19884    1000.00     26840    1000.00                          37742    1000.00     42059    1000.00     48123    1000.00

04793    1000.00     1091917  1M00IL0.00  14490    1000.00     19959    1000.00     26841    1000.00     33060    1000.00     37767    1000.00     42092    1000.00     48559    1000.00

04895    1000.00                          14520    1000.00     19977    1000.00     2682872  1M00IL0.00  33117    1000.00     37809    1000.00     42219    1000.00     48655    1000.00

0490051  1M00IL0.00  11031    1000.00     14579    1000.00     19991    1000.00                          33208    1000.00     37885    1000.00     42351CUARTO PREMIO   48810    1000.00

                     11034    1000.00     14652    1000.00     1992906  1M00IL0.00  27046    1000.00     33255    1000.00     37954    1000.00                          48814    1000.00

05155    2000.00     11039    1000.00     14679    1000.00     20023    1000.00     27080    1000.00     33346    1000.00     37971    1000.00                          48901    1000.00

05172    1000.00     11076    1000.00     14800    1000.00     20083    1000.00     27081    1000.00     33350    1000.00     3793886  1M00IL0.00                       48968    1000.00

05349    1000.00     11091    1000.00     14853    1000.00     20192    1000.00     27090    1000.00     33385    1000.00                          C$25,000.00          4894991  1M00IL0.00

05524    1000.00     11092    2000.00     14859    1000.00     20204    1000.00     27093    1000.00     33394    1000.00     38025    1000.00     CHINANDEGA

05653    2000.00     11111    1000.00     14877    1000.00     20226    1000.00     27195    1000.00     33426    1000.00     38110    1000.00     42412    1000.00     49023    1000.00

05679    1000.00     11140    1000.00     1491858  2M00IL0.00  20422    2000.00     27221    1000.00     33443    1000.00     38113    1000.00     42491    1000.00     49024    1000.00

05683    1000.00     11193    1000.00     15212    1000.00     20548    1000.00     27389    1000.00     33558    1000.00     38165    1000.00     42553    1000.00     49096    1000.00

05722    1000.00     11289    1000.00     15220    1000.00     20560    1000.00     27420    1000.00     33583    1000.00     38186    1000.00     42645    1000.00     49367    1000.00

05748    1000.00     11298    1000.00     15362    1000.00     20580    1000.00     27544    10,000.00   33669    1000.00     38211    1000.00     42689    1000.00     49429    2000.00

05838    3000.00     11312    1000.00     15629    1000.00     20673    1000.00     27579    1000.00     33725    1000.00     38222    1000.00     42819    1000.00     49479    1000.00

05874    1000.00     11439    2000.00     15656    1000.00     20785    1000.00     27660    1000.00     33784    1000.00     38239    2000.00     42848    1000.00     49504    1000.00

05903    1000.00     11499    1000.00     15851    2000.00     20794    1000.00     27662    1000.00     33787    1000.00     38247    1000.00     42886    1000.00     49797    2000.00

0590665  1M00IL0.00  11510    1000.00     15872    1000.00     20801    1000.00     27783    1000.00     33833    10,000.00   38259    1000.00     4294236  1M00IL0.00  4985206  1M00IL0.00

                     11630    1000.00     15924    1000.00     20810    1000.00     27787    1000.00     33833    1000.00     38309    1000.00                          50044    1000.00

06499    1000.00     11637    1000.00     1591266  1M00IL0.00  20830    1000.00     27820    1000.00     33895    1000.00     38321    1000.00     43017    1000.00     50059    1000.00

06879    1000.00     11704    1000.00                          20860    1000.00     27880    15,000.00   3393243  1M00IL0.00  38450    1000.00     43115    1000.00     50069    1000.00

0690670  1M00IL0.00  11709    1000.00     16024    3000.00     20889    1000.00     27902    1000.00     34058    1000.00     38517    1000.00     43115    1000.00     50117    1000.00

07103    1000.00     11767    1000.00     16026    1000.00     2092217  1M00IL0.00  2792784  1M00IL0.00  34133    1000.00     38552    1000.00     43265    1000.00     50164    1000.00

07142    1000.00     11802    1000.00     16033    1000.00                          28276    1000.00     34238    1000.00     38595    1000.00     43330    1000.00     50189    1000.00

07146    1000.00     1191342  1M00IL0.00  16042    1000.00     21054    1000.00     28304    1000.00     34451    1000.00     38720    1000.00     43381    1000.00     50364    1000.00

07147    1000.00     12283    1000.00     16255    1000.00     21088    1000.00     28553    1000.00     34474    1000.00     38744    1000.00     43852    1000.00     50392    2000.00

07230    3000.00     12298    1000.00     16351    2000.00     21115    1000.00     28584    1000.00     34498    1000.00     38813    1000.00     43891    1000.00     50441    1000.00

07231    1000.00     12309    1000.00     16389    2000.00     21213    1000.00     28623    1000.00     34563    1000.00     38821    1000.00     4394340  1M00IL0.00  50467    1000.00

07312    1000.00     12367    1000.00     16516    1000.00     21349    1000.00     28650    1000.00     34578    1000.00     38882    1000.00     44059    1000.00     50555    2000.00

07451    1000.00     12415    1000.00     16559    1000.00     21367    1000.00     28750    1000.00     34632    1000.00     38926    1000.00     44260    2000.00     50689    1000.00

07459    1000.00     12416    1000.00     16561    1000.00     2162326  1M00IL0.00  28755    1000.00     34832    1000.00     3893591  1M00IL0.00  44271    1000.00     50917    1000.00

                                          16572    1000.00

NOTA: LOS BILLETES TERMINADOS EN 2418 GANAN C$4,800.00, LOS TERMINADOS EN 418 GANAN C$2,400.00, LOS TERMINADOS EN 18 GANAN

C$1,200.00, LOS TERMINADOS EN 8 GANAN C$600.00. TODOS LOS NUMEROS DE LA PRESENTE LISTA Y QUE A LA VEZ TENGAN TERMINACIONES

DEL PREMIO MAYOR TIENEN DERECHO AL PREMIO Y A LA TERMINACION. SE EXCEPTUA AL PREMIO MAYOR EN TODAS LAS TERMINACIONES.

         ESTA LISTA ES GRATIS · VISITE WWW.LOTERIANACIONAL.COM.NI
