                                                                        SORTEO ORDINARIO Nº 1462

                                                                                                                                                            MANAGUA

                                                               3,500,000Córdobas                                                                            12 DE MAYO

                                                                                                                                                                        2009

                                                                                                                                                            CADUCIDAD

                                                                                                                                                            20 DE AGOSTO

                                                                                                                                                                        2009

                                                                                                                                                            LISTA OFICIAL

01       MIL         07203    1000.00     13378    1000.00     18423    1000.00     24840    1000.00     29722    1000.00     35205    3000.00     3984904  3M00IL0.00  46661TERCER PREMIO

01033    1000.00     07314    1000.00     13472    1000.00     18589    1000.00     24939    1000.00     29763    2000.00     35236    1000.00     40010    1000.00

01076    1000.00     07334    1000.00     13487    1000.00     18607    1000.00     2492458  1M00IL0.00  29815    1000.00     35237    1000.00     40311    1000.00

01171    2000.00     07420    1000.00     13545    1000.00     18713    1000.00     25079    1000.00     2983808  1M00IL0.00  35386    1000.00     40433    1000.00

01296    2000.00     07474    1000.00     13681    1000.00     18755    1000.00     25375    1000.00     30055    1000.00     35456    1000.00     40539    1000.00

01332    1000.00     07556    1000.00     13720    2000.00     18806    1000.00     25448    1000.00     30218    1000.00     35782    1000.00     40595    1000.00     C$50,000.00

01436    2000.00     07715    1000.00     13727    1000.00     1891197  1M00IL0.00  25495CUARTO PREMIO   30277    1000.00     3573964  1M00IL0.00  40636    1000.00

01446    1000.00     0770784  1M00IL0.00  13779    1000.00                                               30343    1000.00     36053    1000.00     40748    1000.00     MANAGUA

01482    1000.00     08006    1000.00     13793    1000.00     19044    1000.00                          30438    1000.00     36106    1000.00     4084510  1M00IL0.00  46718    1000.00

01545    1000.00     08022    1000.00     13799    1000.00     19045    1000.00                          30509    1000.00     36152    1000.00                          46720    1000.00

01581    1000.00     08104    1000.00     13822    1000.00     19083    1000.00     C$25,000.00          30554    1000.00     36156    1000.00     41014    1000.00     46745    1000.00

01601    1000.00     08177    1000.00     13858    1000.00     19120    1000.00     JUIGALPA             30563    1000.00     36219    1000.00     41144    1000.00     46832    1000.00

01657    1000.00     08202    1000.00     13861    1000.00     19225    1000.00     25687    1000.00     30605    1000.00     36357    1000.00     41365    3000.00     46880    1000.00

01740    1000.00     08221    1000.00     1391944  1M00IL0.00  19243    1000.00     25698    1000.00     30650    1000.00     36463    1000.00     41452    1000.00     4694470  1M00IL0.00

01895    1000.00     08272    1000.00     14094    1000.00     19451    1000.00     25698    1000.00     30830    2000.00     36524    1000.00     41472    1000.00

0180925  1M00IL0.00  08379    1000.00     14098    1000.00     19474    1000.00     25774    1000.00     30854    1000.00     36654    1000.00     41494    1000.00     47102    1000.00

02133    1000.00     08569    1000.00     14253    1000.00     19506    1000.00     25827    1000.00     30916    1000.00     36799    1000.00     41529    1000.00     47392    1000.00

02455    1000.00     08583    1000.00     14275    1000.00     19618    1000.00     25952    1000.00     3093117  1M00IL0.00  3683779  1M00IL0.00  41530    1000.00     47600    1000.00

02606    1000.00     08808    1000.00     14378    1000.00     19674    2000.00     2592864  1M00IL0.00                                            41602    1000.00     47634    1000.00

02721    1000.00     0890797  2M00IL0.00  14419    1000.00     19835    1000.00                          31050    1000.00     37053    1000.00     41694    2000.00     47647    1000.00

02784    1000.00                          14542    1000.00     1982802  1M00IL0.00  26065TERCER PREMIO   31135    1000.00     37124    1000.00     4184327  1M00IL0.00  47689    1000.00

02793    1000.00     09023    2000.00     14559    1000.00     20205    1000.00                          31139    1000.00     37177    2000.00     42027    1000.00     47712    1000.00

0290334  1M00IL0.00  09073    1000.00     14595    1000.00     20205    1000.00                          31173    1000.00     37208    1000.00     42089    1000.00     4784488  1M00IL0.00

                     09085    1000.00     14645    1000.00     20498    1000.00                          31232    1000.00     37646    1000.00     42122    1000.00     48029    1000.00

03061    1000.00     09107    1000.00     14651    1000.00     20537    1000.00                          31295    1000.00     37733    1000.00     42167    1000.00

03094    1000.00     09122    1000.00     1461758  1M00IL0.00  20615    1000.00     C$50,000.00          31327    1000.00     37733    1000.00     42181    1000.00     48213SEGUNDOPREMIO

03128    1000.00     09147    1000.00                          20620    1000.00     MATAGALPA            31357    1000.00     37738    1000.00     42411    1000.00

03261    1000.00     09177    1000.00     15048    1000.00     20670    1000.00                          31425    1000.00     37816    1000.00     42547    1000.00

03274    2000.00     09197    1000.00     15157    1000.00     20688    1000.00     26091    1000.00     31470    1000.00     37824    1000.00     42744    1000.00

03323    1000.00     09279    1000.00     15188    2000.00     20938    1000.00     26101    1000.00     31543    1000.00     37861    1000.00     42832    1000.00

03332    1000.00     09381    2000.00     15209    1000.00     2092411  1M00IL0.00  26132    1000.00     31633    1000.00     37905    1000.00     4284436  1M00IL0.00

03427    1000.00     09528    1000.00     15238    1000.00                          26151    1000.00     3183527  1M00IL0.00  37957    1000.00                          C$300,000.00

03553    1000.00     09654    1000.00     15311    1000.00     21115    1000.00     26368    1000.00     32080    1000.00     37959    1000.00     43011    1000.00

03667    1000.00     09715    1000.00     15480CUARTO PREMIO   21223    2000.00     26432    1000.00     32142    1000.00     37980    1000.00     43114    1000.00           LEON

03670    1000.00     09753    1000.00                          21530    1000.00     26488    2000.00     32276    2000.00     37980    1000.00     43136    1000.00     48222    1000.00

03816    1000.00     09784    1000.00                          21554    1000.00     26505    1000.00     32281    1000.00     3793982  1M00IL0.00  43217    1000.00     48255    2000.00

0390246  1M00IL0.00  0981302  1M00IL0.00  C$25,000.00          21780    1000.00     26592    1000.00     32431    1000.00     38025    1000.00     43251    1000.00     48320    1000.00

04103    1000.00     10058    1000.00     MANAGUA              21812    1000.00     26595    1000.00     32505    10,000.00   38209    1000.00     43262    1000.00     48393    1000.00

04109    1000.00     10100    1000.00                          21864    2000.00     26643    1000.00     32717    1000.00     38288    1000.00     43367    1000.00     48442    1000.00

04272    1000.00     10262    1000.00     15687    2000.00     21907    1000.00     26800    1000.00     32744    1000.00     38329    1000.00     43367    1000.00     48491    3000.00

04283    1000.00     10269    1000.00     15716    1000.00     2192122  1M00IL0.00  26819    1000.00     32760    1000.00     38417    1000.00     43426    1000.00     48498    1000.00

04472    1000.00     10623    1000.00     15819    1000.00     22035    1000.00     2692975  1M00IL0.00  32869    1000.00     38448    1000.00     43456    1000.00     48552    2000.00

04489    1000.00     10623    1000.00     15823    1000.00     22164    1000.00     27101    1000.00     32876    1000.00     38512    1000.00     43493    1000.00     48603    1000.00

04591    1000.00     10639    1000.00     1581961  1M00IL0.00  22171    1000.00     27157    1000.00     32889    1000.00     38594    1000.00     43502    1000.00     48634    1000.00

04621    1000.00     10640    1000.00     16051    1000.00     22212    1000.00     27282    2000.00     3293731  1M00IL0.00  38718    1000.00     43646    1000.00     48688    1000.00

04691    1000.00     10663    1000.00     16169    1000.00     22232    1000.00     27326    1000.00     33000    2000.00     38763    1000.00     43712    1000.00     48713    1000.00

04852    3000.00     10704    1000.00     16370    1000.00     22234    1000.00     27488    1000.00     33033    1000.00     38872    1000.00     43798    2000.00     48725    1000.00

0490757  1M00IL0.00  10742    1000.00     16477    1000.00     22319    1000.00     27494    1000.00     33086    1000.00     3893194  1M00IL0.00  43805    1000.00     48753    1000.00

05094    1000.00     10770    1000.00     16492    1000.00     22344    1000.00     27503    1000.00     33202    1000.00     39061    1000.00     43833    1000.00     48872    1000.00

05143    1000.00     10964    1000.00     16559    1000.00     22374    1000.00     27614    1000.00     33251    1000.00     39074    1000.00     43853    1000.00     48909    1000.00

05161    1000.00     1091814  1M00IL0.00  16716    2000.00     22484    1000.00     27615    1000.00     33276    1000.00     39101    1000.00     43895    1000.00     48923    1000.00

05187    1000.00     11021    1000.00     16814    1000.00     22632    1000.00     2772685  1M00IL0.00  33346    1000.00     39147    1000.00     43956    1000.00     4894795  1M00IL0.00

05281    1000.00     11123    1000.00     1691570  1M00IL0.00  22637    1000.00     28047    1000.00     33392    3000.00     39201    1000.00     4394948  1M00IL0.00  49037    1000.00

05486    1000.00     11287    1000.00     17003    2000.00     22692    1000.00     28058    1000.00     33461    2000.00     39236    1000.00     44028    1000.00     49079    1000.00

05539    1000.00     11448    2000.00     17030    1000.00     22695    1000.00     28085    1000.00     33518    1000.00     39346    1000.00     44046    1000.00     49188    1000.00

05639    1000.00     11459    1000.00     17120    1000.00     22709    1000.00     28139    1000.00     33555    1000.00     39347    1000.00     44064    1000.00     49205    1000.00

05912    1000.00     11537    1000.00     17146    1000.00     22722    1000.00     28241    1000.00     33584    1000.00     39348    2000.00     44181    1000.00     49227    1000.00

05934    1000.00     11594    2000.00     17150    1000.00     22902    1000.00     28312    1000.00     33615    1000.00                          44237    1000.00     49234    1000.00

05951    1000.00     11609    1000.00     17160    1000.00     2292039  1M00IL0.00  28329    1000.00     33852    1000.00     PREMIO               44355    1000.00     49401    1000.00
                                                                                                                              39349MAYOR
05980    1000.00     11651    1000.00     17294    1000.00     23017    1000.00     28339    2000.00     33888    1000.00                          44416    1000.00     49448    1000.00

0590861  1M00IL0.00  11652    1000.00     17304    1000.00     23072    1000.00     28382    1000.00     33893    1000.00                          44423    1000.00     49601    1000.00

06042    1000.00     11732    1000.00     17313    1000.00     23096    1000.00     28546    1000.00     3393840  1M00IL0.00                       44537    1000.00     49759    1000.00

06101    1000.00     11801    1000.00     17342    1000.00     23222    1000.00     28698    1000.00     34002    1000.00                          44625    1000.00     49873    1000.00

06168    1000.00     11832    1000.00     17375    1000.00     23226    1000.00     28736    1000.00     34034    2000.00                          4494252  1M00IL0.00  49882    1000.00

06195    1000.00     1191752  1M00IL0.00  17376    1000.00     23433    1000.00     28900    1000.00     34043    1000.00                          45058    1000.00     49886    1000.00

06214    1000.00     12016    1000.00     17490    1000.00     23436    1000.00     2892793  1M00IL0.00  34104    1000.00                          45136    1000.00     49912    1000.00

06260    1000.00     12308    3000.00     17511    1000.00     23468    1000.00     29057    1000.00     34142    1000.00                          45217    1000.00     4995707  1M00IL0.00

06343    1000.00     12351    1000.00     17666    1000.00     23506    1000.00     29089    1000.00     34156    1000.00     C$ 3,500,000.00      45300    1000.00     50013    1000.00

06352    1000.00     12416    1000.00     17726    1000.00     23620    1000.00     29219    1000.00     34204    15,000.00                        45555    1000.00     50139    1000.00

06530    1000.00     12450    1000.00     17736    1000.00     23655    1000.00     29226    1000.00     34346    1000.00                          45572    1000.00     50153    1000.00

06709    1000.00     12572    2000.00     17783    1000.00     23679    1000.00     29246    1000.00     34432    1000.00     VENDIDO POR EL       45737    1000.00     50289    1000.00

06758    1000.00     12757    1000.00     17857    1000.00     23725    1000.00     29316    1000.00     34518    1000.00     CONCESIONARIO F-073  45755    1000.00     50290    1000.00

06780    1000.00     12949    10,000.00   1791688  1M00IL0.00  23748    1000.00     29322    1000.00     34564    1000.00     ROBERTO              45931    1000.00     50358    1000.00

06920    1000.00     12951    1000.00     18001    1000.00     23764    1000.00     29380    1000.00     34575    1000.00     LARIOS LOPEZ         45966    1000.00     50439    1000.00

06937    1000.00     12976    1000.00     18030    1000.00     23796    1000.00     29432    1000.00     34783    1000.00     ESTELI               4594765  1M00IL0.00  50600    1000.00

0690770  1M00IL0.00  1291933  1M00IL0.00  18148    1000.00     23864    1000.00     29456    1000.00     34789    1000.00                                               50620    1000.00

                                          18270    1000.00     2392745  1M00IL0.00  29700QUINTO PREMIO   3483658  1M00IL0.00  39350    2000.00     46230    1000.00     50720    1000.00

07030    1000.00     13211    1000.00     18274    1000.00     24042    1000.00                                               39351    1000.00     46258    1000.00     50769    1000.00

07051    2000.00     13222    1000.00     18353    1000.00     24567    1000.00                          35141    1000.00     39352    1000.00     46477    1000.00     50920    1000.00

07094    2000.00     13223    1000.00     18380    1000.00     24642    1000.00     C$20,000.00          35195    1000.00     39481    1000.00     46509    2000.00     50932    1000.00

07152    1000.00     13307    1000.00     18397    1000.00     24707    1000.00     LEON                 35198    1000.00     39870    1000.00     46598    1000.00     50952    1000.00

NOTA: LOS BILLETES TERMINADOS EN 9349 GANAN C$4,800.00, LOS TERMINADOS EN 349 GANAN C$2,400.00, LOS TERMINADOS EN 49 GANAN

C$1,200.00, LOS TERMINADOS EN 9 GANAN C$600.00. TODOS LOS NUMEROS DE LA PRESENTE LISTA Y QUE A LA VEZ TENGAN TERMINACIONES

DEL PREMIO MAYOR TIENEN DERECHO AL PREMIO Y A LA TERMINACION. SE EXCEPTUA AL PREMIO MAYOR EN TODAS LAS TERMINACIONES.

         ESTA LISTA ES GRATIS · VISITE WWW.LOTERIANACIONAL.COM.NI
