                                                                        SORTEO ORDINARIO Nº 1463

                                                                                                                                                              MANAGUA

                                                               3,500,000Córdobas                                                                              19 DE MAYO

                                                                                                                                                                          2009

                                                                                                                                                              CADUCIDAD

                                                                                                                                                              27 DE AGOSTO

                                                                                                                                                                          2009

                                                                                                                                                              LISTA OFICIAL

01       MIL         0690077  1M00IL0.00  12152    1000.00     17398    1000.00     22614    1000.00     27636    1000.00       33573    1000.00     3984403  1M00IL0.00  PREMIO

01017    1000.00     07081    1000.00     12278    1000.00     17448    1000.00     22629    1000.00     27659    1000.00       33577    1000.00     40265    1000.00     46778MAYOR

01063    1000.00     07205    1000.00     12317    1000.00     17557    1000.00     22639    1000.00     2782580  15M,00IL0.00  3383047  1M00IL0.00  40298    1000.00

01165    1000.00     07345    2000.00     12342    1000.00     17569    1000.00     22645    1000.00     28052    1000.00       34023    1000.00     40364    1000.00

01265    1000.00     07375    1000.00     12507    1000.00     17659    1000.00     22674    1000.00     28094    1000.00       34044    1000.00     40413    1000.00

01324    1000.00     07617    1000.00     12548    1000.00     17718    1000.00     22970    1000.00     28127    1000.00       34160    1000.00     40431    1000.00

01379    1000.00     07621    1000.00     12679    1000.00     17757    1000.00     2292733  1M00IL0.00  28271    1000.00       34204    1000.00     40536    1000.00

01384    1000.00     07684    1000.00     12717    3000.00     17786    1000.00     23032    1000.00     28325    1000.00       34239    1000.00     40550    1000.00

01447    1000.00     0780788  1M00IL0.00  1271531  1M00IL0.00  1781980  1M00IL0.00  23048    1000.00     28374    3000.00       34289    1000.00     40572    1000.00     C$ 3,500,000.00

01487    1000.00                          13042    1000.00                          23057    1000.00     28501    1000.00       34309    1000.00     40600    1000.00

01496    1000.00     08044    1000.00     13158    1000.00     18055    1000.00     23075    1000.00     28551    1000.00       34354    1000.00     40689    1000.00

01528    1000.00     08060    1000.00     13396    1000.00     18062    1000.00     23437    2000.00     28582    1000.00       34503    1000.00     40774    1000.00     NO FUE VENDIDO.

01534    1000.00     08100    1000.00     13411    1000.00     18112    1000.00                          28613    1000.00       34546    2000.00                          POR ACUMULACION EL
                                                                                                                                                                          SORTEO 1464 DEL 30 DE
01539    1000.00                                               18138    1000.00     23458    1000.00                                                 40787    1000.00     MAYO 2009 TENDRA
                     08240    1000.00     13448    1000.00                                               28642    1000.00       34559    1000.00
01638    1000.00                                               18176    2000.00     23532    1000.00                                                 4094415  1M00IL0.00  UN PREMIO MAYOR DE
                     08256    1000.00                                                                                                                                     C$ 11,750,000.00 POR
01708    2000.00                          13493    1000.00     18232    1000.00     23551    1000.00     28691    1000.00       34635    1000.00                          EL PRECIO DE C$800
                     08283    1000.00                                                                                                                41032    1000.00
01725    1000.00                          13551    1000.00     18290    1000.00     23642    1000.00     28699    1000.00       34678    1000.00                                EL BILLETE.
                                                                                                                                                                          MANAGUA
01802    1000.00     08321    1000.00     13613    1000.00     18334    1000.00     23747    1000.00     28701    1000.00       34754    1000.00     41037    1000.00

01908    1000.00     08353    1000.00     1361948  1M00IL0.00  18353    1000.00     23849    1000.00     28726    1000.00       34804    1000.00     41380    1000.00     46779    2000.00

0190728  1M00IL0.00  08365    1000.00                          18366    1000.00     2392044  1M00IL0.00  28745    1000.00       3483558  1M00IL0.00  41464    1000.00     46780    1000.00

                     08365    1000.00     14006    1000.00     18452    1000.00                          28788    1000.00                            41522    1000.00     46781    1000.00

02052    1000.00     08445    1000.00     14029    1000.00     18459    1000.00     24028    1000.00     28816    1000.00       35070    1000.00     41577    1000.00     46785    1000.00

02058    1000.00     08379CUARTO PREMIO   14052    1000.00     18559    1000.00     24155    1000.00     28859    1000.00       35099    1000.00     41714    1000.00     46839    1000.00

02187    1000.00                          14117    1000.00     18682    1000.00     24253    1000.00     28860    1000.00       35118    1000.00     41730    1000.00     4684675  1M00IL0.00

02243    1000.00                          14183    1000.00     18806    1000.00     24283    1000.00     28870    1000.00       35205    1000.00     41826    1000.00

02299    1000.00     C$20,000.00          14227    1000.00     1891195  1M00IL0.00  24330    1000.00     2892595  1M00IL0.00    35222    2000.00     41874    1000.00     47112    1000.00

02383    1000.00     MANAGUA              14309    1000.00                          24355    2000.00                            35274    1000.00     41931    1000.00     47143    1000.00

02393    1000.00                          14374    1000.00     19063    1000.00     24360    1000.00     29131    1000.00       35464    1000.00     4194723  1M00IL0.00  47382    2000.00

02403    1000.00     08549    1000.00     14447    1000.00     19121    1000.00     24446    1000.00     29202    1000.00       35510    1000.00     42002    1000.00     47431    1000.00

02415    1000.00     08576    1000.00     14448    1000.00     19154    1000.00     24590    1000.00     29323    1000.00       35554    2000.00     42245    1000.00     47517    1000.00

02616    1000.00     08691    1000.00     14558    1000.00     19224    1000.00     24593    1000.00     29588    1000.00       35560    1000.00     42265    1000.00     47591    1000.00

02652    1000.00     08702TERCER PREMIO   14612    1000.00     19228    1000.00     24616    1000.00     29661    1000.00       35658    1000.00     42460    1000.00     47682    1000.00

02697    1000.00                          14663    1000.00     19342    1000.00     24649    1000.00     29670    1000.00       35797    1000.00     42658    1000.00     47711    1000.00

0290935  1M00IL0.00                       14684    1000.00     19361    3000.00     24666    1000.00     2993507  1M00IL0.00    35873    1000.00     42683    1000.00     47740    1000.00

                                          14737    1000.00     19480    1000.00     24807    1000.00     30094    1000.00       35939    1000.00     42782    1000.00     47758    1000.00

03133    1000.00                          14763    1000.00     19615    1000.00     24839    1000.00     30208    1000.00       3593967  1M00IL0.00  4294935  1M00IL0.00  47783    1000.00

03390    1000.00     C$50,000.00          14852    1000.00     19662    1000.00     2492056  1M00IL0.00  30290    1000.00       36014    1000.00                          47856    1000.00

03489    1000.00     MANAGUA              1491953  1M00IL0.00  19692    2000.00     25070    1000.00     30605    1000.00       36035    1000.00     43076    1000.00     47870    1000.00

03513    1000.00                          15096    1000.00     19747    1000.00     25089    1000.00     30620    1000.00       36371    1000.00     43116    1000.00     47887CUARTO PREMIO

03514    1000.00                          15168    1000.00     19782    1000.00     25110    1000.00     30628    1000.00       36546    1000.00     43141    1000.00

03744    1000.00     08702    1000.00     15254    1000.00     19915    1000.00     25332    1000.00     30628    1000.00       36577    1000.00     43725    1000.00

03829    1000.00     08705    1000.00     15327    1000.00     19970    1000.00     25359    1000.00     30644    1000.00       36605    1000.00     43731    2000.00     C$25,000.00

0380740  2M00IL0.00  08893    1000.00     15330    1000.00     1992908  1M00IL0.00  25363    1000.00     30726    1000.00       36670    1000.00     43906    1000.00           LEON

04045    1000.00     08894    1000.00     15358    1000.00                          25415    1000.00     30788    1000.00       36672    1000.00     4394847  1M00IL0.00  48       MIL

04127    1000.00     08900    1000.00     15380    1000.00     20033    1000.00     25442    1000.00     30877    1000.00       36685    1000.00                          48052    1000.00

04151    1000.00     0890696  2M00IL0.00  15518    1000.00     20055    1000.00     25457    2000.00     3083812  1M00IL0.00    36733    1000.00     44005    1000.00     48147    1000.00

04166    1000.00     09236    1000.00     15529    1000.00     20126    2000.00     25499    1000.00                            36846    1000.00     44025    1000.00     48185    1000.00

04186    1000.00     09300    1000.00                          20197    1000.00     25518    1000.00     31014    1000.00       3683773  1M00IL0.00  44215    1000.00     48185    1000.00

04251    2000.00     09311    1000.00     15679SEGUNDO         20211    1000.00     25532    1000.00     31045    1000.00                            44339    1000.00     48186    1000.00

04319    1000.00     09402    1000.00     PREMIO               20495    1000.00     25536    1000.00     31063    1000.00       37075    1000.00     44373    1000.00     48206    1000.00

04435    1000.00     09413    1000.00                          20707    1000.00     25590    1000.00     31114    1000.00       37096    1000.00     44443    1000.00     48226    1000.00

04556    1000.00     09465    1000.00                          20790    1000.00     25590    1000.00     31187    1000.00       37338    2000.00     44469    1000.00     48229    1000.00

04613    1000.00     09644    1000.00                          20842    1000.00     25600    1000.00     31261    1000.00       37362    2000.00     44487    1000.00     48265    1000.00

04704    1000.00     09665    1000.00                          20886    1000.00     25678    1000.00     31639    1000.00       37422    1000.00     44552    1000.00     48275    1000.00

04725    1000.00     09699    1000.00                          2092810  1M00IL0.00  25765    1000.00     31658    2000.00       37441    1000.00     44669    1000.00     48310    1000.00

04787    1000.00     09764    1000.00     C$300,000.00         21017    1000.00     25851    1000.00     31673    1000.00       37496    1000.00     44765    1000.00     48330    1000.00

04794    1000.00     09854    10,000.00   MASAYA               21148    1000.00     25904    1000.00     31712    1000.00       37499    1000.00     4494252  1M00IL0.00  48356    1000.00

0470955  1M00IL0.00  0991800  1M00IL0.00                       21372    1000.00     2592365  1M00IL0.00  31732    1000.00       37602    1000.00     45062    1000.00     48548    1000.00

                                                               21423    1000.00                          31763    1000.00       37746    1000.00     45246    1000.00     48593    1000.00

05181    1000.00     10045    1000.00     15846    1000.00     21424    1000.00     26106    1000.00     3173720  1M00IL0.00    37754    1000.00     45400    1000.00     48812    1000.00

05292    1000.00     10088    1000.00     1591861  1M00IL0.00  21460    1000.00     26197    1000.00     32065    1000.00       3773889  2M00IL0.00  45415    1000.00     4884893  1M00IL0.00

05407    1000.00     10131    2000.00                          21637    1000.00     26233    1000.00     32255    2000.00       38326    2000.00     45451    1000.00     49159    1000.00

05469    1000.00     10363    1000.00     16074    1000.00     21674    1000.00     26249    1000.00     32283    1000.00       38527    1000.00     45515    1000.00     49207    1000.00

05483    1000.00     10474    1000.00     16148    1000.00     21741    1000.00     26300TERCER PREMIO   32296    1000.00       38533    2000.00     45679    2000.00     49274    1000.00

05669    1000.00     10516    1000.00     16270    10,000.00   21743    3000.00                          32422    1000.00       38612    1000.00     45758    1000.00     49280    1000.00

05707    1000.00     10665    1000.00     16284    1000.00     21757    1000.00                          32449    1000.00       38623    1000.00     45790    1000.00     49282    1000.00

0590764  1M00IL0.00  10806    1000.00     16300    1000.00     21803    1000.00                          32520    1000.00       38676    1000.00     45895    1000.00     49411    2000.00

06046    1000.00     10879    1000.00     16346    1000.00     21809    1000.00                          32580    1000.00       38807    1000.00     45897    1000.00     49511    2000.00

06048    1000.00     10911    2000.00     16409    1000.00     21827    1000.00     C$50,000.00          32582    1000.00       38858    1000.00     45910    1000.00     49605    1000.00

06099    1000.00     10924    1000.00     16421    1000.00     21908    1000.00                          32598    3000.00       38862    1000.00     4594469  1M00IL0.00  49639    1000.00

06127    1000.00     1091914  1M00IL0.00  16455    1000.00     21918    1000.00     MANAGUA              32750    1000.00       38920    1000.00                          49856    1000.00

06173    1000.00     11178    1000.00     16455    1000.00     21965    1000.00                          32755    1000.00       38921    2000.00     46168    1000.00     49874    2000.00

06210    1000.00     11201    3000.00     16481    1000.00     2192725  1M00IL0.00  26399    1000.00     3283632  1M00IL0.00    38957    1000.00     46203    1000.00     4995505  1M00IL0.00

06272    1000.00     11286    1000.00     16628    1000.00                          26579    1000.00                            38964    1000.00     46318    1000.00

06340    2000.00     11460    1000.00     16699    1000.00     22076    1000.00     26687    1000.00     33029    1000.00       3893796  1M00IL0.00  46359    1000.00     50004    1000.00

06390    1000.00     11687    1000.00     16740    1000.00     22092    1000.00     26719    1000.00     33126    1000.00                            46469    1000.00     50223CUARTOPREMIO

06412    1000.00     11711    1000.00     16972    1000.00     22114    1000.00     26794    1000.00     33207    1000.00       39006    1000.00     46530    1000.00

06448    1000.00     11907    1000.00     1691878  2M00IL0.00  22159    1000.00     26798    1000.00     33265    1000.00       39250    1000.00     46552    1000.00     C$25,000.00

06483    1000.00     11916    1000.00     17029    1000.00     22177    1000.00     2682873  1M00IL0.00  33302    1000.00       39275    1000.00     46630    1000.00     MANAGUA

06588    1000.00     11969    1000.00     17044    2000.00     22229    1000.00     27134    1000.00     33392    1000.00       39403    3000.00     46664    1000.00     50460    1000.00

06711    1000.00     1191942  1M00IL0.00  17078    1000.00     22238    1000.00     27174    1000.00     33441    1000.00       39619    1000.00     46775    1000.00     50809    2000.00

06810    1000.00                          17277    1000.00     22338    1000.00     27329    1000.00     33488    2000.00       39643    1000.00     46776    1000.00     50936    1000.00

06839    1000.00     12076    1000.00     17336    1000.00     22533    1000.00     27635    1000.00     33568    1000.00       39690    1000.00     46777    2000.00     50959    1000.00

                                                               22563    1000.00

NOTA: LOS BILLETES TERMINADOS EN 6778 GANAN C$4,800.00, LOS TERMINADOS EN 778 GANAN C$2,400.00, LOS TERMINADOS EN 78 GANAN

C$1,200.00, LOS TERMINADOS EN 8 GANAN C$600.00. TODOS LOS NUMEROS DE LA PRESENTE LISTA Y QUE A LA VEZ TENGAN TERMINACIONES

DEL PREMIO MAYOR TIENEN DERECHO AL PREMIO Y A LA TERMINACION. SE EXCEPTUA AL PREMIO MAYOR EN TODAS LAS TERMINACIONES.

NOTA: POR ACUMULACION EL SORTEO No. 1464 A VERIFICARSE EL 30 DE MAYO DEL 2009 TENDRA UN

PREMIO MAYOR DE C$ 11,750.000.00 POR EL PRECIO DE C$ 800.00 EL BILLETE Y C$ 40.00 EL VIGESIMO
