                                                      SORTEO EXTRAORDINARIO Nº 1464

                                                                                                                                       MANAGUA

                                                      11,750Có,0rdo0ba0s                                                               30 DE MAYO

                                                                                                                                                2009

                                                                                                                                       CADUCIDAD

                                                                                                                                       7 DE SEPTIEMBRE

                                                                                                                                                2009

                                                                                                                                       LISTA OFICIAL

01     MIL          07542  1700.00    14278  1700.00  19752  1700.00        23825  1700.00  29329  1700.00      35042  1700.00  40495  1700.00  46166  1700.00

01117  1700.00      07547  1700.00    14328  1700.00  19788  1700.00        23840  1700.00  29339  1700.00      35076  1700.00  40527  1700.00  46308  1700.00

01466  1700.00      07681  1700.00    14337  1700.00  19807  1700.00        23877  1700.00  29352  1700.00      35131  1700.00  40537  1700.00  46343  1700.00

01491  1700.00      07724  1700.00    14432  1700.00  19815  1700.00        23898  1700.00  29435  1700.00      35302  1700.00  40559  2000.00  46420  1700.00

01498  1700.00      07759  1700.00    14462  1700.00  19862  1700.00        23933  1700.00  29484  1700.00      35472  1700.00  40569  1700.00  46427  1700.00
                                                                            24     MIL
01530  1700.00      07775  1700.00    14527  1700.00  19887  1700.00                        29492  1700.00      35629  1700.00  40651  1700.00  46490  1700.00

01558  1700.00      07823  1700.00    14546  1700.00  19996  1700.00        24132  1700.00  29615  1700.00      35731  1700.00  40795  1700.00  46523  1700.00
                    08     MIL                        20     MIL
01656  1700.00                        14745  1700.00                        24191  1700.00  29690  1700.00      35768  1700.00  40829  1700.00  46628  1700.00

01731TERCER PREMIO  08224  1700.00    14912  1700.00  20086  1700.00        24197  1700.00  29805  1700.00      35822  1700.00  40892  1700.00  46638  1700.00
                                      15     MIL
                    08245  1700.00                    20232  1700.00        24232  1700.00  29876  1700.00      35865SEGUNDO    40934  1700.00  46659  1700.00
                                                                                            30     MIL
                    08308  1700.00    15270  1700.00  20373  1700.00        24297  1700.00                      PREMIO          40958  1700.00  46774  1700.00

                    08315  1700.00    15320  1700.00  20411  1800.00        24433  1700.00  30089  1700.00                      40995  1700.00  46884  1700.00
                                                                                                                                41     MIL
                    08384  1700.00    15321  1700.00  20462  1700.00        24515  1700.00  30320  1700.00                                      46898  1700.00
                                                                                                                                                47     MIL
C$200,000.00        08633  1700.00    15397  1700.00  20651  1700.00        24571  1700.00  30444  1700.00                      41069  1700.00

                    08666  1700.00    15432  1700.00  20657  1700.00        24572  1700.00  30622  1700.00                      41074  1700.00  47124  1700.00

MANAGUA             08690  1700.00    15626  1700.00  20719  1700.00        24599  1700.00  30626  1700.00                      41129  1700.00  47147  1700.00

                    08730  1700.00    15665  1700.00  20752  1800.00        24646  1700.00  30668  1800.00                      41149  1700.00  47172  1700.00

01806  1700.00      08878  1800.00    15709  1700.00  20847  1700.00        24652  1700.00  30730  1700.00                      41256  1700.00  47219  1800.00
                                      16     MIL                                                                C$250,000.00
01884  1700.00      08952  1700.00                    20896  1700.00        24743  1700.00  30757  1700.00                      41296  2000.00  47265  1700.00

01924  1700.00      08974  1700.00    16123  1700.00  20933  1800.00        24752  1700.00  30837  1700.00      OCOTAL          41342  1700.00  47388  1700.00

01970  1700.00      08986  1700.00    16131  1700.00  20994  1700.00        24780  1700.00  30931  2000.00                      41547  1700.00  47587  1700.00
02     MIL          09     MIL                        21     MIL
                                      16222  1700.00                        24833  1700.00  30990  1800.00                      41670  1700.00  47592  1800.00
                                                                                            31     MIL
02048  1700.00      09235  1700.00    16265  1700.00  21156  1700.00        24935  1700.00                      35905  1700.00  41680  1700.00  47717  1700.00
                                                                            25     MIL                          36     MIL
02104  1800.00      09247  1700.00    16301  1700.00  21180  1700.00                        31011  1700.00                      41833  1700.00  47721  1700.00

02124  1700.00      09325  1700.00    16357  1700.00  21207  1700.00        25079  1700.00  31061  1700.00      36194  1700.00  41876  1700.00  47739  1700.00
                                                                                                                                42     MIL
02144  1700.00      09339  1700.00    16479  1700.00  21330  1700.00        25100  1700.00  31244  1700.00      36213  1700.00                  47756  1700.00

02391  1700.00      09453  1700.00    16565  1700.00  21334  1700.00        25123  1700.00  31320  1700.00      36315  1700.00  42031  1700.00  47805  1700.00

02516  1700.00      09457  1700.00    16628  1700.00  21492  1700.00        25166  1700.00  31380  1800.00      36334  1700.00  42174  1700.00  47831  1700.00

02544  1800.00      09475  1700.00    16641  1700.00  21504  1700.00        25241  1700.00  31557  1700.00      36439  1700.00  42252  1700.00  47930  1700.00

02715  1700.00      09539  1700.00    16980  1700.00  21635  1700.00        25262  1700.00  31573  1700.00      36478  1700.00  42280  1700.00  47955SEGUNDO
                                      17     MIL
02793  2000.00      09745  1700.00                    21680  1700.00        25375  1700.00  31575  1700.00      36697  1700.00  42292  1700.00  PREMIO
03     MIL
                    09895  1700.00    17051  1700.00  21769  1700.00        25416  1700.00  31593  1700.00      36782  1700.00  42389  1700.00

03032  1700.00      09942  1700.00    17177  1700.00  21968  2500.00        25501  1700.00  31797  1700.00      36790  1700.00  42435  1700.00
                                                                                                                37     MIL
03202  20,000.00    09946  1700.00    17214  1700.00  21969  2500.00        25545  1700.00  31981  1700.00                      42487  1700.00
                    10     MIL                                                              32     MIL
03202  1700.00                        17234  1800.00  21970  5000.00        25546  1700.00                      37097  1700.00  42738  1700.00

03206  1700.00      10174  1700.00    17267  1700.00  PREMIO                25650  1700.00  32106  1700.00      37147  1700.00  42846  1700.00

03278  1800.00      10201  1700.00    17274  1700.00  21971MAYOR            25852  1700.00  32178  1800.00      37164  1700.00  42850  1700.00
                                                                                                                                43     MIL
03489  1700.00      10239  1700.00    17360  1700.00                        25873  1700.00  32269  1700.00      37171  1700.00                  C$250,000.00
                                                                            26     MIL
03690  1700.00      10314  1700.00    17500  1700.00                                        32277  1700.00      37183  1700.00  43132  1700.00
04     MIL
                    10352  1700.00    17556  1700.00                        26048  1700.00  32340  1700.00      37400  1700.00  43139  1700.00  MANAGUA

04126  1700.00      10489  1700.00    17561  1700.00                        26123  1700.00  32375  1700.00      37461  1700.00  43336  1700.00

04343  1700.00      10579  1700.00    17585  1700.00                        26200  1700.00  32442  1700.00      37523  1700.00  43392  1700.00

04586  1700.00      10791  1700.00    17697  1700.00                        26207  1700.00  32724  1800.00      37597  1700.00  43415  1700.00  47980  1700.00
                                                                                                                                                48     MIL
04700  1700.00      10793  1700.00    17734  1700.00                        26228  1700.00  32832  1700.00      37657  1700.00  43478  1700.00

04708  1700.00      10986  1700.00    17738  1700.00  C$ 11,750,000.00      26233  1700.00  32869  1700.00      37775  1700.00  43487  1700.00  48055  1700.00
                    11     MIL
04784  1800.00                        17760  1700.00                        26398  1700.00  32885  1700.00      37837  1700.00  43571  1700.00  48060  1700.00

04843  1700.00      11092  1700.00    17767  1700.00                        26418  1700.00  32936  1700.00      37854  1700.00  43582  1700.00  48172  1700.00

04871  1700.00      11144  1700.00    17808  1700.00  NO FUE VENDIDO.       26433  1700.00  32960  1700.00      37854  1700.00  43655  1700.00  48283  1700.00
                                                                                            33     MIL
04947  1700.00      11207  1700.00    17909  1700.00  POR ACUMULACION EL    26442  1700.00                      37869  1700.00  43662  1700.00  48287  1700.00
05     MIL                                            SORTEO 1465 DEL 9 DE
                    11364  1700.00    17944  1700.00  JUNIO 2009 TENDRA     26462  1800.00  33115  1700.00      37910  1700.00  43748  1700.00  48407  1700.00

05120  1700.00      11443  1700.00    17982  1700.00  UN PREMIO MAYOR DE    26507  1700.00  33186  1700.00      37959  1700.00  43881  1700.00  48412  1700.00
                                      18     MIL      C$ 11,750,000.00 POR
05199  1700.00      11557  1700.00                    EL PRECIO DE C$400    26649  1700.00  33207  1700.00      38     MIL      43888  1700.00  48457  1700.00

05276  1800.00      11632  1700.00    18046  1700.00  EL BILLETE.           26655  1700.00  33221  1700.00      38035  1700.00  43981  1700.00  48472  1700.00
                                                      MANAGUA
05319  10,000.00    11752  1700.00    18054  1700.00                        26803  1700.00  33242  1700.00      38103  1700.00  44     MIL      48729  1700.00

05351  1700.00      11848  1700.00    18165  1700.00                        26864  1700.00  33402  1700.00      38196  1700.00  44331  1700.00  48872  1700.00

05355  1700.00      11873  1700.00    18166  1800.00  21972  5000.00        26929  1700.00  33420  1700.00      38270  1800.00  44360  1800.00  48942  1700.00
                                                                                                                                                49     MIL
05477  1700.00      11905  1800.00    18229  1700.00  21973  2500.00        26945  1700.00  33435  1700.00      38304  1700.00  44429  1700.00

05504  1700.00      11968  1700.00    18284  1700.00  21974  2500.00        26955  1700.00  33437  1700.00      38368  1700.00  44452  1700.00  49083  1700.00
                    12     MIL                                              27     MIL
05534  1700.00                        18332  1700.00  21987  1700.00                        33479  1700.00      38385  1700.00  44455  1700.00  49105CUARTO PREMIO
                                                      22     MIL
05678  1700.00      12016  1700.00    18334  1700.00                        27042  1700.00  33511  1700.00      38397  1700.00  44536  1700.00

05818  1700.00      12025  10,000.00  18464  1700.00  22012  1700.00        27081  2000.00  33581CUARTO PREMIO  38435  1700.00  44565  1700.00

05939  1700.00      12037  1700.00    18521  1700.00  22101  1700.00        27087  1700.00                      38665  1700.00  44585  1700.00

05962  1700.00      12069  1700.00    18625  1700.00  22126  1700.00        27523  1700.00                      38703  1700.00  44714  1700.00  C$100,000.00

05972  1700.00      12109  1700.00    18776  1700.00  22210  1700.00        27553  1700.00                      38717  1700.00  44840  1700.00  JINOTEGA
06     MIL
                    12175  1700.00    18818  1700.00  22238  1700.00        27739  1700.00  C$100,000.00        38892  1700.00  44973  1800.00

06289  1700.00      12275  1700.00    18822  1700.00  22293  1700.00        27811  1700.00  MANAGUA             38905  1700.00  44983  1700.00  49454  1700.00
                                                                                                                                45     MIL
06333  1700.00      12290  1700.00    18843  1700.00  22350  1700.00        27962  1700.00                      38919  1700.00                  49579  1700.00
                                                                            28     MIL
06495  1700.00      12315  1700.00    18997  1700.00  22355  1700.00                        33749  1700.00      38989  1700.00  45005  1700.00  49759  1700.00
                                      19     MIL                                                                39     MIL
06495  1700.00      12319  1700.00                    22473  1700.00        28120  1700.00  33833  1700.00                      45026  1700.00  49771  1700.00

06546  2000.00      12537  1700.00    19005  1700.00  22588  1700.00        28133  1700.00  33918  1700.00      39117  1700.00  45111  1700.00  49849  1700.00
                                                                                            34     MIL
06657  1700.00      12594  1700.00    19078  1700.00  22636  1700.00        28248  1700.00                      39233  1700.00  45189  1700.00  49887  1700.00

06752  1700.00      12706  1700.00    19115  1700.00  22805  1800.00        28345  1700.00  34010  1700.00      39253  1700.00  45220  1700.00  49930  1700.00
                                                                                                                                                50     MIL
06824  1700.00      12771  1800.00    19125  1700.00  22862  1700.00        28687  1700.00  34118  1700.00      39360  1700.00  45238  1700.00

06941  1700.00      12946  1700.00    19200  1700.00  22988  1700.00        28811  1700.00  34135  1700.00      39367  1700.00  45341  1700.00  50013  1700.00
07     MIL          13     MIL                        23     MIL
                                      19251  1700.00                        28834  1800.00  34138  1700.00      39379  1700.00  45345  1700.00  50040  1700.00

07022  1700.00      13283  1700.00    19273  1700.00  23062  1700.00        28859  1700.00  34140  1700.00      39550  1700.00  45420  1700.00  50075  1700.00

07050  1700.00      13365  1700.00    19282  1700.00  23123  1800.00        28940  1700.00  34200  1700.00      39745  1700.00  45454  1700.00  50090  1700.00

07139  1700.00      13413  1800.00    19302  1700.00  23200  1700.00        28990  1700.00  34329  1700.00      39830  1700.00  45653  1700.00  50126  1700.00
                                                                            29     MIL
07143  1700.00      13540  1700.00    19305  1700.00  23211  1700.00                        34529  1700.00      39905  1700.00  45749  1700.00  50355  1700.00

07259  1700.00      13723  1700.00    19345  1700.00  23278  1700.00        29020  1700.00  34536  1700.00      39986  1700.00  45880  1700.00  50474  1700.00
                                                                                                                40     MIL
07325  1700.00      13747  1700.00    19427  2000.00  23355  1700.00        29030  1700.00  34612  1700.00                      45891  1700.00  50616  1800.00

07354QUINTO PREMIO  13877  1700.00    19443  1700.00  23497  1800.00        29066  1700.00  34788  1700.00      40140  1700.00  45912  1700.00  50635  1700.00
                    14     MIL
                                      19540  1800.00  23553  1700.00        29124  1700.00  34797  1700.00      40169  1700.00  45933  1700.00  50671  1700.00
                                                                                                                                46     MIL
C$50,000.00         14025  1700.00    19545  1700.00  23554  1700.00        29169  1700.00  34829  1700.00      40254  1700.00                  50784  1700.00
MANAGUA
                    14122  1700.00    19573  1800.00  23592  1700.00        29188  1800.00  34850  1800.00      40369  1700.00  46151  1700.00  50938  1700.00
                                                                                            35     MIL
07515  1700.00      14155  1700.00    19663  1700.00  23697  1700.00        29225  1700.00                      40471  1700.00  46161  1700.00  50995  1800.00

NOTA: LOS BILLETES TERMINADOS EN 1971 GANAN C$12,800.00, LOS TERMINADOS EN 971 GANAN C$6,400.00, LOS TERMINADOS EN 71 GANAN

C$3,200.00, LOS TERMINADOS EN 1 GANAN C$1,600.00. TODOS LOS NUMEROS DE LA PRESENTE LISTAY QUE A LA VEZ TENGAN TERMINACIONES

DEL PREMIO MAYOR TIENEN DERECHO AL PREMIO Y A LA TERMINACION. SE EXCEPTUA AL PREMIO MAYOR EN TODAS LAS TERMINACIONES.

       NOTA: POR ACUMULACION EL SORTEO No. 1465 A VERIFICARSE EL 9 DE JUNIO DEL 2009 TENDRA UN

PREMIO MAYOR DE C$ 11,750.000.00 POR EL PRECIO DE C$ 400.00 EL BILLETE Y C$ 20.00 EL VIGESIMO
