                                                        SORTEO EXTRAORDINARIO Nº 1465

                                                                                                                                     MANAGUA

                                                        11,750Có,0rdo0ba0s                                                           9 DE JUNIO

                                                                                                                                                  2009

                                                                                                                                     CADUCIDAD

                                                                                                                                     17 DE SEPTIEMBRE

                                                                                                                                                  2009

                                                                                                                                     LISTA OFICIAL

01     MIL      06679  850.00       12654QUINTO PREMIO  17629  850.00    24447  850.00  29437  850.00     35712  900.00       41464  850.00       47136  1250.00

01166  850.00   06692  850.00                           17679  850.00    24505  850.00  29446  850.00     35715  850.00       41700  850.00       47137  1250.00

01294  900.00   06768  850.00       C$25,000.00         17757  850.00    24648  850.00  29453  850.00     35848  850.00       41782  850.00       47138  2500.00
                                    MASAYA                                                                36     MIL
01319  850.00   06904  850.00                           17819  1000.00   24789  850.00  29479  850.00                         41836  850.00       PREMIO
                07     MIL
01323  850.00                       12722  850.00       17996  850.00    24865  850.00  29512  850.00     36147CUARTO PREMIO  41908  850.00       47139MAYOR

01332  850.00   07078  850.00       12749  850.00       17997  850.00    24925  850.00  29549  850.00                         41929  850.00
                                                        18     MIL       25     MIL
01347  1000.00  07160  850.00       12752  850.00                                       29608  850.00                         41959  850.00

01360  850.00   07291  850.00       12819  850.00       18035  850.00    25206  850.00  29689  10,000.00                      41989  850.00
                                                                                                                              42     MIL
01483  850.00   07333  1000.00      12887  850.00       18072  850.00    25317  850.00  29709  850.00
                                                                                                          C$50,000.00
01514  850.00   07500  850.00       12910  850.00       18170  850.00    25346  850.00  29803  850.00     MANAGUA             42184  900.00

01521  850.00   07536  850.00       12922  850.00       18296  850.00    25377  850.00  29810  850.00                         42225  850.00

01549  850.00   07551  850.00       12944  850.00       18401  850.00    25385  850.00  29928  900.00                         42373  850.00
                                    13     MIL
01579  850.00   07599  850.00                           18592  850.00    25396SEGUNDO   29983  850.00     36159  850.00       42433  850.00       C$ 11,750,000.00
                                                                                        30     MIL
01644  850.00                       13165  850.00       18673  900.00    PREMIO                           36259  850.00       42453  850.00
                07607TERCER PREMIO
01658  850.00                       13243  850.00       18681  850.00                   30007  850.00     36416  850.00       42486  850.00       VENDIDO POR LA

01726  850.00                       13316  850.00       18689  850.00                   30628  850.00     36512  850.00       42561  850.00       CONCESIONARIA R-004

01763  850.00                       13388  900.00       18817  850.00                   30718  850.00     36524  850.00       42595  850.00       NIDIA AGUILAR

01791  850.00                       13432  850.00       18907  850.00                   30802  850.00     36558  850.00       42680  850.00              MORA

01825  850.00                       13459  850.00       18977  850.00                   30876  900.00     36588  850.00       42789  850.00             RIVAS
                                                        19     MIL
01850  850.00                       13576  850.00                                       30904  850.00     36614  850.00       42822  850.00
                                                                                                                              43     MIL
01926  850.00   C$100,000.00        13635  850.00       19106  850.00                   30918  850.00     36659  850.00                           47140  2500.00
02     MIL                                                               C$125,000.00
                OCOTAL              13667  850.00       19106  850.00                   30962  850.00     36738  850.00       43010  900.00       47141  1250.00

02008  850.00                       13685  850.00       19364  850.00    MANAGUA        30973  900.00     36749  850.00       43130  850.00       47142  1250.00
                                                                                        31     MIL
02094  850.00                       13779  850.00       19485  850.00                                     36785  850.00       43166  850.00       47152        850.00

02234  850.00   07795  850.00       13803  850.00       19601  850.00                   31134  850.00     36873  850.00       43312  850.00       47193        850.00

02324  850.00   07880  850.00       13937  850.00       19629  850.00    25425  850.00  31298  850.00     36901  850.00       43405  850.00       47339        850.00
                                                                                                          37     MIL
02328  850.00   07891  850.00       13969  850.00       19843  850.00    25489  850.00  31316  850.00                         43475  850.00       47367        850.00
                                    14     MIL
02360  850.00   07897  850.00                           19972  850.00    25489  850.00  31357  850.00     37196  850.00       43506  850.00       47432        850.00
                08     MIL
02371  850.00                       14059  850.00       19994  850.00    25664  850.00  31453  850.00     37220  850.00       43581  850.00       47443        850.00
                                                        20     MIL
02373  850.00   08108  850.00       14075  850.00                        25810  850.00  31467  850.00     37399  850.00       43589  850.00       47605        850.00

02422  850.00   08246  850.00       14178  850.00       20053  850.00    25881  850.00  31542  850.00     37494  850.00       43766  850.00       47859        850.00
                                                                         26     MIL
02433  850.00   08253  850.00       14220  850.00       20073  850.00                   31662  850.00     37499  850.00       43809  850.00       47878SEGUNDO

02443  850.00   08306  850.00       14266  850.00       20581  850.00    26006  850.00  31675  900.00     37550  850.00       43809  850.00       PREMIO

02641  850.00   08458  850.00       14320  850.00       20607  850.00    26017  850.00  31697  850.00     37621  850.00       43885  850.00
                                                                                                                              44     MIL
02905  900.00   08508  850.00       14348  850.00       20617  850.00    26058  850.00  31725  850.00     37633  850.00

02957  850.00   08617  850.00       14362  850.00       20620  850.00    26078  850.00  31727  850.00     37657  850.00       44004  850.00
03     MIL
                08829  850.00       14505  850.00       20625  900.00    26106  850.00  31756  850.00     37721  850.00       44189  850.00

03057  850.00   08854  850.00       14582  850.00       20685  850.00    26170  850.00  31762  850.00     37731  850.00       44302  850.00

03104  850.00   08901  850.00       14589  850.00       20766  850.00    26171  850.00  31804  900.00     37767  850.00       44347  850.00

03108  850.00   08909  850.00       14776  850.00       20922  850.00    26203  850.00  31873  850.00     37939  850.00       44539  850.00       C$125,000.00
                                                                                                          38     MIL
03138  850.00   08992  850.00       14788  850.00       20999  850.00    26218  850.00  31937  850.00                         44574  850.00             LEON
                                                        21     MIL
03167  850.00   08993  850.00       14789  850.00                        26369  850.00  31938  850.00     38000  850.00       44638  850.00
                09     MIL                                                              32     MIL
03171  1000.00                      14876  850.00       21137  850.00    26390  850.00                    38070  850.00       44670  850.00

03342  850.00   09145  850.00       14972  850.00       21173  850.00    26430  850.00  32107  850.00     38176  850.00       44740  850.00       47941        900.00
                                    15     MIL                                                                                                    48     MIL
03564  850.00   09172  850.00                           21241  850.00    26553  850.00  32299  850.00     38253  850.00       44742  850.00

03854  850.00   09299  850.00       15029  900.00       21308  1000.00   26566  850.00  32534  850.00     38279  850.00       44746  5,000.00     48074        850.00

03995  850.00   09390  850.00       15135  850.00       21368  850.00    26610  850.00  32597  850.00     38290  900.00       44873  850.00       48085        850.00
04     MIL
                09423  1000.00      15147  850.00       21403  850.00    26618  850.00  32605  850.00     38401  850.00       44893  850.00       48094        850.00
                                                                                                                              45     MIL
04043  850.00   09424  850.00       15155  850.00       21572  850.00    26708  850.00  32683  850.00     38508  850.00                           48161        850.00

04173  850.00   09492  850.00       15160  850.00       21681  850.00    26792  850.00  32745  850.00     38512  850.00       45068  850.00       48280        850.00

04241  850.00   09524  850.00       15203  850.00       21713  850.00    26807  850.00  32835  850.00     38562  850.00       45223  850.00       48299        850.00

04308  850.00   09545  850.00       15442  850.00       21886  850.00    26867  850.00  32996  850.00     38563  850.00       45413  850.00       48357        850.00

04360  850.00   09800  850.00       15600  850.00       21905  850.00    26869  850.00  32996  850.00     38670  850.00       45544  850.00       48389        850.00
                                                        22     MIL                      33     MIL
04559  850.00   09800  850.00       15610  850.00                        26896  850.00                    38671  850.00       45840  850.00       48470        850.00

04610  850.00   09931  850.00       15617  850.00       22097  850.00    26925  850.00  33144  850.00     38677  850.00       45883  900.00       48568        850.00
                10     MIL                                                                                                    46     MIL
04743  850.00                       15762  850.00       22168  850.00    26952  850.00  33158  850.00     38695  850.00                           48608        850.00

04954  850.00   10231  850.00       15807  850.00       22343  850.00    26984  850.00  33385  850.00     38728  900.00       46001  850.00       48654        850.00
05     MIL                                                               27     MIL
                10418  850.00       15817  850.00       22566  850.00                   33457  850.00     38728  850.00       46073  850.00       48727        850.00
                                                                                                                                                  49     MIL
05076  850.00   10530  850.00       15920  850.00       22598  850.00    27069  850.00  33605  850.00     38971  850.00       46171  850.00
                                                                                                          39     MIL
05102  850.00   10533  850.00       15983  850.00       22685  850.00    27217  850.00  33853  850.00                         46193  850.00       49002        850.00

05179  850.00   10616  900.00       15992  850.00       22713  850.00    27454  850.00  33875  850.00     39144  850.00       46256  850.00       49096        850.00
                                    16     MIL
05193  850.00   10643  850.00                           22738  850.00    27585  850.00  33977  850.00     39197  850.00       46289  850.00       49169        850.00
                                                                                        34     MIL
05198  850.00   10876  850.00       16049  850.00       22781  850.00    27680  850.00                    39209  850.00       46293  850.00       49210        850.00

05318  900.00   10981  850.00       16052  850.00       22813  850.00    27684  850.00  34002  850.00     39246  850.00       46406  850.00       49273        850.00
                11     MIL
05352  850.00                       16088  850.00       22824  850.00    27733  850.00  34103  850.00     39510  850.00       46443  850.00       49322        850.00

05490  850.00   11016  850.00       16221  850.00       22907  850.00    27765  850.00  34354  850.00     39625  850.00       46461  850.00       49327        850.00

05531  850.00   11502  850.00       16282  850.00       22925  850.00    27926  850.00  34365  850.00     39975  850.00       46594  850.00       49347        850.00
                                                                                                          40     MIL
05564  850.00   11653  900.00       16489  850.00       22959  850.00    27954  850.00  34437  850.00                         46664  850.00       49379        850.00
                                                        23     MIL
05591  850.00   11735  900.00       16592  850.00                        27996  850.00  34495  850.00     40058  850.00       46783  850.00       49441        850.00
                                                                         28     MIL
05641  900.00   11773  1000.00      16612  850.00       23023  850.00                   34545  850.00     40101  850.00       46784  850.00       49482        850.00

05678  850.00   11830  850.00       16626  900.00       23247  850.00    28160  850.00  34820  850.00     40185  850.00       46811  850.00       49508        850.00

05703  850.00   11915  850.00       16664  850.00       23279  850.00    28227  900.00  34881  850.00     40328  850.00       46829  850.00       49659        900.00
                                                                                        35     MIL
05947  850.00   11948  850.00       16732  850.00       23401  850.00    28377  850.00                    40357  850.00       46863  850.00       49741        850.00
06     MIL
                11950  850.00       16903  850.00       23426  850.00    28398  850.00  35004  850.00     40565  850.00       46920  900.00       49774        850.00

06016  850.00   11955  850.00       16988  850.00       23464  850.00    28406  850.00  35204  850.00     40717  850.00       46967  850.00       49883        850.00
                12     MIL          17     MIL                                                                                47     MIL          50     MIL
06025  850.00                                           23486  850.00    28448  850.00  35218  850.00     40767  850.00

06080  850.00   12141  850.00       17020  850.00       23512  5,000.00  28461  850.00  35244  900.00     40836  850.00       47009CUARTO PREMIO  50163        850.00

06108  850.00   12177  850.00       17115  850.00       23614  850.00    28710  850.00  35379  850.00     40898  850.00                           50305        900.00

06139  850.00   12301  850.00       17158  850.00       23686  850.00    28731  850.00  35448  850.00     40914  850.00                           50362        850.00

06280  850.00   12314  850.00       17242  850.00       23837  850.00    28825  850.00  35500  850.00     40982  900.00                           50440        900.00
                                                                                                          41     MIL
06281  900.00   12379  850.00       17271  850.00       23911  850.00    28827  900.00  35529  850.00                         C$50,000.00         50571        850.00

06469  850.00   12379  850.00       17291  850.00       23945  850.00    28839  900.00  35553  850.00     41136  850.00                           50683        850.00
                                                        24     MIL       29     MIL                                           MANAGUA
06546  850.00   12574  850.00       17415  850.00                                       35569  850.00     41154  850.00                           50759        850.00

06575  850.00   12582  850.00       17488  850.00       24367  850.00    29016  850.00  35618  850.00     41171  850.00                           50790        850.00

06579  850.00   12590  850.00       17562  850.00       24394  850.00    29171  850.00  35700  900.00     41346  850.00       47083  850.00       50890        850.00

06591  850.00   12617  850.00       17618  850.00       24406  850.00    29412  850.00  35708  850.00     41372  850.00       47136  850.00       50911        850.00

NOTA: LOS BILLETES TERMINADOS EN 7139 GANAN C$6,400.00, LOS TERMINADOS EN 139 GANAN C$3,200.00, LOS TERMINADOS EN 39 GANAN

C$1,600.00, LOS TERMINADOS EN 9 GANAN C$800.00. TODOS LOS NUMEROS DE LA PRESENTE LISTA Y QUE A LA VEZ TENGAN TERMINACIONES

DEL PREMIO MAYOR TIENEN DERECHO AL PREMIO Y A LA TERMINACION. SE EXCEPTUA AL PREMIO MAYOR EN TODAS LAS TERMINACIONES.

       ESTA LISTA ES GRATIS · VISITE WWW.LOTERIANACIONAL.COM.NI
