                                                                        SORTEO ORDINARIO Nº 1466

                                                                                                                                                            MANAGUA

                                                               3,500,000Córdobas                                                                            16 DE JUNIO

                                                                                                                                                                        2009

                                                                                                                                                            CADUCIDAD

                                                                                                                                                            24 DE SEPTIEMBRE

                                                                                                                                                                        2009

                                                                                                                                                            LISTA OFICIAL

01       MIL         06967    1000.00     11       MIL         17686    1000.00     22291    1000.00     27687    1000.00     34030    1000.00     38801    1000.00     45       MIL

01117    1000.00     06979    1000.00     11016    1000.00     17702    1000.00     22365    1000.00     27738    1000.00     34075    1000.00     38830    1000.00     45157    3000.00

01309    1000.00     0690873  1M00IL0.00  11042    1000.00     17709    1000.00     22393    1000.00     27838    1000.00     34099    1000.00     38956    1000.00     45258    1000.00

01357    1000.00     07076    1000.00     11119    1000.00     17719    1000.00     22466    1000.00     27917    1000.00     34105    1000.00     3893795  1M00IL0.00  45533    1000.00

01536    1000.00     07117    1000.00     11180    1000.00     17819    1000.00     22501    1000.00     27920    1000.00     34266    1000.00     39090    1000.00     45581    1000.00

01536    1000.00     07131    2000.00     11319    1000.00     17849    1000.00     22530    1000.00     27935    1000.00     34408    1000.00     39171    1000.00     45696    1000.00

01691    1000.00     07178    1000.00     11336    1000.00     1791281  2M00IL0.00  22583    1000.00     2792585  1M00IL0.00  34456    1000.00                          45794    2000.00

01817    1000.00     07212    1000.00     11379    1000.00                          22677    1000.00     28012    1000.00     34513    1000.00     39210CUARTO PREMIO   45846    1000.00

0190627  1M00IL0.00  07224    1000.00     11742    1000.00     18016    2000.00     22783    1000.00     28083    1000.00     34758    2000.00                          45889    1000.00

02065    1000.00     07449    1000.00     1181922  2M00IL0.00  18029    1000.00     2292333  1M00IL0.00  28330    1000.00     3483656  2M00IL0.00                       45944    1000.00

02099    1000.00     07606    1000.00     12061    1000.00     18046    1000.00     23154    1000.00     28342    15,000.00   35104    1000.00     C$25,000.00          45952    1000.00

02164    1000.00     07676    1000.00     12389    1000.00     18516    1000.00     23198    1000.00     28398    1000.00     35213    1000.00     MASAYA               4594860  1M00IL0.00

02195    1000.00     07801    1000.00     12444    1000.00     18589    1000.00     23261    1000.00     28473    1000.00     35315    1000.00     39227    1000.00     46027    1000.00

02231    1000.00     07836    1000.00     12461    1000.00     18615    1000.00     23324    1000.00     28492    2000.00     35372    1000.00     39243    1000.00     46032    2000.00

02288    1000.00     07883    2000.00     12589    1000.00     18651    1000.00     23560    1000.00     28499    1000.00     35451    1000.00     39255    1000.00     46055    1000.00

02288    1000.00     0790889  1M00IL0.00  12591    1000.00     18751    1000.00     23793    1000.00     28514    1000.00     35711CUARTO PREMIO   39311    1000.00     46166    1000.00

02328    1000.00                          12732    1000.00     18776    1000.00     2382249  1M00IL0.00  28616    1000.00                          39359    2000.00     46220    1000.00

02361    1000.00     08016    1000.00     12738    1000.00     18781    1000.00                          28664    1000.00                          39361    1000.00     46257    1000.00

02671    1000.00     08089    1000.00     12891    1000.00     18800    1000.00     24065    1000.00     28701    1000.00                          39366    1000.00     46286    1000.00

02674    1000.00     08090    1000.00     1291839  1M00IL0.00  18813    1000.00     24075    1000.00     28816    1000.00     C$25,000.00          39448    1000.00     46299    1000.00

02727    1000.00     08091    2000.00                          18819    1000.00     24231    1000.00     2892096  1M00IL0.00  LEON                 39630    1000.00     46344    1000.00

02788    1000.00     PREMIO               13044    1000.00     18889    1000.00     24273    1000.00                          35794    1000.00     39650    2000.00     46398    1000.00

02826    1000.00     08092MAYOR           13086    1000.00     18912    1000.00     24298    1000.00     29189    1000.00     35835    1000.00     39663    2000.00     46457    1000.00

02905    1000.00                          13154    1000.00     18981    1000.00     24572    1000.00     29190    1000.00     35866    1000.00     39739    1000.00     46588    1000.00

02955    1000.00                          13200    1000.00     1891992  2M00IL0.00  24611    1000.00     29199    1000.00     35935    1000.00     39777    1000.00     46723    1000.00

0290731  1M00IL0.00                       13275    1000.00     19011    1000.00     24642    1000.00     29216    3000.00     35941    1000.00     39901    1000.00     46748    1000.00

                                          13317    1000.00     19156    1000.00     24658    1000.00     29243    1000.00     3593863  1M00IL0.00  3994805  1M00IL0.00  4684278  1M00IL0.00

03031    1000.00                          13404    1000.00     19174    1000.00     24664    1000.00     29292    1000.00

03318    1000.00                          13693    1000.00     19254    1000.00     24711    1000.00     29293    1000.00     36027    1000.00     40012    1000.00     47081    1000.00

03319    1000.00                          13844    1000.00     19301    1000.00     24756    1000.00     29468    1000.00     36098    1000.00     40024    1000.00     47136    1000.00

03339    1000.00                          13888    1000.00     19306    1000.00     24772    1000.00     29603    1000.00     36126    1000.00     40034    1000.00     47164    1000.00

03344    1000.00     C$ 3,500,000.00      13905    1000.00     19455    1000.00     24815    1000.00     29750    1000.00     36133    1000.00     40233    1000.00     47278    1000.00

03458    1000.00                          1391340  1M00IL0.00  19703    1000.00     2482356  1M00IL0.00  29752    1000.00     36260TERCER PREMIO   40465    1000.00     47361    1000.00

03532    1000.00                          14011    1000.00     19744    1000.00     25031    2000.00     29877    1000.00                          40481    1000.00     47392    1000.00

03571    1000.00     VENDIDO POR EL       14066    1000.00     1992407  1M00IL0.00                       2993108  1M00IL0.00                       40502    1000.00     47446    1000.00

03628    1000.00     CONCESIONARIO E-281  14209    1000.00                          25167TERCER PREMIO   30014    1000.00                          40638    1000.00     47517    3000.00

03649    2000.00              DENIS       14243    1000.00     20130    1000.00                          30048    1000.00     C$50,000.00          40846    1000.00     47677    1000.00

03683    1000.00     DIAZ ABURTO          14314    1000.00     20159    1000.00                          30049    1000.00                          40892    1000.00     47711    1000.00

03844    1000.00     MANAGUA              14318    1000.00     20212    1000.00                          30069    1000.00     MASAYA               40904    1000.00     47775    1000.00

0390043  1M00IL0.00                       14385    1000.00     20367    1000.00                          30085    2000.00                          4094717  1M00IL0.00  47794    1000.00

04197    1000.00                          14387    1000.00     20382    1000.00     C$50,000.00          30376    1000.00     36271    1000.00     41095    1000.00     47797    1000.00

04210    1000.00     08093    2000.00     14423    1000.00     20439    1000.00     MANAGUA              30378    1000.00     36508    1000.00     41140    1000.00     47913    1000.00

04217    1000.00     08094    1000.00     14443    1000.00     20456    1000.00                          30458    1000.00     36689    1000.00     41252    1000.00     4794885  1M00IL0.00

04399    1000.00     08095    1000.00     14470    1000.00     20468    1000.00     25241    1000.00     30636    1000.00     3683577  1M00IL0.00  41253    1000.00     48133    1000.00

04466    1000.00     08225    1000.00     14481    1000.00     20515    1000.00     25495    3000.00     30785    1000.00     37113    2000.00     41317    1000.00     48243    1000.00

04540    1000.00     08269    1000.00     14511    1000.00     20572    1000.00     25501    1000.00     30860    1000.00     37196    1000.00     41567    1000.00     48344    1000.00

04691    1000.00     08287    1000.00     14524    1000.00     20576    1000.00     25584    1000.00     30889    1000.00     37212    1000.00     41650    1000.00     48360    1000.00

04693    1000.00     08315    1000.00     14636    1000.00     20628    1000.00     25613    2000.00     30891    1000.00     37244    1000.00     41881    1000.00     48431    1000.00

04734    1000.00     08457    1000.00     14671    1000.00     20647    1000.00     25756    1000.00     3093919  1M00IL0.00  37346    1000.00     4194327  1M00IL0.00  48453    1000.00

04771    1000.00     08459    1000.00     1491559  1M00IL0.00  20689    1000.00     25797    1000.00                          37372    2000.00                          48466    1000.00

04811    1000.00     08622    1000.00                          20832    1000.00     25857    1000.00     31010    1000.00     37406    1000.00     42012    1000.00     48629    1000.00

04872    1000.00     08632    1000.00     15218    1000.00     20884    1000.00     25879    1000.00     31152    1000.00     37406    1000.00     42035    1000.00     48638    1000.00

04919    1000.00     08698    1000.00     15338    1000.00     20903    1000.00     25920    1000.00     31344    1000.00     37408    1000.00     42115    1000.00     48806    1000.00

0490558  1M00IL0.00  0870797  1M00IL0.00  15359    1000.00     2092113  1M00IL0.00  2592966  2M00IL0.00  31436    1000.00     37512    1000.00     42222    2000.00     48911    1000.00

                     09099    1000.00     15504    1000.00     21008    1000.00                          31509    1000.00     37535    1000.00     42306    1000.00     4894192  1M00IL0.00

05062    1000.00     09253    1000.00     15520    1000.00     21011    1000.00     26221    1000.00     3173322  1M00IL0.00  37618    1000.00     42387    1000.00

05127    1000.00     09285    1000.00     15523    1000.00     21025    1000.00     26234    1000.00     32315    1000.00     37731    2000.00     42391    1000.00     49072    1000.00

05135    1000.00     09300    1000.00     15745    1000.00     21064    1000.00     26265    1000.00     32458    2000.00     37750    1000.00     42438    1000.00     49144    1000.00

05225    1000.00     09387    1000.00     1571660  1M00IL0.00  21096    2000.00     26303    1000.00     32509    1000.00     3793585  1M00IL0.00  42455    1000.00     49314    1000.00

05282    1000.00     09481    1000.00     16007    1000.00     21111    1000.00     26382    1000.00     32555    1000.00                          42520    1000.00     49502    1000.00

05377    1000.00     09751    1000.00     16053    2000.00     21182    2000.00     26415    2000.00     32574    1000.00     38004    2000.00     42542    1000.00     49537    1000.00

05416    1000.00     09776    1000.00     16144    1000.00     21182    1000.00     26446    1000.00     32793    1000.00     38017    1000.00     42571    1000.00     49545    1000.00

05446    1000.00     09930    1000.00     16175    1000.00     21183    1000.00     26460    1000.00     32848    1000.00     38073    1000.00     42685    1000.00     49841    1000.00

05454    1000.00     09947    1000.00     16277    1000.00     21195    1000.00     26618    1000.00     32863    1000.00     38168    1000.00     42857    1000.00     4995508  1M00IL0.00

05554    1000.00     0991507  2M00IL0.00  16391    1000.00     21215    3000.00     26653    1000.00     3283739  1M00IL0.00  38204    1000.00     42894    1000.00     50026    1000.00

05835    1000.00                          16435    2000.00     21511    1000.00     26704    1000.00                          38312    1000.00     4294234  1M00IL0.00  50176    1000.00

05876    1000.00     10059    1000.00     16506    1000.00     21604    1000.00     26724    1000.00     33127    1000.00     38355    1000.00     43021    2000.00     50204    3000.00

0590866  1M00IL0.00  10104    1000.00     16536    1000.00     21656    1000.00     26774    2000.00     33222    1000.00     38392    1000.00     43296    1000.00     50225    1000.00

06092    1000.00     10256    1000.00     16577    1000.00     21733    1000.00     26958    1000.00     33275    1000.00     38396    1000.00     43360    1000.00     50270    1000.00

06120    1000.00     10269    1000.00     16606    1000.00     2192725  1M00IL0.00  2692978  1M00IL0.00  33277    1000.00     38412    1000.00     43426    1000.00     50378    1000.00

06144    1000.00     10283    1000.00     16673    1000.00                          27066    1000.00     33286    2000.00     38549    1000.00     43544    1000.00     50380    1000.00

06195    1000.00     10433    10,000.00   16695    1000.00     22014    1000.00     27066    1000.00     33330    1000.00     38620    1000.00     43686    1000.00     50382    1000.00

06246    1000.00     10434    1000.00     16854    1000.00     22035    1000.00     27091    1000.00     33388    1000.00     38629SEGUNDO         4384043  1M00IL0.00  50535    1000.00

06315    1000.00     10451    1000.00     16873    1000.00     22039QUINTO PREMIO   27168    1000.00     33393    1000.00     PREMIO                                    50535    1000.00

06321    1000.00     10525    1000.00     16966    1000.00                          27254    10,000.00   33395    1000.00                          44341    1000.00     50556    1000.00

06326    1000.00     10595    1000.00     1691778  1M00IL0.00  C$20,000.00          27276    3000.00     33505    1000.00                          44461    1000.00     50609    1000.00

06343    1000.00     10599    1000.00                          JUIGALPA             27412    1000.00     33564    1000.00                          44518    1000.00     50737    1000.00

06421    1000.00     10643    1000.00     17106    1000.00                          27413    1000.00     33629    1000.00                          44531    1000.00     50740    1000.00

06627    1000.00     10782    1000.00     17212    1000.00     22047    1000.00     27430    1000.00     33674    1000.00     C$300,000.00         44580    1000.00     50936    1000.00

06858    1000.00     10812    1000.00     17338    1000.00     22098    1000.00     27471    1000.00     33804    1000.00                          44645    1000.00     50956    1000.00

06869    1000.00     10852    1000.00     17491    1000.00     22223    1000.00     27503    2000.00     3383446  1M00IL0.00  ESTELI               44841    1000.00     50971    1000.00

06963    1000.00     10859    1000.00     17503    1000.00     22258    1000.00     27675    1000.00                                               44914    1000.00     50996    1000.00

                     10906    1000.00                          22262    1000.00                                               38688    1000.00

NOTA: LOS BILLETES TERMINADOS EN 8092 GANAN C$4,800.00, LOS TERMINADOS EN 092 GANAN C$2,400.00, LOS TERMINADOS EN 92 GANAN

C$1,200.00, LOS TERMINADOS EN 2 GANAN C$600.00. TODOS LOS NUMEROS DE LA PRESENTE LISTA Y QUE A LA VEZ TENGAN TERMINACIONES

DEL PREMIO MAYOR TIENEN DERECHO AL PREMIO Y A LA TERMINACION. SE EXCEPTUA AL PREMIO MAYOR EN TODAS LAS TERMINACIONES.

         ESTA LISTA ES GRATIS · VISITE WWW.LOTERIANACIONAL.COM.NI
