                                                                        SORTEO ORDINARIO Nº 1467

                                                                                                                                                            MANAGUA

                                                               3,500,000Córdobas                                                                            23 DE JUNIO

                                                                                                                                                                        2009

                                                                                                                                                            CADUCIDAD

                                                                                                                                                            1 DE OCTUBRE

                                                                                                                                                                        2009

                                                                                                                                                            LISTA OFICIAL

01       MIL         06660    1000.00     11450    1000.00     18273    1000.00     24633    1000.00     28841    1000.00     35958    1000.00     C$300,000.00         45735    1000.00

01196    1000.00     06690    1000.00     11459    1000.00     18477    1000.00     24690    1000.00     28936    1000.00     3593862  1M00IL0.00                       45757    1000.00

01220    1000.00     06750    1000.00     11504    1000.00     18606    1000.00     24719    1000.00     28940    1000.00     36074    1000.00     JINOTEPE             45814    1000.00

01336    1000.00     06815    1000.00     1191652  1M00IL0.00  18610    1000.00     24855    1000.00     2892992  1M00IL0.00  36079    1000.00     40904    1000.00     45822    1000.00

01439    2000.00     06852    1000.00     12085    1000.00     18909    1000.00     24890    1000.00     29166    1000.00     36152    1000.00     40927    1000.00     45851    1000.00

01542    1000.00     06861    1000.00     12169    1000.00     18954    10,000.00   2492750  2M00IL0.00  29217    1000.00     36456    1000.00     4094316  1M00IL0.00  45932    1000.00

01618    1000.00     06888    1000.00     12405    1000.00     1891895  1M00IL0.00  25057    1000.00     29328    1000.00     36523    1000.00                          4594463  1M00IL0.00

01628    1000.00     06927    1000.00     12446    1000.00     19076    1000.00     25062    1000.00     29584    1000.00     36551    1000.00     41007    1000.00     46001    1000.00

01668    1000.00     0690979  1M00IL0.00  12547    1000.00     19085    1000.00     25114    1000.00     29620    1000.00     36567    1000.00     41010    1000.00     46076    1000.00

0190029  1M00IL0.00  07027    1000.00     12695    1000.00     19141    1000.00     25276    1000.00     29655    1000.00     36704    1000.00     41013    2000.00     46111    1000.00

02018    1000.00     07064    1000.00     12756    1000.00     19157    1000.00     25315    1000.00     29746    1000.00     36899    2000.00     41032    1000.00     46193    1000.00

02141    1000.00     07235    1000.00     12796    1000.00     19182    1000.00     25410    1000.00     29757    1000.00     36906    1000.00     41039    1000.00     46206    1000.00

02184    1000.00     07238    1000.00     1281637  1M00IL0.00  19258    1000.00     25609    1000.00     29760    1000.00     36906    1000.00     41061    1000.00     46221    1000.00

02198    1000.00     07284    1000.00                          19354    1000.00     25639    1000.00     29796    1000.00     36931    2000.00     41090    2000.00     46273    1000.00

02237    1000.00     07472CUARTO PREMIO   13018    1000.00     19373    1000.00     25643    1000.00     29928    1000.00     36938    1000.00     41106    1000.00     46288    1000.00

02323    1000.00                          13047QUINTO PREMIO   19448    1000.00     25705    1000.00     2993606  1M00IL0.00  36947    1000.00     41151    1000.00     46420    1000.00

02377    1000.00                                               19466    1000.00     25720    1000.00                          36987TERCER PREMIO   41229    1000.00     46448    1000.00

02424    1000.00     C$25,000.00          C$20,000.00          1952508  1M00IL0.00  25727    1000.00     30203    1000.00                          41499    2000.00     46590    1000.00

02453    1000.00            RIVAS         MANAGUA                                   25748    1000.00     30521    1000.00                          41591    1000.00     46592    1000.00

02552    1000.00                                               20021    1000.00     25749    1000.00     30552    1000.00                          41646    1000.00     46642    1000.00

02585    1000.00     07592    1000.00     13091    1000.00     20022    1000.00     25750    2000.00     30670    1000.00                          41758    1000.00     46710    1000.00

02638    1000.00     07705    1000.00     13282    1000.00     20182    1000.00     PREMIO               30851    1000.00     C$50,000.00          4184621  1M00IL0.00  46798    1000.00

02646    1000.00     07720    1000.00     13309    1000.00     20183    1000.00     25751MAYOR           30907    1000.00     MANAGUA              42011    1000.00     46800    1000.00

02665    1000.00     07732    1000.00     13446    1000.00     20245    1000.00                          3093414  1M00IL0.00                       42040    1000.00     4684476  1M00IL0.00

02683    1000.00     07894    1000.00     13501    1000.00     20279    1000.00                          31022    1000.00     37       MIL         42049    1000.00

02694    1000.00     07918    1000.00     13513    1000.00     20355    2000.00                          31023    1000.00     37012    1000.00     42095    1000.00     47013    1000.00

02732    1000.00     07933    1000.00     13542    1000.00     20543TERCER PREMIO                        31038    1000.00     37047    1000.00     42148    1000.00     47037    1000.00

02790    1000.00     07971    1000.00     13554    1000.00                                               31194    1000.00     37075    1000.00     42344    1000.00     47110    1000.00

02844    1000.00     07982    1000.00     13750    1000.00                                               31279    1000.00     37112    1000.00     42359    1000.00     47122    1000.00

02858    2000.00     0790985  1M00IL0.00  13820    1000.00                                               31351    1000.00     37302    1000.00     42428    1000.00     47189    1000.00

02901    1000.00                          13983    1000.00                                               31376    1000.00     37487    1000.00     42532    1000.00     47291    1000.00

02920    1000.00     08136    1000.00     1391847  1M00IL0.00  C$50,000.00          C$ 3,500,000.00      31494    1000.00     37521    1000.00     42713    1000.00     47541    1000.00

02935    1000.00     08357    1000.00     14011    1000.00                                               31573    1000.00     37523    1000.00     42781    1000.00     47640    1000.00

02985    1000.00     08357    1000.00     14015    1000.00     GRANADA                                   31577    1000.00     37552    1000.00     4294833  1M00IL0.00  47644    1000.00

0290936  1M00IL0.00  08397    1000.00     14034    1000.00                                               31638    1000.00     37572    1000.00                          47689    1000.00

                     08426    1000.00                          20670    1000.00     VENDIDO POR EL       31745    1000.00     37677    1000.00     43199    1000.00     47738    1000.00

03117    1000.00     08440    1000.00     14053    2000.00     20718    1000.00     CONCESIONARIO E-796                       3793580  1M00IL0.00  43213    1000.00     47739    1000.00

03150    2000.00     08480    1000.00     14212    1000.00     20727    1000.00     JOSE RAFAEL          31875    2000.00                                               47861    3000.00

03202    1000.00     08526    1000.00     14274    1000.00     20839    1000.00     RODRIGUEZ BLANDON    31921    1000.00     38043    1000.00     43416    1000.00     47864    1000.00

03273    1000.00     08601    1000.00     14296    1000.00     20900    1000.00     MANAGUA              3193428  1M00IL0.00  38087    1000.00     43419    1000.00     4794182  1M00IL0.00

03300    1000.00     08682    1000.00     14477    1000.00     2092514  1M00IL0.00                                            38200    1000.00     43471    1000.00

03508    1000.00     08751    1000.00     14563    1000.00                          25752    2000.00     32072    2000.00     38212    1000.00     43472    1000.00     48214    1000.00

03619    1000.00     08802    1000.00     14597    1000.00     21064    1000.00     25753    1000.00     32088    2000.00     38298    1000.00     43554    1000.00     48249    1000.00

03633    1000.00     08816    1000.00     14671    1000.00     21099    1000.00     25754    1000.00     32113    1000.00     38338    1000.00     43691    1000.00     48321    1000.00

03662    2000.00     08862    1000.00     14716    1000.00     21225    1000.00     2572764  1M00IL0.00  32171    1000.00     38410    1000.00     43758    1000.00     48344    1000.00

03728    1000.00     08882    1000.00     14804    1000.00     21316    1000.00                          32214    1000.00     38522    1000.00     43766    1000.00     48586    1000.00

0380840  1M00IL0.00  0890099  2M00IL0.00  1491658  1M00IL0.00  21549    1000.00     26260    1000.00     32246    1000.00     38689    1000.00     43920    1000.00     48622    1000.00

                                                               21626    1000.00     26407    1000.00     32286    2000.00     38721    1000.00     43922CUARTO PREMIO   48653    1000.00

04012    2000.00     09076    2000.00     15110    2000.00     21734    1000.00     26482    1000.00     32400    1000.00     38850    1000.00                          48686    1000.00

04123    1000.00     09213    1000.00     15439    1000.00     21837    1000.00     26505    1000.00     32410    1000.00     38897    1000.00                          48692    1000.00

04130    1000.00     09348    1000.00     15548    1000.00     21876    1000.00     26630    1000.00     32493    1000.00     38936    1000.00     C$25,000.00          48734    2000.00

04155    1000.00     09383    1000.00     15956    1000.00     2192226  1M00IL0.00  26636    1000.00     32505    1000.00     3893792  1M00IL0.00  MASAYA               48801    1000.00

04297    1000.00     09389    1000.00     1591663  1M00IL0.00                       26707    1000.00     32721    1000.00                                               4894119  1M00IL0.00

04317    1000.00     09513    1000.00     16007    1000.00     22185    3000.00     2682173  1M00IL0.00  32770    1000.00     39026    1000.00     44       MIL

04398    1000.00     09543    1000.00     16255    1000.00     22214    1000.00                          32790    1000.00     39061    1000.00     44027    1000.00     49009    1000.00

04507    1000.00     09598    1000.00     16328    1000.00     22451    1000.00     27122    2000.00     32858    1000.00     39239    1000.00     44034    1000.00     49362    1000.00

04565    1000.00     09649    1000.00     16483    1000.00     22487    1000.00     27125    1000.00     3283936  1M00IL0.00  39329    1000.00     44139    1000.00     49427    1000.00

04569    3000.00     09737    2000.00     16504    1000.00     22811    2000.00     27236    1000.00     33089    1000.00     39485    1000.00     44269    1000.00     49494    1000.00

04573    1000.00     09744    2000.00     16542    2000.00     22838    1000.00     27256    1000.00     33139    1000.00     39568    1000.00     44313    1000.00     49529    1000.00

04629    1000.00     09779    1000.00     16639    1000.00     2292838  2M00IL0.00  27441    1000.00     33263    1000.00     39590    1000.00     44319    1000.00     49575    1000.00

04636    1000.00     09837    1000.00     16656    1000.00     23031    1000.00     27490    1000.00     33330    1000.00     39746    1000.00     44351    1000.00     49631    1000.00

04765    1000.00     0991901  3M00IL0.00  16663    1000.00     23049    1000.00     27671    1000.00     33385    1000.00     39750    1000.00     44387    1000.00     49739    1000.00

04772    1000.00                          1671777  1M00IL0.00  23125    1000.00     27746    1000.00     33823    1000.00     39809    1000.00     44394    1000.00     49755    1000.00

04959    1000.00     10026    1000.00                          23228    1000.00     27788    1000.00     3383445  1M00IL0.00  39825    1000.00     44442    1000.00     49892    1000.00

0490855  1M00IL0.00  10110    1000.00     17031    1000.00     23252    1000.00     27864    1000.00                          39893    1000.00     44501    1000.00     4995202  1M00IL0.00

                     10128    1000.00     17073    1000.00     23313    1000.00     27952    1000.00     34094    1000.00     39965    1000.00     44515    1000.00     50026    1000.00

05378    1000.00     10260    1000.00     17102    1000.00     23395    15,000.00   27970    1000.00     34288    3000.00     3994804  1M00IL0.00  44696    1000.00     50065    1000.00

05455    1000.00     10268    1000.00     17125    1000.00     23430    1000.00     2792882  2M00IL0.00  34307    1000.00                          44697    1000.00     50170    1000.00

05659    1000.00     10287    1000.00     17222    1000.00     23588    1000.00                          34475    1000.00     40130    1000.00     44768    3000.00     50181    1000.00

05677    1000.00     10318    1000.00     17346    1000.00     23637    1000.00     28128    1000.00     34544    1000.00     40195    1000.00     4484455  1M00IL0.00  50181    1000.00

05752    1000.00     10322    2000.00     17354    1000.00     23639    1000.00     28142    1000.00     34613    1000.00     40350    1000.00                          50283    1000.00

05872    1000.00     10495    1000.00     17403    1000.00     23658    1000.00     28146    1000.00     3483157  1M00IL0.00  40428    1000.00     45020    1000.00     50332    1000.00

05884    1000.00     10794    1000.00     17655    1000.00     23685    1000.00     28295    1000.00                          40472    1000.00     45070    1000.00     50436    1000.00

05893    1000.00     1091218  1M00IL0.00  17729    1000.00     23736    2000.00     28299    1000.00     35001    1000.00     40575    1000.00     45220    2000.00     50472    2000.00

05912    1000.00     11088    1000.00     1771686  3M00IL0.00  23793    2000.00     28375    1000.00     35064    1000.00     40602    1000.00     45323    1000.00     50512    1000.00

0590566  1M00IL0.00  11121    1000.00                          23846    1000.00     28383    1000.00     35175    1000.00     40613    1000.00     45327    10,000.00   50551    1000.00

06006    1000.00     11125    1000.00     18013    1000.00     23849    1000.00     28431    1000.00     35250    1000.00     40725    1000.00     45369    1000.00     50566    1000.00

06052    1000.00     11155    2000.00     18192    1000.00     23868    1000.00     28449    1000.00     35290    1000.00     40805    1000.00     45428    1000.00     50625    1000.00

06082    1000.00     11225    1000.00     18195    1000.00     23895    1000.00     28499    1000.00     35320    1000.00     40850    1000.00     45447    1000.00     50699    1000.00

06282    1000.00     11230    2000.00     18196    1000.00     2392241  1M00IL0.00  28500    1000.00     35656    1000.00     40902SEGUNDO         45447    1000.00     50820    1000.00

                                          18196    1000.00                          28515    1000.00     35734    1000.00     PREMIO               45555    1000.00

06335    1000.00     11335    1000.00     18237    1000.00     24211    1000.00     28612    1000.00     35796    1000.00                          45583    1000.00     50890    1000.00

06433    1000.00     11341    1000.00     18244    1000.00     24487    1000.00     28732    1000.00     35868    1000.00                          45704    1000.00     50898    1000.00

06655    1000.00     11415    1000.00                                               28748    1000.00                                                                    50904    1000.00

NOTA: LOS BILLETES TERMINADOS EN 5751 GANAN C$4,800.00, LOS TERMINADOS EN 751 GANAN C$2,400.00, LOS TERMINADOS EN 51 GANAN

C$1,200.00, LOS TERMINADOS EN 1 GANAN C$600.00. TODOS LOS NUMEROS DE LA PRESENTE LISTA Y QUE A LA VEZ TENGAN TERMINACIONES

DEL PREMIO MAYOR TIENEN DERECHO AL PREMIO Y A LA TERMINACION. SE EXCEPTUA AL PREMIO MAYOR EN TODAS LAS TERMINACIONES.

         ESTA LISTA ES GRATIS · VISITE WWW.LOTERIANACIONAL.COM.NI
