                                                                        SORTEO ORDINARIO Nº 1468

                                                                                                                                                              MANAGUA

                                                               3,500,000Córdobas                                                                              30 DE JUNIO

                                                                                                                                                                          2009

                                                                                                                                                              CADUCIDAD

                                                                                                                                                              8 DE OCTUBRE

                                                                                                                                                                          2009

                                                                                                                                                              LISTA OFICIAL

01       MIL         07       MIL         11940    1000.00     17607    1000.00     23515    1000.00     29375    1000.00       33126    1000.00     40610    1000.00     46747TERCER PREMIO

01053    1000.00     07024    1000.00     11978    1000.00     17654    1000.00     23529    1000.00     29459    1000.00       33191    1000.00     40632    2000.00

01116    1000.00     07038    1000.00     1191832  1M00IL0.00  17710    1000.00     23566    2000.00     29487    1000.00       33299    1000.00     40681    1000.00

01129    1000.00     07038    1000.00     12132    1000.00     17805    1000.00     23578    1000.00     29509    1000.00       33344    1000.00     40689    1000.00

01262    1000.00     07056    1000.00                          17831    1000.00     23786    1000.00     29608    1000.00       33385    1000.00     40808    1000.00     C$50,000.00

01370    1000.00     07057    1000.00     12269TERCER PREMIO   17883    1000.00     23838    1000.00     29734    1000.00       33523    1000.00     40848    1000.00     MANAGUA

01490    1000.00     07088    1000.00                          17893    1000.00     23878    1000.00     29746    1000.00       33607    1000.00     4084715  1M00IL0.00

01554    1000.00     07154    1000.00                          17921    1000.00     2392344  1M00IL0.00  29788    1000.00       33986    1000.00                          46768    1000.00

01562    1000.00     07161    1000.00                          17949    1000.00     24025    1000.00     29810    1000.00       3393943  1M00IL0.00  41030    1000.00     46798    1000.00

01576    1000.00     07202    1000.00                          1791582  1M00IL0.00  24087    3000.00     29848    1000.00       34144    1000.00     41049    1000.00     46812    1000.00

01795    1000.00     07229    1000.00     C$50,000.00          18058    1000.00     24105    1000.00     29862    1000.00       34159    1000.00     41052    1000.00     46830    1000.00

0190620  1M00IL0.00  07327    1000.00     LEON                 18136    1000.00     24182    1000.00     29957    1000.00       34271    1000.00     41063    1000.00     46985CUARTO PREMIO

02051    1000.00     07378    1000.00                          18248    1000.00     24291    1000.00     2993800  10M,00IL0.00  34366    1000.00     41137    2000.00

02106    1000.00     07474    1000.00     12273    1000.00     18278    2000.00     24365    2000.00     30218    1000.00       34805    1000.00     41164    1000.00

02121    1000.00     07520    2000.00     12390    1000.00     18300    1000.00     24393    1000.00     30287    1000.00       34871    1000.00     41206    1000.00

02219    1000.00     07545    1000.00     12396    1000.00     18390    1000.00     24668    2000.00     30467    1000.00       34873    1000.00     41338    1000.00     C$25,000.00

02345    1000.00     07574    1000.00     12448    1000.00     18474    1000.00     24682    1000.00     30528    1000.00       3493857  1M00IL0.00  41535    1000.00     MANAGUA

02401    1000.00     07666    1000.00     12488    1000.00     18518    1000.00     24738    1000.00     30546    1000.00                            41591    1000.00     47       MIL

02402    1000.00     07676    1000.00     12542    1000.00     18555    2000.00     24908    1000.00     30626    1000.00       35066    1000.00     41596    1000.00     47013    1000.00

02828    1000.00     07686    1000.00     12599    1000.00     18615    1000.00     24932    1000.00     30819    1000.00       35081    1000.00     41700    1000.00     47142    1000.00

02847    1000.00     07711    1000.00     1271631  1M00IL0.00  18715    1000.00     2492453  1M00IL0.00  30874    1000.00       35151    1000.00     41759    1000.00     47238    1000.00

02896    1000.00     07742    1000.00                          18726    1000.00                          30909    1000.00       35189    1000.00     41830    1000.00     47259    1000.00

02921    1000.00     07898    1000.00     13067    2000.00     18733    1000.00     25044    1000.00     30935    1000.00       35424    1000.00     41874    1000.00     47321    1000.00

0290237  1M00IL0.00  0790118  1M00IL0.00  13077    1000.00     18745    2000.00     25110    1000.00     3093511  1M00IL0.00    35440    1000.00     4194327  1M00IL0.00  47343    1000.00

                     08003    1000.00     13377    1000.00     18813    1000.00     25116    1000.00                            35610    1000.00     42005    1000.00     47469    1000.00

03046    1000.00     08029    1000.00     13444    1000.00     18813    1000.00     25189    1000.00     31129    1000.00       3563268  1M00IL0.00  42276    1000.00     47598    1000.00

03083    1000.00     08039    1000.00     13505    1000.00     18854    1000.00     25192    1000.00     31166    1000.00                            42399    1000.00     47626    1000.00

03088    1000.00     08119    1000.00     13521    1000.00     18934    1000.00     25205    1000.00     31317CUARTO PREMIO     36291    1000.00     42684    1000.00     47634    1000.00

03113    1000.00     08180    1000.00     13597    1000.00     18958    1000.00     25341    1000.00                            36301    1000.00     42791    1000.00     47640    1000.00

03298    1000.00     08222    2000.00     13636    1000.00     18970    2000.00     25381    1000.00                            36324    1000.00     42921    2000.00     47758    1000.00

03396    1000.00     08296    1000.00     13691    1000.00     18979    1000.00     25451    1000.00     C$25,000.00            36360    3000.00     4294830  1M00IL0.00  47852    1000.00

03483    1000.00     08461    1000.00     13812    1000.00     1891997  1M00IL0.00  25547    1000.00     JINOTEPE               36400    1000.00                          4794883  3M00IL0.00

03484    2000.00     08636    1000.00     1381848  1M00IL0.00                       25674    2000.00                            36405    1000.00     43036    1000.00     48080    1000.00

03499    1000.00     08649    1000.00     14169    1000.00     19188    1000.00     25779    1000.00     31400    1000.00       36482    1000.00     43170    1000.00     48113    1000.00

03501    1000.00     08720    1000.00     14203    1000.00     19266    3000.00     2582169  1M00IL0.00  31410    2000.00       36612    1000.00     43176    1000.00     48117    2000.00

03604    2000.00     08907    1000.00     14306    1000.00     19301    2000.00                          31717    1000.00       36649    1000.00     43416    1000.00     48176    1000.00

03660    2000.00     0890596  1M00IL0.00  14332    1000.00     19413    1000.00     26209    1000.00     31804    1000.00       36827    1000.00     43422    1000.00     48262    1000.00

03661    1000.00                          14379    1000.00     19486    1000.00     26274    1000.00     3183728  1M00IL0.00    36866    1000.00     43444    1000.00     48280    1000.00

03675    1000.00     09004    1000.00     14495    1000.00     19516    1000.00     26346    1000.00     32028    1000.00       36908    1000.00     43472    1000.00     48304    1000.00

03966    1000.00     09074    1000.00     14529    1000.00     19648    1000.00     26457    1000.00     32116    1000.00       3693979  1M00IL0.00  43752    1000.00     48308    1000.00

0390843  1M00IL0.00  09195    1000.00     14669    1000.00     19685    1000.00     26510    1000.00     32131    1000.00       37429    1000.00     4374845  1M00IL0.00  48316    1000.00

04056    1000.00     09347    1000.00     14707    1000.00     1992702  1M00IL0.00  26536    1000.00     32132    1000.00       37445    1000.00                          48346    1000.00

04127    2000.00     09695    1000.00     14789    1000.00                          26605    1000.00     32160    1000.00       37512    1000.00     44074    15,000.00   48429    1000.00

04178    1000.00     09758    1000.00     14834    1000.00     20069    1000.00     26685    1000.00     32195    1000.00       37577    1000.00     44303    1000.00     48548    1000.00

04247    1000.00     09798    1000.00     1481854  1M00IL0.00  20071    1000.00     26810    1000.00     32215    1000.00       37620    1000.00     44389    1000.00     48624    1000.00

04347    1000.00     09895    1000.00                          20106    1000.00     26981    1000.00     32256    1000.00       37685    1000.00     44396    1000.00     48812    1000.00

04425    1000.00     0991705  1M00IL0.00  15001    1000.00     20195    1000.00     26989    1000.00     32300    1000.00       37767    1000.00     44426    2000.00     48911    1000.00

04504    1000.00     10028    1000.00     15092    1000.00     20270    1000.00     2692977  1M00IL0.00  32305    1000.00       37849    1000.00     44428    1000.00     48929    1000.00

04551    1000.00     10029    1000.00     15188    1000.00     20288    1000.00     27015    1000.00     32375    1000.00       37924    1000.00     44559    1000.00     48972    1000.00

04576    1000.00     10171    1000.00     15240    1000.00     20376    1000.00     27104    1000.00     32376    1000.00       37927    1000.00     44628    1000.00     4894993  1M00IL0.00

04704    1000.00     10224    1000.00     15252    1000.00     20376    1000.00     27136    1000.00     32377    2000.00       37946    1000.00     44646    1000.00

0470958  2M00IL0.00  10246    1000.00     15278    1000.00     20470    1000.00     27202    1000.00     PREMIO                 3793589  1M00IL0.00  44760    1000.00     49207    2000.00

                     10277    1000.00     15280    1000.00     20507    2000.00     27205    1000.00     32378MAYOR                                  44778    1000.00     49239    1000.00

05005    1000.00     10414    1000.00     15342    1000.00     20653    1000.00     27240    1000.00                            38008    1000.00     44809    1000.00     49286    1000.00

05010    1000.00     10518    1000.00     15414    1000.00     20713    1000.00     27261    1000.00                            38035    1000.00     44873    1000.00     49331    1000.00

05059    1000.00     10526    1000.00     15468    1000.00     20773    1000.00     27502    1000.00                            38115    3000.00     44919    1000.00     49397    2000.00

05090    1000.00     10560    1000.00     15511    1000.00     2092113  1M00IL0.00  27559    1000.00                            38220    1000.00     44945    1000.00     49549    1000.00

05120    1000.00     10562    1000.00     15520    1000.00     21347    1000.00     27631    1000.00                            38229    1000.00     44953    1000.00     49699    1000.00

05184    1000.00     10575    1000.00     15764    1000.00     21379    1000.00     27778    1000.00                            38304    1000.00     44965    1000.00     49705    1000.00

05258    1000.00     10576    1000.00     15822    1000.00     21400    1000.00     27807    1000.00                            38428    1000.00     4494953  1M00IL0.00  49809    1000.00

05261    1000.00     10721    1000.00     15901    1000.00     21489    1000.00     27818    1000.00     C$ 3,500,000.00        38433    1000.00     45053    1000.00     4985306  1M00IL0.00

05314    1000.00     10749    1000.00     1591667  1M00IL0.00  21575    1000.00     27860    2000.00                            38473    1000.00     45389    1000.00     50035    1000.00

05425    1000.00     10810    1000.00     16163    1000.00     21642    1000.00     27868    1000.00                            38538    1000.00     45563    1000.00     50516    1000.00

05444    1000.00     10820    1000.00                          21686    1000.00     2792980  1M00IL0.00  NO FUE VENDIDO.        38653    1000.00     45666    1000.00
                                                                                                         POR ACUMULACION EL
05449    1000.00     1091612  1M00IL0.00  16216    1000.00     21723    1000.00                          SORTEO 1469 DEL 7 DE   38686    1000.00     45754    1000.00     50531SEGUNDO
                                                                                                         JULIO 2009 TENDRA
05474    1000.00                          16394    1000.00     21741    1000.00     28046    1000.00     UN PREMIO MAYOR DE     38688    1000.00     45782QUINTO PREMIO   PREMIO

05619    3000.00     11079    1000.00     16420    1000.00     21994    1000.00     28242    2000.00     C$ 5,250,000.00 POR    38820    1000.00
                                                                                                         EL PRECIO DE C$300
05643    1000.00     11082    1000.00     16476    1000.00     2192926  1M00IL0.00  28350    1000.00     EL BILLETE.            38916    1000.00
                                                                                                                                                     C$20,000.00
05741    1000.00     11165    1000.00     16514    1000.00                          28468    1000.00     GRANADA                3893496  1M00IL0.00  MANAGUA

05752    1000.00     11170    1000.00     16627    1000.00     22060    1000.00     28472    1000.00                            39075    1000.00

0590567  2M00IL0.00  11174    1000.00     16659    2000.00     22382    1000.00     28662    2000.00     32379    2000.00       39220    1000.00     4594869  1M00IL0.00

                     11181    1000.00     16936    1000.00     22418    1000.00     28700    1000.00     32380    1000.00       39512    1000.00                          C$300,000.00

06215    1000.00     11288    1000.00     16942    1000.00     22466    1000.00     28747    1000.00     32381    1000.00       39606    1000.00     46033    3000.00     MANAGUA

06318    1000.00     11349    1000.00     16970    1000.00     22573    1000.00     28756    1000.00     32524    1000.00       39686    1000.00     46053    1000.00

06358    1000.00     11415    1000.00     1691870  1M00IL0.00  22705    1000.00     28930    1000.00     32533    10,000.00     39713    1000.00     46176    1000.00     50658    1000.00

06395    1000.00     11422    1000.00     17026    1000.00     22796    1000.00     28940    1000.00     32548    1000.00       39738    1000.00     46179    1000.00     50692    1000.00

06409    1000.00     11564    1000.00     17129    1000.00     22830    1000.00     28956    1000.00     32640    1000.00       39920    1000.00     46209    1000.00     50717    1000.00

06411    1000.00     11616    2000.00     17149    1000.00     2292836  1M00IL0.00  2892695  2M00IL0.00  32642    1000.00       3994400  1M00IL0.00  46303    2000.00     50901    1000.00

06561    1000.00     11674    1000.00     17172    1000.00     23000    1000.00     29002    1000.00     32649    1000.00                            46324    1000.00     50903    1000.00

06719    1000.00     11694    1000.00     17447    1000.00     23029    1000.00     29031    1000.00     32777    1000.00       40177    1000.00     46440    1000.00     50915    1000.00

06771    1000.00     11702    1000.00     17588    1000.00     23160    1000.00     29138    1000.00     32882    1000.00       40545    1000.00     46610    1000.00     50930    1000.00

06905    1000.00     11871    1000.00     17597    1000.00     23242    1000.00     29164    2000.00     3293535  1M00IL0.00    40605    1000.00     46689    1000.00     50956    1000.00

06971    1000.00     11881    1000.00                                                                                                                46733    1000.00

NOTA: LOS BILLETES TERMINADOS EN 2378 GANAN C$4,800.00, LOS TERMINADOS EN 378 GANAN C$2,400.00, LOS TERMINADOS EN 78 GANAN

C$1,200.00, LOS TERMINADOS EN 8 GANAN C$600.00. TODOS LOS NUMEROS DE LA PRESENTE LISTA Y QUE A LA VEZ TENGAN TERMINACIONES

DEL PREMIO MAYOR TIENEN DERECHO AL PREMIO Y A LA TERMINACION. SE EXCEPTUA AL PREMIO MAYOR EN TODAS LAS TERMINACIONES.

       NOTA: POR ACUMULACION EL SORTEO No. 1469 A VERIFICARSE EL 7 DE JULIO DEL 2009 TENDRA UN

       PREMIO MAYOR DE C$ 5,250.000.00 POR EL PRECIO DE C$ 300.00 EL BILLETE Y C$ 15.00 EL VIGESIMO
