                                                                        SORTEO ORDINARIO Nº 1469

                                                                                                                                                            MANAGUA

                                                               5,250,000Córdobas                                                                            7 DE JULIO

                                                                                                                                                                        2009

                                                                                                                                                            CADUCIDAD

                                                                                                                                                            15 DE OCTUBRE

                                                                                                                                                                        2009

                                                                                                                                                            LISTA OFICIAL

01       MIL         06714    1000.00     13023    1000.00     19055    3000.00     23678    3000.00     29318    1000.00     34677    1000.00     40261    2000.00     45597    1000.00

01049    1000.00     06769    2000.00     13085    1000.00     19118    1000.00     23841    1000.00     29489    1000.00     34714    1000.00     40312    1000.00     45777    1000.00

01122    1000.00     06875TERCER PREMIO   13098    1000.00     19147    1000.00     2382444  1M00IL0.00  29536    1000.00     34716    1000.00     40344    1000.00     45845    1000.00

01147    1000.00                          13246    1000.00     19231    1000.00     24099    1000.00     29705    1000.00     34725    1000.00     40398    1000.00     45851    1000.00

01353    10,000.00                        13458    1000.00     19280    1000.00     24121    1000.00     29712    1000.00     34725    1000.00     40463    1000.00     45877    2000.00

01436    2000.00                          13480    1000.00     19323    1000.00     24182    1000.00     29762    1000.00     3483359  1M00IL0.00  40471    1000.00     45901    3000.00

01470    1000.00     C$50,000.00          13488    1000.00     19345    1000.00     24255    1000.00     29911    1000.00     35044    1000.00     40535    1000.00     4594468  1M00IL0.00

01619    1000.00                          13578    1000.00     19405    1000.00     24440    1000.00     29954    1000.00     35077    1000.00     40740    1000.00     46164    1000.00

01667    1000.00     GRANADA              13582    1000.00     19441    1000.00     24493    1000.00     2993800  1M00IL0.00  35088    1000.00     40751    1000.00     46267    1000.00

01885    1000.00                          13610    1000.00     19491    1000.00     24511    1000.00     30048    1000.00     35128    1000.00     40779    1000.00     46316    1000.00

01922    1000.00     0690176  1M00IL0.00  13919    1000.00     19517    1000.00     24565    3000.00     30051    1000.00     35248    1000.00     40878    1000.00     46326    1000.00

01955    1000.00     07044    1000.00     1391847  1M00IL0.00  19520    1000.00     24576    1000.00     30238    1000.00     35251    1000.00     40932    1000.00     46389    1000.00

0190924  1M00IL0.00  07051    1000.00     14204    1000.00     19557    1000.00     24581    1000.00     30252    1000.00     35308    1000.00     40933    1000.00     46623    1000.00

02024    1000.00     07299    2000.00     14306    1000.00     19648    1000.00     24680    1000.00     30293    1000.00     35384    1000.00     40954    1000.00     46659    1000.00

02055    1000.00     07570    1000.00     14344    1000.00     19676    1000.00     24856    1000.00     30305    1000.00     35397    1000.00     4094915  1M00IL0.00  46854    2000.00

02100    1000.00     07629    1000.00     14515    1000.00     19790    1000.00     2482952  1M00IL0.00  30538    1000.00     35543    1000.00                          46912    1000.00

02204    1000.00     07638    1000.00     14781    1000.00     1992607  1M00IL0.00                       30597    1000.00     35588    1000.00     41172    1000.00     4694474  1M00IL0.00

02258    1000.00     07751    1000.00     14836    1000.00     20054    1000.00     25032    1000.00     30682    1000.00     35665    1000.00     41225    1000.00

02305    1000.00     07788    1000.00     14956    1000.00     20103    1000.00     25047    1000.00     30784    1000.00     35706    1000.00     41291    1000.00     47050    1000.00

02367    1000.00     07812    1000.00     1491855  3M00IL0.00  20154    1000.00     25091    1000.00     30817    1000.00     35773    1000.00     41299    1000.00     47132    1000.00

02382    1000.00     07868    1000.00                          20196    1000.00     25203    1000.00     30826    1000.00     3583868  1M00IL0.00  41345    1000.00     47163    1000.00

02619    1000.00     0790387  1M00IL0.00  15046    1000.00     20205    2000.00     25464    1000.00     30870    1000.00                          41373    1000.00     47305    1000.00

02670    1000.00                          15155    1000.00     20329    1000.00     25504    1000.00     30912    1000.00     36124    1000.00     41584    1000.00     47367    2000.00

02780    1000.00     08095    1000.00     15336    1000.00     20330    1000.00     25598    1000.00     3093413  1M00IL0.00  36161    1000.00     41611    1000.00     47478    1000.00

0280135  1M00IL0.00  08287    1000.00     15341    1000.00     20399CUARTO PREMIO   25699    1000.00                          36166    1000.00     41651    1000.00     47560    1000.00

                     08333    2000.00     15361    1000.00                          25928    1000.00     31010    1000.00     36205    1000.00     41873    1000.00     47562    1000.00

03163    1000.00     08368    2000.00     15375    1000.00                          2592764  1M00IL0.00  31017    1000.00     36215    1000.00     4194227  1M00IL0.00  47791    1000.00

03181SEGUNDO         08397    1000.00     15419    1000.00                          26046    1000.00     31111    1000.00     36334CUARTO PREMIO   42004    1000.00     47847    1000.00

PREMIO               0880592  1M00IL0.00  15551    1000.00     C$25,000.00          26063    1000.00     31170    1000.00                          42089    1000.00     47967    1000.00

                     09052    1000.00     15559    2000.00     MATAGALPA            26099    1000.00     31198    1000.00                          42176    1000.00     4794882  1M00IL0.00

                     09066    1000.00     15804    1000.00                          26159    1000.00     31307    2000.00     C$25,000.00          42205    1000.00     48081    1000.00

                     09369    1000.00     15843    1000.00     20450    1000.00     26201    1000.00     31359    1000.00     CHINANDEGA           42282    1000.00     48098    1000.00

                     09469    1000.00     15913    1000.00     20468    1000.00     26288    1000.00     31362    1000.00                          42456    1000.00     48185    1000.00

                     09633    1000.00     15927    1000.00     20509    2000.00     26295    1000.00     31368    1000.00     36347    1000.00     42476    1000.00     48261    1000.00

C$300,000.00         09650    1000.00     15945    1000.00     20556    1000.00     26311    1000.00     31381    1000.00     36396    1000.00     42499    1000.00     48383    1000.00

                     09673    1000.00     15971    1000.00     20661    1000.00     26394    1000.00     31402    1000.00     36440    1000.00     42513    1000.00     48384    1000.00

MATAGALPA            09721    2000.00     1591766  1M00IL0.00  20685    1000.00     26524    1000.00     31587    1000.00     36751    1000.00     42522    1000.00     48385    2000.00

                     09862    2000.00     16000    1000.00     2072819  1M00IL0.00  26567    1000.00     31668    1000.00     36791    1000.00     42557    1000.00     PREMIO

03186    1000.00     09892    1000.00     16050    1000.00                          26569    1000.00     31758    1000.00     36947    1000.00     42575    1000.00     48386MAYOR

03548    2000.00     09895    1000.00     16119    1000.00     21289    2000.00     26615    1000.00     31787    1000.00     3693675  1M00IL0.00  42714    1000.00

03586    1000.00     0991801  1M00IL0.00  16123    1000.00     21345    1000.00     26676    2000.00     31909    1000.00     37112    1000.00     42723    1000.00

03658    1000.00                          16127    1000.00     21375    1000.00     26824    1000.00     3193720  2M00IL0.00  37145    1000.00     42783    1000.00

03661    1000.00     10127    1000.00     16324    1000.00     21423    1000.00     26908    1000.00     32061    1000.00     37200    1000.00     42839    1000.00

03698    1000.00     10128    1000.00     16355    1000.00     21617QUINTO PREMIO   2692777  1M00IL0.00  32115    1000.00     37204    1000.00     42855    1000.00

03708    1000.00     10135    1000.00     16357    1000.00                                               32288    2000.00     37245    1000.00     42869    1000.00

03894    1000.00     10261    1000.00     16382    1000.00     C$20,000.00          27027    1000.00     32302    1000.00     37290    1000.00     42909    1000.00

03941    1000.00     10286    1000.00     16440    1000.00     MANAGUA              27059    1000.00     32362    1000.00     37293    2000.00     4294336  1M00IL0.00  C$ 5,250,000.00

0390543  1M00IL0.00  10322    1000.00     16488    1000.00     21752    1000.00     27121    1000.00     32390    2000.00     37342    1000.00     43071    1000.00

04033    1000.00     10331    1000.00     16510    1000.00     21758    1000.00     27141    1000.00     32478    1000.00     37376    1000.00     43274    1000.00     NO FUE VENDIDO.
                                                                                                                                                                        POR ACUMULACION EL
04051    1000.00     10555    1000.00     16578    1000.00     21772    1000.00     27418    1000.00     32486    1000.00     37430    15,000.00   43558    1000.00     SORTEO 1470 DEL 14 DE

04081    1000.00     10611    1000.00     16583    1000.00     21777    1000.00     27419    1000.00     32553    1000.00     37488    1000.00     43577    1000.00     JULIO 2009 TENDRA
                                                                                                                                                                        UN PREMIO MAYOR DE
04210    1000.00     10709    1000.00     16670    1000.00                          27466    1000.00     32596    1000.00     37562    1000.00                          C$ 7,000,000.00 POR
                                                               21779    1000.00                                                                    43602    1000.00     EL PRECIO DE C$300
04229    1000.00     10783    1000.00     16843    1000.00                          27473    1000.00     32624    1000.00     37803    1000.00
                                                               21836    1000.00                                                                    43617    1000.00           EL BILLETE.
                     10806    1000.00                                                                                                                                   JUIGALPA
04270    1000.00                          16894    1000.00     21879    1000.00     27533    1000.00     32649    1000.00     37878    1000.00     43669    1000.00
                     10823    1000.00
04294    1000.00                          16902    1000.00     21904    1000.00     27619    1000.00     32693    1000.00     37884    1000.00     43773    1000.00
                     10839    1000.00
04315    1000.00                          16910    1000.00     21928    1000.00     27688    1000.00     32712    1000.00     3793781  1M00IL0.00  4384144  2M00IL0.00  48387    2000.00
                     10852    1000.00
04323    1000.00                          16926    1000.00     2192325  1M00IL0.00  27714    1000.00     32741    1000.00                                               48388    1000.00
                     10877    1000.00
04342    1000.00                          16961    1000.00                          2782886  2M00IL0.00  3273739  1M00IL0.00  38002    1000.00     44027    1000.00     48389    1000.00
                     10972    1000.00
04405    1000.00                          1691772  1M00IL0.00  22091    1000.00     28056    1000.00                          38058    1000.00     44389    1000.00     48454    1000.00
                     1091817  1M00IL0.00                                                                 33040    1000.00
04500    1000.00                                               22101    1000.00     28185    1000.00                          38129    1000.00     44468    2000.00     48471    1000.00
                                          17211    1000.00                                               33196    1000.00
04829    1000.00     11069    1000.00                          22158    1000.00     28208    1000.00                          38157    2000.00     44517    1000.00     48515    1000.00
                                          17278    1000.00                                               33198    2000.00
0480850  1M00IL0.00  11182    1000.00                          22218    1000.00     28210    1000.00                          38167    1000.00     44711    1000.00     48541    1000.00
                                          17607    1000.00                                               33208    1000.00
                     11260    1000.00                          22234    1000.00     28285    1000.00                          38269    1000.00     44725    1000.00     48701    1000.00
                                          1761387  1M00IL0.00                                            33219    1000.00
05037TERCER PREMIO   11521    1000.00                          22286    1000.00     28295    1000.00                          38582    1000.00     44756    1000.00     4894397  1M00IL0.00
                                                                                                         33299    1000.00
                     11583    1000.00     18104    1000.00     22399    1000.00     28304    1000.00                          38599    1000.00     44778    1000.00
                                                                                                         33328    1000.00                                               49250    1000.00
                     11676    1000.00     18153    1000.00     22431    1000.00     28322    1000.00                          38635    1000.00     44788    1000.00
                                                                                                         33339    1000.00                                               49275    1000.00
                     11716    1000.00     18173    2000.00     22465    1000.00     28324    1000.00                          38824    1000.00     44820    2000.00
                                                                                                         33347    1000.00                                               49301    1000.00
                     1181452  1M00IL0.00  18179    1000.00     22491    3000.00     28516    1000.00                          3893996  1M00IL0.00  44826    1000.00
                                                                                                         33477    1000.00                                               49317    1000.00
C$50,000.00                               18182    1000.00     22505    1000.00     28557    1000.00                          39171    3000.00     44920    1000.00
                                                                                                         33691    1000.00                                               49778    1000.00
                     12089    1000.00     18354    1000.00     22652    1000.00     28630    1000.00                          39196    1000.00     4494653  1M00IL0.00
JINOTEPE                                                                                                 33832    1000.00                                               49841    1000.00
                     12159    1000.00     18375    1000.00     22690    1000.00     28665    1000.00                          39476    1000.00
                                                                                                         33838    10,000.00                        45025    1000.00     4995207  1M00IL0.00
                     12163    1000.00     18584    1000.00     22734    1000.00     28678    1000.00                          39527    1000.00
05136    1000.00                                                                                         33889    1000.00                          45090    1000.00
                     12233    1000.00     18586    1000.00     2292337  1M00IL0.00  28739    1000.00                          39583    1000.00                          50145    2000.00
05280    1000.00                                                                                         3383943  1M00IL0.00                       45180    1000.00
                     12333    1000.00     18600    2000.00                          28773    1000.00                          39663    1000.00                          50267    1000.00
0560361  1M00IL0.00                                            23048    1000.00                                                                    45186    1000.00
                     12385    1000.00     18646    1000.00                          28785    1000.00     34279    1000.00     39732    1000.00                          50286    1000.00
                                                               23168    1000.00                                                                    45197    1000.00
06004    1000.00     12452    2000.00     18686    1000.00                          2892790  1M00IL0.00  34354    1000.00     39736    1000.00                          50327    2000.00
                                                               23186    1000.00                                                                    45224    1000.00
06012    2000.00     12612    1000.00     18744    1000.00                                               34393    1000.00     39779    1000.00                          50490    1000.00
                                                               23218    1000.00                                                                    45260    1000.00
06166    1000.00     12779    1000.00     18795    1000.00                          29015    1000.00     34396    1000.00     3984109  1M00IL0.00                       50508    1000.00
                                                               23308    1000.00                                                                    45309    1000.00
06471    1000.00     12876    1000.00     1891497  1M00IL0.00                       29188    1000.00     34540    1000.00                                               50577    1000.00
                                                               23358    1000.00                                                                    45397    1000.00
06478    1000.00     12906    1000.00                                               29216    2000.00     34571    1000.00     40114    1000.00                          50610    1000.00
                                                               23481    1000.00                                                                    45406    1000.00
06511    1000.00     1291937  1M00IL0.00  19024    1000.00                          29253    1000.00     34577    1000.00     40164    1000.00                          50650    1000.00
                                                               23528    1000.00                                                                    45447    1000.00
06663    1000.00                          19040    1000.00                          29274    1000.00     34615    1000.00     40218    1000.00                          50836    1000.00
                                                               23603    1000.00                                                                    45520    1000.00

NOTA: LOS BILLETES TERMINADOS EN 8386 GANAN C$4,800.00, LOS TERMINADOS EN 386 GANAN C$2,400.00, LOS TERMINADOS EN 86 GANAN

C$1,200.00, LOS TERMINADOS EN 6 GANAN C$600.00. TODOS LOS NUMEROS DE LA PRESENTE LISTA Y QUE A LA VEZ TENGAN TERMINACIONES

DEL PREMIO MAYOR TIENEN DERECHO AL PREMIO Y A LA TERMINACION. SE EXCEPTUA AL PREMIO MAYOR EN TODAS LAS TERMINACIONES.

NOTA: POR ACUMULACION EL SORTEO No. 1470 A VERIFICARSE EL 14 DE JULIO DEL 2009 TENDRA UN

    PREMIO MAYOR DE C$ 7,000.000.00 POR EL PRECIO DE C$ 300.00 EL BILLETE Y C$ 15.00 EL VIGESIMO
