                                                                        SORTEO ORDINARIO Nº 1470

                                                                                                                                                            MANAGUA

                                                               7,000,000Córdobas                                                                            14 DE JULIO

                                                                                                                                                                        2009

                                                                                                                                                            CADUCIDAD

                                                                                                                                                            22 DE OCTUBRE

                                                                                                                                                                        2009

                                                                                                                                                            LISTA OFICIAL

01       MIL         07454    1000.00     12446                16363    1000.00     23       MIL         29       MIL         33496    1000.00     38       MIL         44314    1000.00

01021    1000.00     07475    1000.00                          16397    1000.00     23029    1000.00     29044    1000.00     33545    1000.00     38044    2000.00     44316    1000.00

01060    1000.00     07570    1000.00                          16405    1000.00     23031    1000.00     29333    1000.00     33643    1000.00     38090    1000.00     44462    1000.00

01071    1000.00     07789    1000.00                          16478    1000.00     23037    1000.00     29375    1000.00     33740    1000.00     38127    1000.00     44554    1000.00

01132    1000.00     07830    1000.00                          16509    1000.00     23154    1000.00     29421    1000.00     33777    1000.00     38178    1000.00     44670    1000.00

01256    1000.00     07873    1000.00                          16708    1000.00     23308    1000.00     29463    1000.00     33789    2000.00     38369    1000.00     44676    1000.00

01380    1000.00     07882    1000.00                          16898    1000.00     23337    1000.00     29472    1000.00     33820    1000.00     38411    1000.00     44761    1000.00

01382    1000.00     07894    1000.00                          1691270  1M00IL0.00  23397    1000.00     29570    1000.00     3393145  1M00IL0.00  38502    1000.00     44785    1000.00

01454    1000.00     07896    1000.00     C$ 7,000,000.00      17002    1000.00     23464    1000.00     29655    1000.00     34004    1000.00     38727    1000.00     44854    1000.00

01505    1000.00     0790583  1M00IL0.00                       17007    1000.00     23476    2000.00     29686    1000.00     34091    1000.00     38751    1000.00     4484650  2M00IL0.00

01526    2000.00     08011    1000.00                          17025    1000.00     23559    1000.00     29827    1000.00     34193    1000.00     38763    1000.00     45087    1000.00

01606    1000.00     08059    1000.00     VENDIDO POR EL       17082    1000.00     23590    2000.00     29849    2000.00     34204    1000.00     38828    1000.00     45278    1000.00

01685    1000.00     08119    1000.00     CONCESIONARIO A-609  17084    1000.00     23603    1000.00     29922    1000.00     34225    1000.00     38866    1000.00     45339    1000.00

01721    1000.00     08132    1000.00     FERNANDO             17085    1000.00     23729    1000.00     2993902  1M00IL0.00  34292    1000.00     3893999  2M00IL0.00  45392    1000.00

01806    2000.00     08154    1000.00     RODRIGUEZ ESPINOZA   17102    1000.00     23768    1000.00     30034    1000.00     34424    1000.00                          45415    1000.00

01923    1000.00     08190    2000.00     MANAGUA              17142    1000.00     23820    1000.00     30152    1000.00     34439    1000.00     39066    1000.00     45500    1000.00

0190725  1M00IL0.00  08200    1000.00                          17243    1000.00     2392645  1M00IL0.00  30163    1000.00     34456    2000.00     39202    1000.00     45567    1000.00

02112    1000.00     08246    1000.00     12447    2000.00     17287    1000.00     24090    1000.00     30459    1000.00     34481    1000.00     39239    1000.00     45577    1000.00

02315    1000.00     08263    1000.00     12448    1000.00     17326    2000.00     24139    1000.00     30595    1000.00     34493    1000.00     39375    1000.00     45603    1000.00

02413    1000.00     08299    1000.00     12449    1000.00     17327    1000.00     24226    2000.00     30835    1000.00     34718    1000.00     39433    1000.00     45676    1000.00

02459    1000.00     08442    1000.00     12457    1000.00     17365    3000.00     24477    1000.00     30854    1000.00     34732    1000.00     39452    1000.00     45845    1000.00

02471    1000.00     08456    1000.00     12643    1000.00     17575    1000.00     24515    1000.00     3093615  1M00IL0.00  34753    1000.00     39707    1000.00     4594167  1M00IL0.00

02499    1000.00     08461    1000.00     12677    1000.00     17644    1000.00     24585    1000.00                          34763    1000.00     39716    1000.00

02517    1000.00     08579    1000.00     12679    1000.00     17706    1000.00     24602    1000.00     31033    1000.00     34774    1000.00     39735    1000.00     46005    1000.00

02743    1000.00     0870892  1M00IL0.00  12684    1000.00     17734    1000.00     24660    1000.00     31037    1000.00     34886    1000.00     39737    1000.00     46083    1000.00

02745    1000.00                          12862    1000.00     17745    1000.00     2492250  1M00IL0.00  31069    1000.00     3493751  2M00IL0.00  39780    1000.00     46202    1000.00

02775    1000.00     09170    1000.00     12884    2000.00     17760    1000.00                          31154    1000.00                          39975    2000.00     46241    1000.00

02921    1000.00     09235    1000.00     12934    1000.00     17792    1000.00     25021    1000.00     31159    1000.00     35037    1000.00     3994805  1M00IL0.00  46257    1000.00

0290737  1M00IL0.00  09251    1000.00     12957    1000.00     17867    1000.00     25087    1000.00     31171    1000.00     35073    1000.00     40021    1000.00     46526    1000.00

                     09266    1000.00     1291633  1M00IL0.00  17868    1000.00     25111    1000.00     31433    1000.00     35259    1000.00     40092    1000.00     46536    1000.00

03094    1000.00     09322    1000.00     13025    1000.00     17905    1000.00     25310    1000.00     31441    1000.00     35310    1000.00     40189    1000.00     46696    1000.00

03189    1000.00     09386    1000.00     13062    1000.00     17953    1000.00     25398    1000.00     31456    1000.00     35329    1000.00     40254    1000.00     46898    1000.00

03315    1000.00     09392    1000.00     13100    1000.00     1791689  1M00IL0.00  25467    1000.00     31549    1000.00     35339    1000.00     40398    1000.00     46920    1000.00

03368    1000.00     09403    3000.00     13156    1000.00                          25607    1000.00     31559    2000.00     35462    1000.00     40545    1000.00     46926    1000.00

03391    1000.00     09427    1000.00     13210    1000.00     18028    1000.00     25642    1000.00     31651    2000.00     35479TERCER PREMIO   40654    1000.00     46989    1000.00

03642    1000.00     09429    1000.00     13261    1000.00     18239    1000.00     25656    1000.00     31685    1000.00                          40970    1000.00     4694979  1M00IL0.00

03659    1000.00     09670    1000.00     13343    1000.00     18267    1000.00     25662    1000.00     31847CUARTO PREMIO                        4094914  1M00IL0.00  47051    1000.00

03689    1000.00     09679    1000.00     13382    1000.00     18322    1000.00     25683    1000.00                                                                    47156    1000.00

03703    1000.00     09706    1000.00     13462    1000.00     18482    1000.00     25783    1000.00                                               41077    1000.00     47259    1000.00

03704    1000.00     09711    1000.00     13466    1000.00     18546    1000.00     25871    2000.00                          C$50,000.00          41217    1000.00     47396    1000.00

03720    1000.00     09716    1000.00     13495    1000.00     18577    1000.00     2592867  1M00IL0.00  C$25,000.00                               41329    1000.00     47529    1000.00

03754    1000.00     09860    1000.00     13634    1000.00     1861290  1M00IL0.00                       MASAYA               MASAYA               41359    1000.00     47663    1000.00

03814    1000.00     09869    1000.00     13837    1000.00                          26177    1000.00                                               41366    1000.00     47691    1000.00

0390749  1M00IL0.00  09881    1000.00                          19139    1000.00     26345    1000.00     31896    1000.00     35518    1000.00     41433    1000.00     47699    1000.00

                     09942    1000.00     13887    1000.00     19173    1000.00     26430    1000.00     31920    3000.00     35578    1000.00     41690    1000.00     47806    1000.00

04013    1000.00     0991409  1M00IL0.00  1391940  1M00IL0.00  19199    1000.00     26523    2000.00     3193726  1M00IL0.00  35645    1000.00     41728    1000.00

04133    1000.00                          14019    1000.00     19233    1000.00     26569    1000.00                          35766    1000.00     41739    1000.00     47838    1000.00

04552    1000.00     10029    2000.00     14116    1000.00     19382    1000.00     26660    1000.00     32012    1000.00     3583764  1M00IL0.00  41854    2000.00     4784687  1M00IL0.00

04609    1000.00     10143    1000.00     14252    1000.00     19560    1000.00     26667    1000.00     32047    1000.00                          41920    1000.00     48040    1000.00

04648    1000.00     10479    1000.00     14297    1000.00     19649    1000.00     26809    1000.00     32183SEGUNDO         36004    1000.00     41954    1000.00     48279    3000.00

04768    1000.00     10505    1000.00     14337    1000.00     19655    1000.00     26966    1000.00     PREMIO               36046    1000.00     41965    1000.00     48409    1000.00

04890    1000.00     10595    1000.00     14353    1000.00     19691    1000.00     2692874  1M00IL0.00                       36168    1000.00     4194725  1M00IL0.00  48417    1000.00

0490953  3M00IL0.00  10735    1000.00     14462    1000.00     19847    1000.00                                               36194    1000.00                          48444    1000.00

05124    1000.00     10766    1000.00     14582    1000.00     1992807  2M00IL0.00  27077    10,000.00                        36373    2000.00     42028    1000.00     48453    1000.00

05147    1000.00     10767    1000.00     14620    1000.00                          27193    1000.00                          36387    1000.00     42042    2000.00     48489    3000.00

05269    1000.00     10770    1000.00                          20130    1000.00     27210    1000.00     C$300,000.00         36534    1000.00     42116    1000.00     48524    1000.00

                     10817    1000.00     14662    1000.00     20132    1000.00     27272    1000.00                          36551    1000.00     42129    1000.00     48765    1000.00

05329    1000.00     10905    1000.00     14825    1000.00     20185    1000.00     27413    1000.00     ESTELI               36640    1000.00     42147    1000.00

05351    1000.00     10911    1000.00     1491551  1M00IL0.00  20299    1000.00     27603    1000.00                          36644    1000.00     42182    1000.00     4884595  1M00IL0.00

05393    1000.00     1091917  1M00IL0.00  15003    1000.00     20359    1000.00     27638    1000.00     32220    1000.00     36652    1000.00     42347    1000.00     49097    1000.00

05666    1000.00                          15049    1000.00     20552    1000.00     27644    1000.00     32278    1000.00     36667    1000.00     42487    1000.00     49113    1000.00

05700    1000.00     11090    1000.00     15057    1000.00     20719    1000.00     27686    2000.00     32351    1000.00     36693    1000.00     42758    1000.00     49381    1000.00

05726    1000.00     11294    1000.00     15126    1000.00     20926    10,000.00   27833    1000.00     32377    1000.00     36743    1000.00     42778    1000.00     49495    1000.00

05763    1000.00     11327    1000.00     15245    1000.00     2092512  1M00IL0.00  27849    1000.00     32505    1000.00     36865    1000.00     42779    1000.00     49554    1000.00

05777    1000.00     11632    1000.00     15306    3000.00     21000    2000.00     27850    1000.00     32528TERCER PREMIO   36876    1000.00     42785    1000.00     49574    1000.00

05825    1000.00     11649    1000.00     15393    2000.00     21045    1000.00     27880    2000.00                          3693075  1M00IL0.00  42823    1000.00     49575    1000.00

05834    1000.00     11651    1000.00     15450    1000.00     21164    1000.00     27898    1000.00                                               42864    1000.00     49722    1000.00

0580866  1M00IL0.00  11792    1000.00     15466    1000.00     21288    1000.00     2792385  1M00IL0.00                       37033    1000.00     4294539  1M00IL0.00  49724    1000.00

06176    1000.00     1191752  1M00IL0.00  15556    1000.00     21378    1000.00                          C$50,000.00          37140    1000.00                          49739    1000.00

06191    1000.00     12017    1000.00     15677    1000.00                          28064    1000.00                          37196QUINTO PREMIO   43033    1000.00     49853    1000.00

06341    1000.00     12056    1000.00                          21392    1000.00     28064    1000.00     MANAGUA                                   43075    1000.00     49895    1000.00

                                          15689    1000.00     21513    2000.00     28123    1000.00                          C$20,000.00          43184    1000.00
                                                                                                                              MASAYA
06354    1000.00     12075    1000.00     15735    1000.00     21588    1000.00     28127    1000.00     32617    1000.00                          43276    1000.00     4995708  1M00IL0.00

06731    1000.00     12143    1000.00     15772    1000.00     21623    1000.00     28176    1000.00     32625    1000.00     37228    1000.00     43281    1000.00     50005    1000.00

06735    1000.00     12238    1000.00     15774    2000.00     21646    2000.00     28182    1000.00     32661    1000.00     37230    1000.00     43357    1000.00     50063    1000.00

06843    1000.00     12392    1000.00     15867    1000.00     21815    1000.00     28191    1000.00     32669    1000.00     37342    1000.00     43400    1000.00     50114CUARTO PREMIO

0690370  1M00IL0.00  12407    1000.00     15873    15,000.00   2192923  1M00IL0.00  28290    1000.00     32689    1000.00     37434    1000.00     43491    1000.00

07027    1000.00     12443    1000.00     1591766  1M00IL0.00  22022    1000.00     28403    1000.00     32737    1000.00     37438    1000.00     43581    1000.00

                     12444    1000.00                                               28634    1000.00     3283337  1M00IL0.00  37448    1000.00     43858    1000.00     C$25,000.00
                                                                                                                                                                        MANAGUA
07228    1000.00     12445    2000.00     16041    2000.00     22040    1000.00     28750    1000.00                          37479    1000.00
                                                                                                                                                   43893    1000.00
07242    1000.00     PREMIO               16224    1000.00     22532    1000.00     28785    1000.00     33046    1000.00     37649    1000.00                          50176    1000.00
                                                                                                                                                   4394741  1M00IL0.00
07325    2000.00     MAYOR                16232    1000.00     22540    1000.00     28811    1000.00     33295    1000.00     37721    1000.00                          50253    1000.00

07331    1000.00                          16255    1000.00     22628    1000.00     28819    1000.00     33324    1000.00     37951    1000.00     44055    1000.00     50678    1000.00

07422    1000.00                          16353    1000.00     22737    1000.00     28834    1000.00     33411    1000.00     37964    1000.00     44130    1000.00     50743    2000.00

NOTA: LOS BILLETES TERMINADOS EN 2446 GANAN C$4,800.00, LOS TERMINADOS EN 446 GANAN C$2,400.00, LOS TERMINADOS EN 46 GANAN

C$1,200.00, LOS TERMINADOS EN 6 GANAN C$600.00. TODOS LOS NUMEROS DE LA PRESENTE LISTA Y QUE A LA VEZ TENGAN TERMINACIONES

DEL PREMIO MAYOR TIENEN DERECHO AL PREMIO Y A LA TERMINACION. SE EXCEPTUA AL PREMIO MAYOR EN TODAS LAS TERMINACIONES.

         ESTA LISTA ES GRATIS · VISITE WWW.LOTERIANACIONAL.COM.NI
