                                                            SORTEO ORDINARIO Nº 1471

                                                                                                                                          MANAGUA

                                                     5,000,000Córdobas                                                                   21 DE JULIO

                                                                                                                                                    2009

                                                                                                                                         CADUCIDAD

                                                                                                                                         29 DE OCTUBRE

                                                                                                                                                    2009

                                                                                                                                         LISTA OFICIAL

01     MIL          04379  850.00    09938  850.00   15959  850.00       22830  850.00    28994  850.00       C$5R0I,V0A00S.00    39888  850.00     43918  850.00
                                                     16     MIL                           29     MIL                                                44     MIL
01024  900.00       04396  850.00    09986  850.00                       22911  850.00                                            39925  850.00
                                                                         23     MIL
01151  850.00       04541  850.00    09994  850.00   16052  850.00                        29107  850.00                           39970  850.00     44011  850.00
                                                                                                                                  40     MIL
01294  900.00       04558  850.00    09997  1000.00  16108  850.00       23072  850.00    29236  850.00       33101  850.00                         44054  850.00
                                     10     MIL
01343  850.00       04573  850.00                    16175  850.00       23341  850.00    29267  850.00       33120  850.00       40015  850.00     44135  850.00

01450  850.00       04719  900.00    10023  850.00   16294  850.00       23439  850.00    29295  850.00       33279  850.00       40029  850.00     44204  850.00

01489  850.00       04963  850.00    10026  850.00   16583  850.00       23517  850.00    29360  1000.00      33282  850.00       40074  850.00     44219  850.00
                    05     MIL
01594  1250.00                       10176  850.00   16591  850.00       23779  850.00    29439  850.00       33332  850.00       40141  850.00     44242  850.00

01595  1250.00      05000  850.00    10191  850.00   16676  850.00       23843  850.00    29483  850.00       33610  1000.00      40158  850.00     44294  850.00

01596  2500.00      05117  850.00    10217  850.00   16689  850.00       23866  850.00    29502  850.00       33859  850.00       40277  850.00     44329  850.00

PREMIO              05131  850.00    10233  850.00   16694  850.00       23900  850.00    29613  850.00       33862  850.00       40302  850.00     44367  850.00

01597MAYOR          05242  850.00    10322  850.00   16764  850.00       23955  850.00    29641  850.00       33890  850.00       40327  850.00     44573  850.00

                    05296  850.00    10521  850.00   16766  850.00       23977  900.00    29714  850.00       33986  850.00       40368  900.00     44589  900.00
                                                                                                              34     MIL
                    05393  850.00    10537  850.00   16768  850.00       23997  850.00    29779  850.00                           40479  850.00     44625  900.00
                                                                         24     MIL
                    05432  850.00    10546  850.00   16940  1000.00                       29797  850.00       34024  850.00       40526  850.00     44689  850.00
                                                     17     MIL
                    05503  850.00    10605  850.00                       24018  850.00    29865  900.00       34049  850.00       40654  850.00     44741  850.00

                    05518  850.00    10627  850.00   17130  850.00       24233  850.00    29920  850.00       34060  850.00       40708  850.00     44754  850.00

                    05554  850.00    10657  850.00   17259  850.00       24296  850.00    29950  850.00       34098  900.00       40722  850.00     44773  850.00
                                                                                          30     MIL
                    05577  850.00    10711  850.00   17352  850.00       24412  850.00                        34111  850.00       40780  850.00     44792  850.00

                    05675  850.00    10893  850.00   17374  850.00       24504  850.00    30057  850.00       34191  850.00       40802  850.00     44817  850.00
                                                                                                                                                    45     MIL
C$ 5,000,000.00     05737  850.00    10932  850.00   17493  850.00       24549  850.00    30064  850.00       34293  850.00       40808  850.00
                                     11     MIL
                    05778  850.00                    17514  850.00       24554  850.00    30204  850.00       34298  850.00       40813  850.00     45030  850.00

                    05789  850.00    11049  850.00   17565  850.00       24622  850.00    30302  850.00       34329  850.00       40891  850.00     45233  850.00

VENDIDO POR EL      05798  850.00    11065  850.00   17584  850.00       24639  850.00    30341  850.00       34374  850.00       40903  850.00     45352  850.00

CONCESIONARIO       05802  850.00    11130  850.00   17617  850.00       24685  850.00    30453  850.00       34388  850.00       40939  850.00     45360  850.00

O-166 JULIAN        05868  850.00    11143  850.00   17789  850.00       24804  850.00    30570  850.00       34500  850.00       40988  850.00     45523  850.00

LEIVA VALLE         05974  850.00    11158  850.00   18     MIL          24858  850.00    30576  900.00       34606QUINTO PREMIO  41     MIL        45568  850.00

JINOTEGA            06     MIL       11447  850.00   18021  850.00       24874  850.00    30654  850.00                           41037  850.00     45667  850.00

                    06314  850.00    11451  850.00   18176CUARTO PREMIO  24981  850.00    30657  850.00       C$25,000.00         41096  850.00     45742  850.00
                                                                         25     MIL
01598  2500.00      06515  850.00    11528  850.00                                        30800  850.00       MANAGUA             41103  900.00     45759  850.00

01599  1250.00      06607  850.00    11535  850.00                       25004  850.00    30812  850.00                           41395  850.00     45814  850.00

01600  1250.00      06616  850.00    11579  850.00                       25023  850.00    30861  850.00       34668  850.00       41401  850.00     45814  850.00

01618  900.00       06626  850.00    11617  850.00   C$50,000.00         25044  850.00    30895  850.00       34740  850.00       41455  850.00     45829  850.00

01679  850.00       06782  850.00    11667  850.00   MANAGUA             25065  850.00    30917  850.00       34880  850.00       41487  10,000.00  45855  850.00
                                     12     MIL                                                               35     MIL                            46     MIL
01817  1000.00      06785  850.00                                        25082  850.00    30989  850.00                           41502  850.00
                                                                                          31     MIL
01925  850.00       06789  5,000.00  12261  850.00                       25243  850.00                        35038  850.00       41548  850.00     46213  850.00

01978  850.00       06878  850.00    12276  850.00   18188  850.00       25308  850.00    31087  850.00       35060  850.00       41709  850.00     46229  850.00
02     MIL
                    06880  850.00    12399  850.00   18189  850.00       25495  850.00    31138  850.00       35138  900.00       41876  850.00     46243  850.00

02027  850.00       06900  850.00    12559  850.00   18353  850.00       25693  850.00    31139  850.00       35152  850.00       41895  850.00     46352  850.00

02059  850.00       06935  850.00    12609  850.00   18699  850.00       25711  850.00    31165  850.00       35475  850.00       41920  850.00     46354  850.00

02128  850.00       06985  850.00    12682  850.00   18763  850.00       25816  900.00    31175  850.00       35866  850.00       41922  850.00     46454  850.00

02367  900.00       06990  850.00    12719  850.00   18776  850.00       25870  850.00    31267  850.00       35992  850.00       41982  850.00     46526  850.00
                    07     MIL                                           26     MIL                           36     MIL          42     MIL
02431  850.00                        12788  850.00   18814  850.00                        31323  850.00                                             46682  900.00

02503  850.00       07082  850.00    12813  850.00   18819  850.00       26021  850.00    31339  850.00       36075  900.00       42062  850.00     46718  850.00

02608  850.00       07119  850.00    12885  850.00   18859  850.00       26117  850.00    31433  850.00       36093  850.00       42295  850.00     46725  850.00

02617  900.00       07213  850.00    12916  850.00   18918  850.00       26123  850.00    31464  850.00       36103  850.00       42433  850.00     46756  850.00
                                     13     MIL      19     MIL                                                                                     47     MIL
02695  850.00       07310  850.00                                        26129  850.00    31493  850.00       36119  850.00       42498  850.00

02723  850.00       07315  850.00    13037  850.00   19039  850.00       26142  850.00    31529  850.00       36341  850.00       42527  850.00     47144  850.00

02749  850.00       07355  850.00    13045  850.00   19116  850.00       26200  850.00    31577  850.00       36365  850.00       42547  850.00     47178  850.00

02987  900.00       07417  850.00    13112  850.00   19184  850.00       26299  850.00    31604  850.00       36367  850.00       42583  1000.00    47297  850.00
03     MIL
                    07437  850.00    13124  850.00   19196  850.00       26316  850.00    31681  850.00       36478  850.00       42827  850.00     47570  850.00

03015  850.00       07788  850.00    13187  850.00   19208  900.00       26323  850.00    31686  850.00       36505  850.00       42870  850.00     47639  850.00

03022  850.00       07812  850.00    13507  850.00   19252  850.00       26324  5,000.00  31741  850.00       36642  850.00       42976  850.00     47642  850.00
                                                                                                                                  43     MIL
03060  850.00       07816  850.00    13591  850.00   19278  850.00       26360  850.00    31764  900.00       36703  850.00                         47812  850.00

03252  850.00       07875  850.00    13633  850.00   19480  850.00       26363  850.00    31779  900.00       36709  850.00       43021SEGUNDO      47953  850.00
                                                                                                                                                    48     MIL
03302  850.00       07901  850.00    13833  850.00   19556  850.00       26429  900.00    31783  850.00       36885  850.00       PREMIO
                                                                                                              37     MIL
03341  850.00       07958  850.00    13853  850.00   19593  850.00       26455  850.00    31834  850.00                                             48106  850.00
                    08     MIL
03406  850.00                        13946  850.00   19631  850.00       26493  850.00    31907  850.00       37208  850.00                         48150  850.00

03495  850.00       08028  850.00    13984  850.00   19970  900.00       26525  850.00    31909  850.00       37515  850.00                         48184  850.00
                                     14     MIL      20     MIL
03499  850.00       08069  850.00                                        26527  850.00    31922  850.00       37521  850.00                         48203  850.00
                                                                                          32     MIL
03551  900.00       08070  850.00    14079  850.00   20143  850.00       26584  850.00                        37633  850.00                         48452  850.00
                                                                         27     MIL
03578  850.00       08267  850.00    14194  850.00   20252  850.00                        32050  850.00       37672  850.00                         48491  850.00

03582  850.00       08668  850.00    14263  900.00   20289  850.00       27129  850.00    32076  850.00       37695  850.00                         48572  850.00

03678TERCER PREMIO  08738  850.00    14348  850.00   20321  850.00       27188  850.00    32083  850.00       37799  850.00       C$125,000.00      48617  900.00

                    08793  850.00    14423  850.00   20566  850.00       27203  850.00    32103  850.00       37803  850.00                         48648  850.00

                    08822  850.00    14683  850.00   20590  850.00       27712  850.00    32201  850.00       37874  850.00       LEON              48656  900.00

                    08920  850.00    14685  850.00   20593  850.00       27738  850.00    32220  850.00       37913  850.00                         48850  850.00
                                                                                                                                                    49     MIL
                    08986  850.00    14719  850.00   20819  850.00       27757  850.00    32325  850.00       37981  850.00
                    09     MIL                                                                                38     MIL
                                     14729  850.00   20982  850.00       27783  850.00    32343  850.00                           43113  850.00     49211  850.00
                                                     21     MIL
C$100,000.00        09013  850.00    14742  850.00                       27797  850.00    32459  850.00       38042  850.00       43133  850.00     49229  850.00

                    09401SEGUNDO     14752  850.00   21076  850.00       27882  850.00    32576  850.00       38204  850.00       43219  850.00     49440  850.00
CHINANDEGA                                                               28     MIL
                    PREMIO           14755  900.00   21125  850.00                        32690  850.00       38391  850.00       43258  850.00     49493  850.00

                                     14944  850.00   21286  850.00       28055  850.00    32705  850.00       38466  850.00       43262  850.00     49540  850.00

03688  850.00                        14965  850.00   21352  850.00       28247  850.00    32743  850.00       38704  850.00       43363  850.00     49752  850.00

03733  900.00                        14978  850.00   21511  850.00       28291  850.00    32796  850.00       38857  850.00       43426  850.00     49867  850.00
                                     15     MIL
03830  850.00                                        21682  850.00       28300  850.00    32817  850.00       38878  850.00       43455  850.00     49867  850.00

03847  850.00                        15058  850.00   21711  850.00       28439  850.00    32856  850.00       38939  900.00       43480  850.00     49929  850.00
04     MIL                                                                                                    39     MIL                            50     MIL
                    C$125,000.00     15081  850.00   21720  900.00       28543  850.00    32870  850.00                           43521  850.00

04004  850.00       BLUEFIELDS       15102  850.00   21832  850.00       28545  850.00    32905  850.00       39061  850.00       43549  850.00     50147  850.00

04067  850.00                        15355  1000.00  21866  850.00       28552  850.00    32995  850.00       39258  850.00       43563  850.00     50217  850.00
                                                     22     MIL                           33     MIL
04117  850.00                        15490  850.00                       28607  850.00                        39340  850.00       43609  850.00     50382  850.00

04255  850.00       09495  850.00    15546  850.00   22059  850.00       28660  850.00    33013  850.00       39399  850.00       43684  850.00     50420  850.00

04265  850.00       09671  900.00    15574  850.00   22094  850.00       28912  850.00    33046  900.00       39448  850.00       43771  850.00     50506  850.00

04266  850.00       09740  850.00    15661  850.00   22331  900.00       28918  850.00    33097CUARTO PREMIO  39663  850.00       43777  850.00     50533  850.00

04335  850.00       09880  850.00    15679  850.00   22637  850.00       28967  850.00                        39696  850.00       43784  850.00     50649  850.00

04337  850.00       09932  850.00    15692  850.00   22771  850.00       28975  850.00                        39822  850.00       43798  850.00     50885  850.00

NOTA: LOS BILLETES TERMINADOS EN 1597 GANAN C$6,400.00, LOS TERMINADOS EN 597 GANAN C$3,200.00, LOS TERMINADOS EN 97 GANAN

C$1,600.00, LOS TERMINADOS EN 7 GANAN C$800.00. TODOS LOS NUMEROS DE LA PRESENTE LISTA Y QUE A LA VEZ TENGAN TERMINACIONES

DEL PREMIO MAYOR TIENEN DERECHO AL PREMIO Y A LA TERMINACION. SE EXCEPTUA AL PREMIO MAYOR EN TODAS LAS TERMINACIONES.

       ESTA LISTA ES GRATIS · VISITE WWW.LOTERIANACIONAL.COM.NI
