                                                                        SORTEO ORDINARIO Nº 1472

                                                                                                                                                            MANAGUA

                                                               3,500,000Córdobas                                                                            28 DE JULIO

                                                                                                                                                                        2009

                                                                                                                                                            CADUCIDAD

                                                                                                                                                            5 DE NOVIEMBRE

                                                                                                                                                                        2009

                                                                                                                                                            LISTA OFICIAL

01       MIL         06340    1000.00     12382    1000.00     17532    1000.00     24431QUINTO PREMIO   29854    2000.00     34803    1000.00     38544    1000.00     44384    1000.00

01185    1000.00     06438    1000.00     12430    1000.00     17933    1000.00                          29881    1000.00     3483454  3M00IL0.00  38547    2000.00     44397    1000.00

01188    1000.00     06610    1000.00     12440    1000.00     1791484  1M00IL0.00  C$20,000.00          29930    1000.00     35016    1000.00     38655    1000.00     44626    1000.00

01212    1000.00     06617    1000.00     12477    1000.00     18119    1000.00     CHINANDEGA           2993503  1M00IL0.00  35024    1000.00     38825    1000.00     44664    1000.00

01374    1000.00     06785    1000.00     12481    1000.00     18187    1000.00     24430    1000.00     30077    2000.00     35025    1000.00     38924    1000.00     44689    1000.00

01517    1000.00     06893    1000.00     12482    1000.00     18187    1000.00     24665    1000.00     30151    1000.00     35026    2000.00     3893694  1M00IL0.00  44689    1000.00

01565    1000.00     0690272  2M00IL0.00  12498    1000.00     18226    2000.00     24704    1000.00     30184    1000.00     PREMIO                                    4484052  1M00IL0.00

01606    1000.00     07028    1000.00     12500    1000.00     18273    1000.00     24824    2000.00     30244    1000.00     35027MAYOR           39029    1000.00     45071    1000.00

01779    1000.00     07061    1000.00     12595    2000.00     18357    1000.00     24885    1000.00     30266    1000.00                          39086    1000.00     45109    1000.00

0180521  1M00IL0.00  07096    1000.00     12713    2000.00     18496    1000.00     24915    1000.00     30308    1000.00                          39128    2000.00     45278    1000.00

02056    1000.00     07141    1000.00     1291138  1M00IL0.00  18658    1000.00     2492852  1M00IL0.00  30490    1000.00                          39151    1000.00     45494    1000.00

02135    1000.00     07273    1000.00     13426    1000.00     18690    1000.00                          30543    1000.00                          39161    1000.00     45639    1000.00

02289    1000.00     07301    1000.00     13459    1000.00     18759    1000.00     25100    1000.00     30660    1000.00                          39356    1000.00     45681    1000.00

02311    1000.00     07342    1000.00     13657    1000.00     18859    1000.00     25252    1000.00     30719    2000.00                          39382    1000.00     45695    1000.00

02343    1000.00     07397    1000.00     13678    1000.00     1881998  1M00IL0.00  25307    1000.00     30784    1000.00                          39411    1000.00     45733    1000.00

02396    1000.00     07524    1000.00     13682    1000.00                          25334    1000.00     30817    1000.00                          39538    1000.00     4594663  1M00IL0.00

02400    1000.00     07570    1000.00     13787    1000.00     19126    1000.00     25338    1000.00     30830    3000.00     C$ 3,500,000.00      39603    1000.00

02434    1000.00     07862    1000.00     13803    1000.00     19139    1000.00     25363    1000.00     30846    1000.00                          39787    1000.00     46051    1000.00

02476    1000.00     07921    1000.00     13921    1000.00     19166    1000.00     25381    1000.00     30898    1000.00                          3994805  1M00IL0.00  46282TERCER PREMIO

02517    1000.00     0790383  1M00IL0.00  1391641  1M00IL0.00  19169    1000.00     25506    1000.00     3093719  1M00IL0.00  VENDIDO POR LA       40122    1000.00

02629    1000.00                                               19204    1000.00     25601    1000.00                          CONCESIONARIA        40160    1000.00

02682    1000.00     08013    2000.00     14006    1000.00     19205    1000.00     25649    1000.00     31000    1000.00     L-313 MERCEDITA      40254    1000.00

02683    1000.00     08278    1000.00     14100    1000.00     19280    1000.00     25687    1000.00     31000    1000.00     RAMIREZ              40353    1000.00

02684    1000.00     08356    1000.00     14133    1000.00     19310    1000.00     25698    1000.00     31034    1000.00     LEON                 40703    1000.00     C$50,000.00

02714    1000.00     08391    1000.00     14235    1000.00     19587    1000.00     25752    1000.00     31045    1000.00                          40754    1000.00     MANAGUA

0290130  1M00IL0.00  08419    1000.00     14316    1000.00     19596    1000.00     2592968  1M00IL0.00  31198    1000.00     35028    2000.00     40768    1000.00

                     08486    1000.00     14361    1000.00     19603    1000.00     26013    1000.00     31293    1000.00     35029    1000.00     40838    1000.00     46369    2000.00

03099    1000.00     08582    1000.00     14394    2000.00     1982304  1M00IL0.00  26042    1000.00     31302    1000.00     35030    1000.00     40891    1000.00     46426    1000.00

03127    1000.00     08616    1000.00     14464    1000.00     20062    1000.00     26110    1000.00     31544    1000.00     35132    1000.00     40905    1000.00     46500    1000.00

03156    1000.00     08616    1000.00     14481    1000.00     20129    1000.00     26191    1000.00     31700    1000.00     35175    1000.00     40911    1000.00     46525    1000.00

03156    1000.00     08678    1000.00     14566CUARTO PREMIO   20160    1000.00     26198    1000.00     31789    1000.00     35181    1000.00     4094411  1M00IL0.00  46536    1000.00

03234    1000.00     08681    1000.00                          20173    1000.00     26278    1000.00     3183024  1M00IL0.00  35191    1000.00                          46597    1000.00

03308    1000.00     08714    1000.00                          20179    1000.00     26299    1000.00     32045    1000.00     35262    1000.00     41021    1000.00     46677    1000.00

03311    1000.00     08739    1000.00                          20182    1000.00     26544    1000.00     32048    1000.00     35262    1000.00     41180    1000.00     46781    1000.00

03368    1000.00     08805    1000.00     C$2L5E,0O0N0.00      20445    1000.00     26590    1000.00     32130    1000.00     35340    2000.00     41204    1000.00     46819    2000.00

03398    1000.00     08955    1000.00                          20483    1000.00     26598    1000.00                          35372    1000.00     41241    1000.00     4684473  1M00IL0.00

03484    1000.00     08956    1000.00                          20485    1000.00     26694    1000.00     32480TERCER PREMIO   35389    1000.00     41276    1000.00     47314    1000.00

03562    1000.00     0890698  1M00IL0.00  14722    1000.00     20546    1000.00     26866    1000.00                          35394    1000.00     41424    1000.00     47329    1000.00

03591    2000.00     09032    1000.00     14902    1000.00     20597    1000.00     2682876  1M00IL0.00                       35427    1000.00     41484    1000.00     47332    1000.00

03619    1000.00     09215    1000.00     1491952  1M00IL0.00  20700    1000.00                                               35509    1000.00     41668    1000.00     47335    1000.00

03730    1000.00     09310    1000.00     15094    1000.00     20801    1000.00     27188    1000.00                          35667    1000.00     41684    1000.00     47388    1000.00

03778    1000.00     09342    1000.00     15154    1000.00     2082418  1M00IL0.00  27214    1000.00     C$50,000.00          35733    1000.00     41799    1000.00     47431    1000.00

03913    1000.00     09345    1000.00     15162    2000.00                          27270    1000.00     MANAGUA              35868    1000.00     41816    1000.00     47544    1000.00

0390544  2M00IL0.00  09425    1000.00     15249    1000.00     21016    1000.00     27321    1000.00                          35924    1000.00     41828    1000.00     47626    1000.00

04026    2000.00     09453    1000.00     15254    1000.00     21140    1000.00     27373    1000.00     32506    1000.00     35943    1000.00     41850    1000.00     47672    1000.00

04151    1000.00     09871    1000.00     15306    1000.00     21184    1000.00     27417    2000.00     32536    1000.00     3593962  1M00IL0.00  41891    1000.00     47681    1000.00

04210    1000.00     09875    1000.00     15340    1000.00     21226    1000.00     27472    1000.00     32577    1000.00     36293    1000.00     41900    1000.00     47783    1000.00

04251    1000.00     09956    1000.00     15346    1000.00     21228    1000.00     27573    1000.00     32634    1000.00     36590    1000.00     41904    1000.00     47941    1000.00

04275    1000.00     0991700  1M00IL0.00  15502    1000.00     21228    1000.00     27625    1000.00     32647    1000.00     36613    1000.00     4194122  1M00IL0.00  4794883  1M00IL0.00

04331    1000.00                          15673    1000.00     21231    1000.00     27629    1000.00     32679    1000.00     36738    2000.00     42054    1000.00

04335    1000.00     10011    1000.00     15694    1000.00     21458    1000.00     27731    1000.00     32682    1000.00     36752    1000.00     42161    1000.00     48130    1000.00

04610    1000.00     10039    1000.00     15702    1000.00     21524    1000.00     27752    1000.00     32755    1000.00     36895    1000.00     42216    1000.00     48219    1000.00

04662    2000.00     10258    1000.00     15725    1000.00     21571    1000.00     27758    1000.00     32869    1000.00     36969    1000.00     42331    1000.00     48374    1000.00

04759    2000.00     10288    1000.00     15728    1000.00     21807    1000.00     27866    1000.00     3293031  1M00IL0.00  3693873  1M00IL0.00  42447    1000.00     48395    1000.00

04836    1000.00     10327    1000.00     15750    1000.00     21881    1000.00     27874    1000.00                                               42633    1000.00     48585    1000.00

04841    1000.00     10351    1000.00     15846    1000.00     21957    1000.00     27888    1000.00     33116    1000.00     37089    10,000.00   42679    1000.00     48729    1000.00

04865    1000.00     10511    2000.00     1591268  3M00IL0.00  21961    1000.00     2792884  3M00IL0.00  33147    1000.00     37130    1000.00     42729    1000.00     48734    1000.00

04895    15,000.00   10519    1000.00                          2192926  1M00IL0.00  28044    1000.00     33168    1000.00     37149    1000.00     42808    1000.00     48784    1000.00

04946    1000.00     10535    1000.00     16013    1000.00     22195    1000.00     28303    1000.00     33190    1000.00     37319    1000.00     42853    1000.00     4894192  1M00IL0.00

04965    1000.00     10540    1000.00     16090    1000.00     22437    1000.00     28356    1000.00     33243    1000.00     37351    3000.00     42867    1000.00     49083    1000.00

0490859  1M00IL0.00  10584    1000.00     16171    1000.00     22519    1000.00     28530    1000.00     33311    1000.00     37366    1000.00     42874    1000.00     49085    1000.00

                     10681    1000.00     16248    2000.00     22546    2000.00     28568    1000.00     33375    1000.00     37368    2000.00     4294330  1M00IL0.00  49349    1000.00

05009    1000.00     10873    1000.00     16306    1000.00     22631    1000.00     28596    1000.00     33636    1000.00     37582    1000.00                          49384    1000.00

05152    1000.00     1091214  1M00IL0.00  16340    1000.00     22739    1000.00     28609    1000.00     33642    1000.00     37594    1000.00     43012    1000.00     49385    1000.00

05193    1000.00     11018    1000.00     16412    3000.00     22863    1000.00     28672    1000.00     33770    1000.00     37776    1000.00     43096    1000.00     49426    1000.00

05255    1000.00     11039    1000.00     16591    1000.00     22874    1000.00     28714    1000.00     33811CUARTO PREMIO   3793487  1M00IL0.00  43142    1000.00     49604    1000.00

05365    1000.00     11091    1000.00     16604    1000.00     2292635  1M00IL0.00  28908    1000.00                                               43160    1000.00     49607    1000.00

05413    1000.00     11335    1000.00     16622    1000.00                          28942    1000.00                          38068    2000.00     43346    2000.00     49726    1000.00

05602    1000.00     11414    1000.00     16624    2000.00     23040    1000.00     2892790  1M00IL0.00  C$25,000.00          38131    1000.00     43452    1000.00     4995604  1M00IL0.00

05737    1000.00     11518    1000.00     16676    2000.00     23310    1000.00                          GRANADA              38141    1000.00     43459    1000.00

05756    1000.00     11575    2000.00     16685    1000.00     23363    1000.00     29026    1000.00                          38222SEGUNDO         43527    1000.00     50181    1000.00

05766    1000.00     11602    1000.00     16812    1000.00     23481    1000.00     29071    1000.00     33900    1000.00     PREMIO               43534    1000.00     50217    1000.00

05856    1000.00     11760    1000.00     16858    1000.00     23508    1000.00     29109    1000.00     3393142  1M00IL0.00                       43600    1000.00     50341    1000.00

05871    1000.00     11832    1000.00     16875    1000.00     23644    1000.00     29146    1000.00     34048    1000.00                          43646    2000.00     50464    1000.00

05954    1000.00     11837    1000.00     16875    1000.00     23760    1000.00     29307    10,000.00   34108    3000.00                          4384444  1M00IL0.00  50504    1000.00

0590862  1M00IL0.00  11904    1000.00     16944    1000.00     23824    1000.00     29447    1000.00     34218    1000.00                                               50614    1000.00

06030    1000.00     1191502  1M00IL0.00  1691578  1M00IL0.00  23835    1000.00     29459    1000.00     34251    1000.00     C$300,000.00         44045    1000.00     50808    1000.00

06059    1000.00                          17038    2000.00     2392047  1M00IL0.00  29494    1000.00     34458    1000.00                          44168    1000.00     50928    1000.00

06156    1000.00     12177    1000.00     17053    1000.00                          29510    2000.00     34491    1000.00     MASAYA               44186    1000.00     50938    1000.00

06193    1000.00     12210    1000.00     17067    1000.00     24293    1000.00     29528    1000.00     34535    1000.00                          44194    1000.00     50943    1000.00

06213    1000.00     12302    1000.00     17185    1000.00     24392    1000.00     29564    1000.00     34562    1000.00     38316    1000.00     44242    1000.00     50971    1000.00

06292    1000.00     12323    1000.00     17382    1000.00     24398    1000.00     29807    1000.00     34671    1000.00     38331    1000.00     44288    1000.00     50982    1000.00

                                                                                                                              38337    1000.00     44362    1000.00

NOTA: LOS BILLETES TERMINADOS EN 5027 GANAN C$4,800.00, LOS TERMINADOS EN 027 GANAN C$2,400.00, LOS TERMINADOS EN 27 GANAN

C$1,200.00, LOS TERMINADOS EN 7 GANAN C$600.00. TODOS LOS NUMEROS DE LA PRESENTE LISTA Y QUE A LA VEZ TENGAN TERMINACIONES

DEL PREMIO MAYOR TIENEN DERECHO AL PREMIO Y A LA TERMINACION. SE EXCEPTUA AL PREMIO MAYOR EN TODAS LAS TERMINACIONES.

         ESTA LISTA ES GRATIS · VISITE WWW.LOTERIANACIONAL.COM.NI
