                                                                        SORTEO ORDINARIO Nº 1474

                                                                                                                                                            MANAGUA

                                                               3,500,000Córdobas                                                                            11 DE AGOSTO

                                                                                                                                                                        2009

                                                                                                                                                            CADUCIDAD

                                                                                                                                                            19 DE NOVIEMBRE

                                                                                                                                                                        2009

                                                                                                                                                            LISTA OFICIAL

01       MIL         07       MIL         12705    1000.00     16474    1000.00     22209    1000.00     28039    1000.00     34034    2000.00     40030    3000.00     44664    1000.00

01089    1000.00     07040    1000.00     12731    1000.00     16745    1000.00     22765    1000.00     28113    3000.00     34059    1000.00     40078    1000.00     44728    1000.00

01119    1000.00     07181    1000.00     12845    3000.00     16768    1000.00     22872    1000.00     28323    1000.00     34116    1000.00     40081    1000.00     44900    1000.00

01346    1000.00     07198    1000.00     12911    1000.00     16826    1000.00     2282938  1M00IL0.00  28482    1000.00     34190    1000.00     40357    1000.00     4494856  1M00IL0.00

01430    1000.00     07216    1000.00     12916    1000.00     16885    1000.00     23044    1000.00     28649    1000.00     34349    1000.00     40391    1000.00     45364    1000.00

01436    1000.00     07313    1000.00     1291532  1M00IL0.00  16904    2000.00     23213    1000.00     28807    1000.00     34387    1000.00     40477    1000.00     45435    1000.00

01461    2000.00     07386    1000.00     13184    2000.00     1691879  1M00IL0.00  23232    2000.00     28948    1000.00     34392    1000.00     40511    1000.00     45579    1000.00

01853    1000.00     07428    1000.00     13208    1000.00     17094    1000.00     23278    1000.00     28960    2000.00     34591    1000.00     40519    1000.00     45768    1000.00

0180824  1M00IL0.00  07462    1000.00     13237    1000.00     17292    1000.00     23278    1000.00     2892792  1M00IL0.00  34676    1000.00     40547    1000.00     45862    1000.00

02182    1000.00     07610    1000.00     13330    1000.00     17429    1000.00     23294    1000.00     29099    1000.00     34759    1000.00     40608    1000.00     45881    1000.00

02320    1000.00     0770681  1M00IL0.00  13491    2000.00     17571    1000.00     23385    1000.00     29228    1000.00     34771    1000.00     40616    1000.00     45889    1000.00

02375    2000.00     08065    1000.00     13497    1000.00     17750    1000.00     23516    1000.00     29249    1000.00     34783    1000.00     40663    1000.00     45924    1000.00

02398    1000.00     08098    1000.00     13583    1000.00     17769    1000.00     23569    1000.00     29308    1000.00     3473954  1M00IL0.00  40853    1000.00     45925    1000.00

02406    1000.00     08561    1000.00     13675    1000.00     1791086  1M00IL0.00  23581    1000.00     29312    1000.00     35000    1000.00     40864    1000.00     4594663  1M00IL0.00

02605    1000.00     08587    1000.00     13709    1000.00                          23663    1000.00     29320    1000.00     35114    1000.00     4094313  1M00IL0.00

02607    1000.00     08592    2000.00     1371545  1M00IL0.00  18136    1000.00     23677    1000.00     29329    1000.00     35382    1000.00     41144    1000.00     46047    1000.00

02686    1000.00     08597    1000.00                          18259    1000.00     23803    1000.00     29376    1000.00     35492    1000.00     41147    1000.00     46279    1000.00

02811    1000.00     08682    1000.00     14074    1000.00     18263    1000.00     23858    1000.00     29450    1000.00     35715    1000.00     41233    1000.00     46344    1000.00

02817    1000.00     08840    1000.00     14074    1000.00     18459    1000.00     23919    2000.00     29554    1000.00     35774    1000.00     41336    1000.00     46385    1000.00

02992    1000.00     08967    1000.00     14078    1000.00     18804    1000.00     2392642  1M00IL0.00  29561    1000.00     35811    2000.00     41341    1000.00     46514    2000.00

0290936  1M00IL0.00  0890790  1M00IL0.00  14097    1000.00     18897    1000.00                          29674    1000.00     35813    2000.00     41401    1000.00     46653    1000.00

                                          14113    1000.00     1881999  1M00IL0.00  24072    1000.00     29718    1000.00     35868    1000.00     41434    1000.00     46789    1000.00

03073    1000.00     09055    1000.00     14138    1000.00     19082    1000.00     24144    1000.00     29754    1000.00     35898    1000.00     41485    1000.00     46972    1000.00

03150    1000.00     09066    1000.00     14175    1000.00     19270    1000.00     24263    1000.00     29845    1000.00     3593762  1M00IL0.00  41529    1000.00     4694973  1M00IL0.00

03200    1000.00     09310    1000.00     14277    1000.00     19431    1000.00     24275    1000.00     2993805  1M00IL0.00                       41550    1000.00     47018    1000.00

03254    1000.00     09379    2000.00     14282    1000.00     19490    1000.00     24305    1000.00                          36005    1000.00     41557    1000.00     47038    1000.00

03360    1000.00     09428    1000.00     14440    1000.00     19494    1000.00     24315    1000.00     30032    1000.00     36064    1000.00     41560    1000.00     47122    1000.00

03429    1000.00     09475    1000.00     14458    1000.00     19553    1000.00     24318    1000.00     30072    1000.00     36092    1000.00     41585    1000.00     47184    1000.00

03460    1000.00     09510    1000.00     14530    1000.00     19660    1000.00     24488    1000.00     30509    1000.00     36318    1000.00     41632    1000.00     47379    1000.00

03480    1000.00     09565    1000.00     14543    1000.00     19709    1000.00     24501    2000.00     30520    1000.00     36319    2000.00     41701    1000.00     47380    1000.00

03497    1000.00     09659    2000.00     14581    1000.00     19782    1000.00     24525    1000.00     30538    1000.00     36390    1000.00     41848    1000.00     47395    1000.00

03525    1000.00     09703    1000.00     14709    1000.00     19825    1000.00     24534    2000.00     30552    1000.00     36395    1000.00     41850    1000.00     47397    1000.00

03563    1000.00     09731    1000.00     14893    1000.00     19827    1000.00     24585    1000.00     30630    1000.00     36427    1000.00     41889    1000.00     47474    1000.00

03741    1000.00     09794    1000.00     14991    1000.00     19970    1000.00     24704    1000.00     30709    1000.00     36456    1000.00     41903    1000.00     47515    2000.00

03746    1000.00     09815    1000.00     1491953  1M00IL0.00  1992707  1M00IL0.00  24815    1000.00     30765    1000.00     36462    1000.00     41962    1000.00     47527    1000.00

03843    1000.00     09916    1000.00     15103    1000.00                          2492956  1M00IL0.00  30803    10,000.00   36553    1000.00     4194924  1M00IL0.00  47565    1000.00

03895    1000.00     09928    1000.00     15112    1000.00                          25037    1000.00     3083110  1M00IL0.00  36660    1000.00                          47599    1000.00

03932    1000.00     0991609  1M00IL0.00  15122    1000.00     20049SEGUNDOPREMIO   25120    2000.00     31042    1000.00     36662    1000.00     42025    1000.00     47718    1000.00

03945    1000.00     10063    1000.00     15140    1000.00                          25186    2000.00     31104    1000.00     36673    1000.00     42144    1000.00     47842    1000.00

0390640  1M00IL0.00  10121    1000.00     15178    1000.00                          25404    1000.00     31161    1000.00     36826    1000.00     42174    1000.00     47854    1000.00

04040    1000.00     10135    1000.00     15310    1000.00                          25495    1000.00     31170    1000.00     3693117  1M00IL0.00  42184TERCER PREMIO   47873QUINTO PREMIO

04104    1000.00     10139    1000.00     15316    1000.00     C$300,000.00         25498    1000.00     31193    1000.00     37007    1000.00

04113    1000.00     10198    1000.00     15412    1000.00                          25502    1000.00     31252    1000.00     37022    1000.00                          C$20,000.00

04186    1000.00     10207    1000.00     15512    1000.00     JINOTEPE             25505    1000.00     31254    2000.00     37116    1000.00                                LEON

04205    1000.00     10299    1000.00     15559    1000.00     20049    1000.00     25517    1000.00     31288    1000.00     37370    1000.00     C$50,000.00          48       MIL

04323    1000.00     10376    1000.00     15588    1000.00     20112    1000.00     25518    1000.00     31582    1000.00     37493    1000.00

04324    3000.00     10400    1000.00     15617    1000.00     20117    1000.00     25597    1000.00     31583    1000.00     37496    1000.00     RIVAS                48029    1000.00

04342    1000.00     10479    1000.00     15643    1000.00     20252    1000.00     25626    1000.00     31591    1000.00     37617    1000.00                          48160    1000.00

04366    1000.00     10494    1000.00     15650    1000.00     20476    1000.00     25631    1000.00     31657    1000.00     3763487  2M00IL0.00  42184    1000.00     48307    2000.00

04433    1000.00     10524    1000.00     15710    1000.00     20478    1000.00     25632    1000.00     31698    1000.00     38099    1000.00     42308    1000.00     48627    1000.00

04446    1000.00     10584    1000.00     15794    1000.00     20494    1000.00     25719    1000.00     31853    1000.00     38132    1000.00     42335    1000.00     48647    1000.00

04503    1000.00     10656    1000.00     15888    1000.00     20790    1000.00     25779    1000.00     31897    2000.00     38273    1000.00     42386    1000.00     48754    1000.00

04596    1000.00     10707    1000.00     15926    1000.00     20861    1000.00     25860CUARTO PREMIO   3183927  1M00IL0.00  38345    1000.00     42412    1000.00     48853    2000.00

04602    1000.00     10763    1000.00     15927    1000.00     20924    1000.00                          32022    1000.00     38350    1000.00     42421    1000.00     48856    1000.00

04609    1000.00     10769    3000.00     15928    1000.00     2092912  1M00IL0.00                       32158    1000.00     38404    1000.00     42496    1000.00     4894199  1M00IL0.00

04613    1000.00     10888    1000.00     15928    2000.00                                               32177    1000.00     38576    1000.00     42513    1000.00     49019    1000.00

04760    1000.00     10926    1000.00     PREMIO               21051    1000.00     C$25,000.00          32208    2000.00     38766    1000.00     42581    1000.00     49042    1000.00

04821    1000.00     10946    2000.00     15929MAYOR           21056    1000.00     MANAGUA              32231    1000.00     38774    1000.00     42758    1000.00     49089    1000.00

04853    1000.00     10978    1000.00                          21074    1000.00                          32289    2000.00     38931    1000.00     42773    1000.00     49095    1000.00

0480850  1M00IL0.00  1091911  1M00IL0.00                       21148    1000.00     2592660  1M00IL0.00  32378    1000.00     3893498  1M00IL0.00  4294130  1M00IL0.00  49166    1000.00

05000    1000.00     11017    1000.00                          21189    1000.00     26008    2000.00     32429    1000.00                          43441    1000.00     49184    10,000.00

05040    1000.00     11280    1000.00                          21245    1000.00     26199    1000.00     32488    1000.00     39080    1000.00     43486    1000.00     49187    1000.00

05058    1000.00     11332    1000.00                          21321    1000.00     26264    1000.00     32515    1000.00     39099    1000.00     43522    1000.00     49224    1000.00

05169    2000.00     11365    1000.00                          21355    1000.00     26269    1000.00     32559    1000.00     39114    1000.00     43646    1000.00     49228    1000.00

05260    1000.00     11474    1000.00     C$ 3,500,000.00      21448    1000.00     26321    1000.00     32612    1000.00     39241    2000.00     43664    1000.00     49241    1000.00

05687    1000.00     11553    1000.00                          21505    1000.00     26345    1000.00     32613    1000.00     39254    1000.00     43682    1000.00     49297    1000.00

05723    1000.00     11575    1000.00                          21720    1000.00     26393    1000.00     32625    1000.00     39267    1000.00     4384842  1M00IL0.00  49500    1000.00

05787    1000.00     11615    1000.00     VENDIDO POR EL       21756CUARTO PREMIO   26464    1000.00     32811    1000.00     39282    1000.00                          49570    3000.00

05893    1000.00     11620    1000.00     CONCESIONARIO E-796                       26674    1000.00     32888    1000.00     39437    1000.00     44116    1000.00     49573    1000.00

05904    1000.00     1181602  1M00IL0.00  JOSE RAFAEL                               2672473  1M00IL0.00  32891    2000.00     39454    1000.00     44178    1000.00     49756    1000.00

05915    1000.00                          RODRIGUEZ BLANDON                                              3293133  1M00IL0.00  39469    1000.00     44521    1000.00     4985103  1M00IL0.00

05964    1000.00     12006    1000.00     MANAGUA              CM$2A5N,0A0G0U.0A0   27035    1000.00                          39510    1000.00     44555    1000.00

0590760  1M00IL0.00  12089    1000.00                                               27101    1000.00     33087    1000.00     39568    1000.00     44608    1000.00     50049    2000.00

                     12189    1000.00     15930    2000.00                          27195    1000.00     33090    1000.00     39571    1000.00     44636TERCER PREMIO   50094    1000.00

06132    1000.00     12242    1000.00     15931    1000.00     21778    1000.00     27406    1000.00     33113    1000.00     39758    3000.00                          50137    1000.00

06215    1000.00     12275    1000.00     15932    1000.00     21795    1000.00     27421    1000.00     33236    1000.00     39772    1000.00                          50265    1000.00

06270    1000.00     12346    1000.00     1591668  1M00IL0.00  21857    1000.00     27456    1000.00     33411    1000.00     39829    1000.00                          50328    1000.00

06287    1000.00     12398    1000.00                          2192628  1M00IL0.00  27490    2000.00     33464    1000.00     39899    1000.00                          50495    1000.00

06307    1000.00     12399    1000.00     16097    1000.00     22022    1000.00     27614    1000.00     33588    1000.00     39940    1000.00     C$50,000.00          50606    15,000.00

06400    1000.00     12418    1000.00     16165    1000.00     22092    1000.00     2772281  1M00IL0.00  33779    1000.00     39983    1000.00                          50695    1000.00

06494    1000.00     12516    1000.00     16257    1000.00     22110    1000.00     28030    1000.00     3383847  1M00IL0.00  3994902  1M00IL0.00  JINOTEGA             50825    1000.00

06919    1000.00     12608    1000.00     16380    1000.00                                                                                                              50924    1000.00

NOTA: LOS BILLETES TERMINADOS EN 5929 GANAN C$4,800.00, LOS TERMINADOS EN 929 GANAN C$2,400.00, LOS TERMINADOS EN 29 GANAN

C$1,200.00, LOS TERMINADOS EN 9 GANAN C$600.00. TODOS LOS NUMEROS DE LA PRESENTE LISTA Y QUE A LA VEZ TENGAN TERMINACIONES

DEL PREMIO MAYOR TIENEN DERECHO AL PREMIO Y A LA TERMINACION. SE EXCEPTUA AL PREMIO MAYOR EN TODAS LAS TERMINACIONES.

         ESTA LISTA ES GRATIS · VISITE WWW.LOTERIANACIONAL.COM.NI
