                                                                        SORTEO ORDINARIO Nº 1476

                                                                                                                                                            MANAGUA

                                                               6,000,000Córdobas                                                                            25 DE AGOSTO

                                                                                                                                                                        2009

                                                                                                                                                            CADUCIDAD

                                                                                                                                                            3 DE DICIEMBRE

                                                                                                                                                                        2009

                                                                                                                                                            LISTA OFICIAL

01       MIL         05728    1000.00     11033    1000.00     17226    1000.00     22582    1000.00     28862    3000.00     33885    1000.00     39506    1000.00     45462    1000.00

01066    1000.00     0580969  1M00IL0.00  11140    1000.00     17434    1000.00     2262933  1M00IL0.00  28914    1000.00     33915    1000.00     39519    1000.00     45462    1000.00

01245    1000.00     06059    1000.00     11248    1000.00     17505    1000.00     23095    1000.00     28915    1000.00     3393841  1M00IL0.00  39604    1000.00     45490    1000.00

01294    1000.00     06136    1000.00     11327    1000.00     17535    1000.00     23139    1000.00     28947    1000.00     34118    1000.00     39700    1000.00     45543    1000.00

01328    1000.00     06298    1000.00     11539    1000.00     17546    1000.00     23186    1000.00     2892597  1M00IL0.00  34277    1000.00     39733    1000.00     45547    1000.00

01396    1000.00     06366    1000.00     11591    1000.00     17547    1000.00     23195    1000.00     29169    1000.00     34324    1000.00     39825    1000.00     45605    2000.00

01467    1000.00     06434    1000.00     11591    1000.00     17664    1000.00     23198    1000.00     29182    1000.00     34560    1000.00     39952    1000.00     45619    1000.00

01484    1000.00     06447    1000.00     11795    1000.00     17681    1000.00     23237    1000.00     29278    1000.00     34580    1000.00     39977    1000.00     45675    1000.00

01699    1000.00     06450    1000.00     11811    1000.00     17892    2000.00     23285    1000.00     29310    3000.00     34631    2000.00     3994804  1M00IL0.00  45704    1000.00

01714    1000.00     06453    1000.00     11868    1000.00     1791786  1M00IL0.00                       29325    1000.00     34663    1000.00     40072    1000.00     45767    1000.00

01728    1000.00     06513    3000.00     11894    1000.00     18020    1000.00     PREMIO23589SEGUNDO   29553    10,000.00   34843    1000.00     40129    1000.00     45924    1000.00

01735    3000.00     06611    1000.00     1191882  1M00IL0.00  18058    1000.00                          29601    1000.00     3493851  1M00IL0.00  40132    1000.00     45985    1000.00

01849    1000.00     06669    1000.00     12021    1000.00     18099    1000.00                          29633    1000.00                          40215    1000.00     4594966  1M00IL0.00

01872    1000.00     06681    1000.00     12028    1000.00     18104    1000.00                          29700    1000.00     35001    1000.00     40219    1000.00     46053    1000.00

0190929  1M00IL0.00  06838    1000.00     12111    1000.00     18333    1000.00                          29792    1000.00     35013    1000.00     40319    1000.00     46140    1000.00

02026    1000.00     06843    1000.00     12177    1000.00     18418    2000.00     C$300,000.00         29836    1000.00     35084    1000.00     40487    1000.00     46150    1000.00

02082    1000.00     0690770  1M00IL0.00  12214    1000.00     18504    1000.00     GRANADA              29916    1000.00     35186    1000.00     40510    2000.00     46433    1000.00

02184    1000.00                          12417    1000.00     18517    1000.00                          2993206  1M00IL0.00  35282    1000.00     40527    1000.00     46513    1000.00

02213    1000.00     07177    1000.00     12560    1000.00     18641    1000.00     23660    1000.00                          35384    1000.00     40630    1000.00     46656    1000.00

02247    1000.00     07268    1000.00     12607    1000.00     18666    1000.00     23671    1000.00     30034    1000.00     35386    1000.00     40667    1000.00     46702    1000.00

02279    1000.00     07293    1000.00     12685    1000.00     18808    1000.00     23740    1000.00     30129    1000.00     35431    1000.00     40735    1000.00     46752    1000.00

02305    2000.00     07372    1000.00     12760    1000.00     18926    2000.00     23764    1000.00     30144    1000.00     35491    1000.00     40741    1000.00     46752    1000.00

02305    1000.00     07448    1000.00     12807    1000.00     18985    1000.00     23772    2000.00     30317    1000.00     35536    1000.00     40833    1000.00     46754    1000.00

02307    1000.00     07861    1000.00     12936    1000.00     1891991  1M00IL0.00  23779    1000.00     30587    1000.00     35564    1000.00     4084512  1M00IL0.00  46945    1000.00

02453    1000.00     07864    1000.00     1291532  1M00IL0.00                       2382340  1M00IL0.00  30631    1000.00     35567    1000.00                          4694874  1M00IL0.00

02493    1000.00     07907    1000.00                          19136    1000.00                          30710    1000.00     35670    1000.00     41096    1000.00

02545    1000.00     07911    1000.00     13118    1000.00     19144    1000.00     24202    1000.00     30724    1000.00     35806    1000.00     41182    1000.00     47295    2000.00

02545    1000.00     0790986  1M00IL0.00  13197    1000.00     19156    1000.00     24212    1000.00     30764    1000.00     35877    2000.00     41212    1000.00     47305    1000.00

02553    1000.00     08087    1000.00     13214    1000.00     19279    1000.00     24375    1000.00     30830    1000.00     3593468  1M00IL0.00  41250    1000.00     47331    1000.00

02624    1000.00     08111    2000.00     13239    2000.00     19464    1000.00     24556    1000.00     3093111  1M00IL0.00  36105    1000.00     41281    1000.00     47396    1000.00

02665    1000.00     08241    1000.00     13319    1000.00     19548    1000.00     24689    1000.00     31006    1000.00     36189    1000.00     41358    1000.00     47485    1000.00

02702    1000.00     08241    1000.00     13338    1000.00     19646    1000.00     24915    1000.00     31016    1000.00     36212    1000.00     41378    1000.00     47530    1000.00

02750    1000.00     08410    1000.00     13498    1000.00     19743    1000.00     24936    1000.00     31137    1000.00     36249    1000.00     41397    1000.00     47538    1000.00

02758    1000.00     08592    1000.00     13593    1000.00     19782    1000.00     2492850  1M00IL0.00  31201    3000.00     36285    1000.00     41540    1000.00     47550    1000.00

02767    1000.00     08633    1000.00     13622    1000.00     19790    1000.00     25058    1000.00     31291    1000.00     36347    1000.00     41613    1000.00     47711    2000.00

02828    1000.00     08710    1000.00     13633    1000.00     19918    1000.00     25106    1000.00     31380    1000.00     36402    1000.00     41679    1000.00     47775    2000.00

02907    2000.00     0890094  1M00IL0.00  13633    1000.00     19919    1000.00     25580    1000.00     31468    1000.00     36415    1000.00     41731    1000.00     47808    1000.00

02939    1000.00                          13667    2000.00     19962    1000.00     25663    1000.00                          36512    1000.00     41733    1000.00     47810    1000.00

0290533  1M00IL0.00  09235    1000.00     13695    1000.00     1992909  1M00IL0.00  25743    1000.00     31497TERCER PREMIO   36518    1000.00     4184725  1M00IL0.00  47848    1000.00

03014    1000.00     09240    1000.00     1371542  1M00IL0.00  20049    1000.00     25767    1000.00                          3663372  1M00IL0.00  42018    1000.00     4784583  1M00IL0.00

03133CUARTO PREMIO   09438    2000.00     14010    1000.00     20150    1000.00     25792    1000.00                                               42077    1000.00     48005    2000.00

                     09458    1000.00     14244    1000.00     20161    1000.00     2592163  1M00IL0.00                       37039    1000.00     42211    2000.00     48131    2000.00

                     09557    1000.00     14249    1000.00     20187    1000.00                          C$50,000.00          37096    1000.00     42337    1000.00     48164    1000.00

                     09619    1000.00     14254    1000.00     20515    1000.00     26014    1000.00                          37136    1000.00     42338    1000.00     48173    1000.00

C$G2R5A,N00A0D.A00   0991205  1M00IL0.00  14276    1000.00     20534    1000.00     26019    1000.00     JUIGALPA             37156    1000.00     42375    1000.00     48185    1000.00

                     10288    1000.00     14328    1000.00     20542    2000.00     26109    1000.00                          37160    2000.00     42507    1000.00     48223    1000.00

                     10299    1000.00     14410    1000.00     20565    1000.00     26145    1000.00     31545    1000.00     37218    1000.00     42511    1000.00     48292    1000.00

03283    1000.00     10407    1000.00     14478    1000.00     20605    1000.00     26145    1000.00     31604    1000.00     37287    2000.00     42572    1000.00     48424    1000.00

03354    1000.00     10503    1000.00     14541    1000.00     20615    1000.00     26164    1000.00     31630    1000.00     37346    1000.00     42760    1000.00     48445    1000.00

03484    1000.00     10551    1000.00     14617    1000.00     20775    1000.00     26193    1000.00     31679    2000.00     37356    1000.00     42771    1000.00     48452    1000.00

03489    1000.00     10722    1000.00     14822    3000.00     2082016  1M00IL0.00  26280    1000.00     31986    1000.00     37369    2000.00     42804    1000.00     48596    2000.00

03490    1000.00     10736    1000.00     1491458  1M00IL0.00                       26290    1000.00     3193920  1M00IL0.00  37386    1000.00     42868    1000.00     4864499  1M00IL0.00

03603    1000.00     10786    1000.00                          21012    1000.00     26309    1000.00                          37411    1000.00     4294538  1M00IL0.00

03638    1000.00     10853    1000.00     15020    2000.00     21231    1000.00     26485    3000.00     32092    1000.00     37466    1000.00                          49115    1000.00

0370745  1M00IL0.00  10968    1000.00     15105    1000.00     21287    1000.00     26569    1000.00     32196    1000.00     37577    1000.00     43110    1000.00     49134    1000.00

                     10983    1000.00     15354    1000.00     21360    1000.00     2662070  1M00IL0.00  32210    1000.00     37655    1000.00     43129    1000.00     49318    1000.00

04038    1000.00     10997    1000.00     15394    1000.00     21519    1000.00     27027    1000.00     32355    1000.00     37713    1000.00     43199    1000.00     49362    1000.00

04216    1000.00     10998    1000.00     15409    1000.00     21596    1000.00     27029    1000.00     32402    1000.00     37732    1000.00     43239    1000.00     49374    1000.00

04245    1000.00     1091919  2M00IL0.00  15437    1000.00     21642    2000.00     27080    1000.00     32442    1000.00     3783682  1M00IL0.00  43251    1000.00     49420    1000.00

04416    1000.00                          15450    1000.00     21801    1000.00     27090    1000.00     32518    1000.00     38002    1000.00     43253    1000.00     49465    1000.00

04466    1000.00                          15818    1000.00     21801    1000.00     27165    1000.00     32563    1000.00     38061    1000.00     43642    1000.00     49491    1000.00

04545    1000.00     PREMIO               1591369  1M00IL0.00  21824    2000.00     27175    1000.00     32574    1000.00     38071    1000.00     43696    1000.00     49530    1000.00

04589    1000.00     11000MAYOR           16016    1000.00     2182724  1M00IL0.00  27187    1000.00     32586    1000.00     38219    1000.00     43811    1000.00     49638    1000.00

04602    1000.00                          16039    1000.00     22051    1000.00     27207    1000.00     32837    15,000.00   38331    1000.00     43915    1000.00     49718    1000.00

04630    1000.00                          16043    1000.00     22156    1000.00     27521    1000.00     3293037  1M00IL0.00  38453    2000.00     4394149  1M00IL0.00  49783    1000.00

04647    1000.00                          16062    1000.00     22164    1000.00     27529    1000.00     33176    1000.00     38475    1000.00     44048    1000.00     49925    1000.00

04657    1000.00                          16130    1000.00     22233    1000.00     27535    1000.00     33271    1000.00     38490    1000.00     44158    1000.00     4995408  1M00IL0.00

04670    1000.00                          16247    1000.00     22239    1000.00     27559    1000.00     33307    1000.00     38504    1000.00     44217    1000.00     50072    1000.00

04709    1000.00                          16251    1000.00     22306    1000.00     27802    1000.00     33307    1000.00     38587    1000.00     44458    1000.00     50160    1000.00

04821    1000.00                          16436    1000.00     22308    1000.00     27899    1000.00     33361    1000.00     38601    1000.00     44519    1000.00     50198    1000.00

0490656  1M00IL0.00  C$ 6,000,000.00      16514    2000.00     22350    1000.00     2792489  1M00IL0.00  33365    1000.00     38614    1000.00     44606    2000.00     50225    1000.00

05095    1000.00                          16539    1000.00     22402TERCER PREMIO   28060    1000.00     33367    1000.00     38658    1000.00     44704    1000.00     50271    1000.00

05185    1000.00     VENDIDO POR EL       16747    1000.00                          28236    2000.00     33603    1000.00     38672    1000.00     44714    1000.00     50290    1000.00

05252    1000.00     CONCESIONARIO F-022  16771    10,000.00                        28305    1000.00     33667    1000.00     38694    1000.00     44787    1000.00     50305    1000.00

05410    1000.00     EMILIO ALBERTO       16786    1000.00                          28314    1000.00     33809CUARTO PREMIO   38727    1000.00     44873    1000.00     50355    1000.00

05460    1000.00     HERRERA FLORES       16816    1000.00                          28338    1000.00                          38803    1000.00     4484959  1M00IL0.00  50683QUINTO PREMIO

05493    2000.00     ESTELI               16935    1000.00     C$50,000.00          28475    2000.00                          38874    1000.00     45090    1000.00

05593    1000.00                          16961    1000.00                                                                    38881    1000.00                          C$20,000.00
                                                                                                                                                                        MANAGUA
05595    1000.00                          1691672  1M00IL0.00  MANAGUA              28634    1000.00     C$25,000.00          3893119  1M00IL0.00  45119    1000.00

05641    1000.00     11001    2000.00                                               28779    1000.00     MANAGUA                                   45128    1000.00     50698    1000.00

05671    1000.00     11002    1000.00     17209    1000.00     22496    1000.00     28793    1000.00                          39223    1000.00     45259    1000.00     50835    1000.00

05722    1000.00     11003    1000.00     17215    1000.00     22572    1000.00     28852    1000.00     33824    1000.00     39305    1000.00     45260    1000.00     50866    1000.00

NOTA: LOS BILLETES TERMINADOS EN 1000 GANAN C$4,800.00, LOS TERMINADOS EN 000 GANAN C$2,400.00, LOS TERMINADOS EN 00 GANAN

C$1,200.00, LOS TERMINADOS EN 0 GANAN C$600.00. TODOS LOS NUMEROS DE LA PRESENTE LISTA Y QUE A LA VEZ TENGAN TERMINACIONES

DEL PREMIO MAYOR TIENEN DERECHO AL PREMIO Y A LA TERMINACION. SE EXCEPTUA AL PREMIO MAYOR EN TODAS LAS TERMINACIONES.

         ESTA LISTA ES GRATIS · VISITE WWW.LOTERIANACIONAL.COM.NI
