                                                                        SORTEO ORDINARIO Nº 1477

                                                                                                                                                                    MANAGUA

                                                               3,500,000Córdobas                                                                            1 DE SEPTIEMBRE

                                                                                                                                                                           2009

                                                                                                                                                                CADUCIDAD

                                                                                                                                                            10 DE DICIEMBRE

                                                                                                                                                                           2009

                                                                                                                                                            LISTA OFICIAL

01       MIL         05756    1000.00     11786    1000.00     17559    1000.00     23909    2000.00     30186    1000.00     34880    1000.00     40132    1000.00        44855    1000.00

01022    1000.00     05899    1000.00     11786    1000.00     17565    1000.00     2392841  2M00IL0.00  30308    1000.00     3493853  1M00IL0.00  40135    1000.00        4484851  1M00IL0.00

01068    1000.00     05958    1000.00     11825    2000.00     17833    1000.00     24012    1000.00     30415    1000.00     35268    1000.00     40286    1000.00        45113    1000.00

01073    1000.00     05978    1000.00     11861    1000.00     17897    1000.00     24059    1000.00     30422    1000.00     35273    1000.00     40388    1000.00        45152    1000.00

01142    1000.00     0590867  1M00IL0.00  11877    1000.00     17945    1000.00     24093    1000.00     30524    1000.00     35298    1000.00     40419    1000.00        45266    1000.00

01204    1000.00     06037    1000.00     1191652  1M00IL0.00  17953    10,000.00   24272    1000.00     30527    2000.00     35379    1000.00     40443    1000.00        45318    1000.00

01379    1000.00     06064    1000.00     12066    1000.00     1791588  1M00IL0.00  24427    1000.00     3093411  1M00IL0.00  35382    1000.00     40497    1000.00        45535    1000.00

01543    1000.00     06199    1000.00     12224    1000.00     18059    1000.00     24547    2000.00     31114    1000.00     35461    1000.00     40803    1000.00        45553    1000.00

01590SEGUNDO         06505    1000.00     12347    1000.00     18193    1000.00     24670    1000.00     31312    2000.00     35477    1000.00     40898    1000.00        45567    1000.00

PREMIO               06575    1000.00     12397    15,000.00   18295    1000.00     2492357  2M00IL0.00  31566    1000.00     35499    1000.00     40945    1000.00        45658    1000.00

                     06614    1000.00     12513    1000.00     18309    1000.00                          31602    1000.00     35526    1000.00     4094819  1M00IL0.00     45664    1000.00

                     06675    1000.00     12724    1000.00     18425    1000.00     25002    1000.00     31622    1000.00     35684    1000.00     41005    1000.00        45665    1000.00

                     06777    1000.00     1271933  2M00IL0.00  18541    1000.00     25118    1000.00     31725    1000.00     3573969  1M00IL0.00  41006    3000.00        45786    1000.00

C$300,000.00         06788    1000.00                          18551    1000.00     25118    1000.00     31761    1000.00                          41158    1000.00        45823    1000.00

BLUEFIELDS           06883    1000.00     13015    1000.00     18580    1000.00     25142    1000.00     31819    1000.00     36171    1000.00     41339    1000.00        4584369  1M00IL0.00

                     06898TERCER PREMIO   13052    1000.00     18644    1000.00     25410    1000.00     31871    1000.00     36249    1000.00     41407    1000.00

01634    1000.00                          13063    1000.00     18655    1000.00     25463    1000.00     31910    1000.00     36429    1000.00     41464    1000.00        46158    1000.00

01647    1000.00                          13378    1000.00     18745    1000.00     25472    1000.00     3193728  1M00IL0.00  36478    1000.00     41882    1000.00        46264    1000.00

01755    1000.00                          13395    1000.00     18802    1000.00     25556    1000.00                          36483    1000.00     41937    1000.00        46300    1000.00

01810    1000.00                          13408    1000.00     1881594  1M00IL0.00  25569    1000.00     32178    1000.00     36635    1000.00     41959    2000.00        46312    1000.00

0190829  2M00IL0.00  C$50,000.00          13490    1000.00                          25678    1000.00     32178    1000.00     36650    1000.00     4194724  1M00IL0.00     46627    1000.00

                                          13571    1000.00     19228    1000.00     25696    1000.00     32180    1000.00     36667    1000.00                             46654    1000.00

02005    1000.00     MANAGUA              1371943  1M00IL0.00  19329    1000.00     25790    1000.00     32203    1000.00     36708    1000.00     42012    1000.00        4684675  1M00IL0.00

02059    1000.00                          14128    2000.00     19338    1000.00     2582664  1M00IL0.00  32210    1000.00     36722    1000.00     42186    1000.00        47106    1000.00

02070    1000.00     06910    1000.00     14223    1000.00     19360    1000.00     26058    2000.00     32250    1000.00     36772    1000.00     42194    1000.00        47107    1000.00

02120    1000.00     06941    1000.00     14243    1000.00     19544    1000.00     26158    1000.00     32289    1000.00     36835    1000.00     42416    1000.00        47165    1000.00

02255    1000.00     0690874  1M00IL0.00  14292    1000.00     19709    1000.00     26520    1000.00     32297CUARTO PREMIO   3683779  2M00IL0.00  42672    1000.00        47270    1000.00

02285    1000.00                          14308    1000.00     19735    1000.00     26578    1000.00                          37011    1000.00     42741    1000.00        47505    1000.00

02286    1000.00     07300    1000.00     14444    1000.00     19793    2000.00     26716    1000.00                          37049    1000.00     42797    1000.00        47629    1000.00

02316    1000.00     07328    1000.00     14587    1000.00     19802    1000.00     26740    1000.00                          37279    1000.00     42927    2000.00        47655    1000.00

02375    1000.00     07381    1000.00     14615    1000.00     19904    1000.00     26767    3000.00     C$M25A,S0A0Y0A.00    37369    1000.00     42965    1000.00        47665    1000.00

02460    1000.00     07389    1000.00     14724    1000.00     1992007  1M00IL0.00  26844    1000.00                          37474    1000.00     4294639  1M00IL0.00     47718    1000.00

02577    1000.00     07393    1000.00     1481658  1M00IL0.00  20074    1000.00     26849    1000.00                          37494    1000.00     43054    1000.00        47842    1000.00

02619    1000.00     07611    1000.00                          20104    1000.00     26952    1000.00     32342    1000.00     37522    1000.00     43178    1000.00        4794083  3M00IL0.00

02680    1000.00     07634    2000.00     15008    1000.00     20111    1000.00     2692677  1M00IL0.00  32393    1000.00     37595    1000.00     43186    1000.00

02729    10,000.00   07754    1000.00     15093    1000.00     20114    1000.00                          32410    1000.00     37673    1000.00     43187    1000.00        48049    1000.00

02734    1000.00     0790282  1M00IL0.00  15127    1000.00     20166    1000.00     27069    1000.00     32471    1000.00     37693    1000.00     43188    2000.00        48081    1000.00

02761    2000.00     08005    2000.00     15178    2000.00     20249    1000.00     27072    1000.00     32491    1000.00     37767    1000.00                             48232    1000.00

02807    1000.00     08367    1000.00     15192    1000.00     20458    1000.00     27208    1000.00     32541CUARTO PREMIO   37824    1000.00     PREMIO                  48262    1000.00
                                                                                                                                                   43189MAYOR
0290035  1M00IL0.00  08396    1000.00     15194    1000.00     20513    1000.00     27349    1000.00                          37833    1000.00                             48264    1000.00

03035    1000.00     08431    1000.00     15213    1000.00     20524    1000.00     27490    1000.00                          3783386  1M00IL0.00                          48307    1000.00

03043    1000.00     08435    1000.00     15271    1000.00     2062612  1M00IL0.00  27618    1000.00     C$25,000.00                                                       48313    1000.00

03059    1000.00     08559    1000.00     15280QUINTO PREMIO                        27692    1000.00     MANAGUA              38134    1000.00                             48316    1000.00

03136    3000.00     08645    1000.00     C$20,000.00          21229    1000.00     27714    1000.00                          38302    1000.00                             48319    1000.00

03219    1000.00     08700    1000.00     MANAGUA              21285    1000.00     2782580  1M00IL0.00  32622    1000.00     38317    1000.00                             48394    3000.00

03244    1000.00     08772    1000.00                          21292    1000.00     28005    1000.00     32710    1000.00     38376    1000.00                             48413    1000.00

03328    1000.00     0880290  1M00IL0.00  15323    1000.00     21455    1000.00     28025    1000.00     32776    1000.00     38383    1000.00     C$ 3,500,000.00         48593    1000.00

03403    1000.00                          15615    1000.00     21505    1000.00     28030    1000.00     32785    1000.00     38593    1000.00                             48879    1000.00

03408    1000.00     09053    3000.00     15626    1000.00     21530    1000.00     28082    1000.00     32894    1000.00     38662    1000.00                             48917    1000.00

03507    1000.00     09198    1000.00     15656    1000.00     21668    1000.00                          32940    1000.00     38678    1000.00     NO FUE VENDIDO.         48956    1000.00
                                                                                                                                                   POR ACUMULACION EL
                     09313    1000.00     15664    1000.00     21729    1000.00     28115    1000.00                          38695    1000.00     SORTEO 1478 DEL 8 DE    4894697  1M00IL0.00
03548    1000.00                                                                                         3293631  1M00IL0.00                       SEPTIEMBRE 2009 TENDRA
                     09383    1000.00     15695    1000.00     21749    1000.00     28475    1000.00                          38804    1000.00
03563    1000.00                                                                                                                                   UN PREMIO MAYOR DE
                     09410    1000.00     15719    1000.00     2182227  1M00IL0.00  28485    1000.00                          38829    1000.00     C$ 5,250,000.00 POR     49001    1000.00
03657    1000.00                                                                                         33007    1000.00                          EL PRECIO DE C$300
                     09425    1000.00     15724    2000.00                          28562    1000.00                          38831    1000.00                             49141    1000.00
03807    2000.00                                                                                         33078    1000.00                          EL BILLETE.
                                                                                    28564    1000.00                                               LEON                    49170    1000.00
03831    1000.00     09464    1000.00     15736    1000.00     22156    1000.00                          33119    1000.00     38861    1000.00

0390646  1M00IL0.00  09544    1000.00     15736    1000.00     22163    1000.00     28611    1000.00     33301    1000.00     38864    2000.00                             49400    1000.00

                     09564    1000.00     15841    1000.00     22202    1000.00     28670    1000.00     33467    1000.00     38868    1000.00     43190    2000.00        49418    1000.00

04363    1000.00     09703    1000.00     1591160  1M00IL0.00  22251    1000.00     28725    1000.00     33474    1000.00     38870    1000.00     43191    1000.00        49447    1000.00

04477    1000.00     09722    1000.00                          22359    1000.00     28728    1000.00     33507    1000.00     38874    1000.00     43192    1000.00        4995709  1M00IL0.00

04501    1000.00     09777    1000.00     16006    2000.00     22359    1000.00     28734    1000.00     33522    2000.00     38875    1000.00     43261    1000.00        50013    1000.00

04502    1000.00     09857    2000.00     16212    1000.00     22411    1000.00     28757    1000.00     33525    1000.00     38917    1000.00     43264    1000.00        50024    1000.00

04511    1000.00     0991808  1M00IL0.00  16276    1000.00     22511    1000.00     28784    1000.00     33555    1000.00     3893998  1M00IL0.00  43334    1000.00        50066    1000.00

04511    1000.00                          16341    1000.00     22581    2000.00     28853    1000.00     33621    1000.00                          43491    1000.00        50095    1000.00

04554    1000.00     10030    1000.00     16363    1000.00     22671    1000.00     28855    3000.00     33743    1000.00     39107    1000.00     43561    1000.00        50165    1000.00

04589    1000.00     10031    1000.00     16390    1000.00     22678    1000.00     2892592  1M00IL0.00  33858    1000.00     39173    1000.00     43612    1000.00        50177    1000.00

04700    1000.00     10155    1000.00     16400    1000.00     22749    1000.00     29129    2000.00     3393843  1M00IL0.00  39194    1000.00     43803    1000.00        50189    1000.00

04702    1000.00     10301    2000.00     16516    1000.00     2282133  1M00IL0.00  29194    1000.00                          39442    1000.00     43863    1000.00        50197    2000.00

04715    1000.00     10334    1000.00     16602    1000.00     23298    1000.00     29210    1000.00     34033    1000.00     39488    1000.00     43879    1000.00        50229    1000.00

04769    1000.00     10413    1000.00     16725    2000.00     23489    1000.00     29505    1000.00     34094    1000.00     39541    1000.00     4394443  1M00IL0.00     50270    1000.00

04807    1000.00     10445    1000.00     16728    1000.00     23613    1000.00     29517    1000.00     34099    1000.00     39646    1000.00                             50455    1000.00

04854    1000.00     10532    1000.00     16850    1000.00     23732    1000.00     29526    1000.00     34253    1000.00     39652    2000.00     44035    1000.00        50485    1000.00

0480751  1M00IL0.00  10646    1000.00     1691974  1M00IL0.00  23776    1000.00     29527    1000.00     34316    1000.00     39658    1000.00     44042    1000.00        50502    1000.00

                     1091817  1M00IL0.00  17101    1000.00     23789    1000.00     29723    1000.00     34332    1000.00     39697    1000.00     44137    1000.00        50601    1000.00

05093    1000.00     11066    1000.00     17308    1000.00                          29785    1000.00     34368    1000.00     39747    1000.00     44279    1000.00        50605    1000.00

05206    1000.00     11167    1000.00     17325    1000.00     23852TERCER PREMIO   29806    1000.00     34409    1000.00     39803    1000.00     44314    1000.00        50674    2000.00

05260    1000.00     11256    2000.00     17373    1000.00                          29854    1000.00     34415    1000.00     39814    1000.00     44449    1000.00        50713    1000.00

05263    1000.00     11284    1000.00     17386    1000.00                          29863    1000.00     34515    1000.00     39830    1000.00     44449    1000.00        50785    1000.00

05349    1000.00     11407    1000.00     17391    1000.00                          29865    1000.00     34613    1000.00     3994804  1M00IL0.00  44616    1000.00        50809    1000.00

05414    1000.00     11448    1000.00     17451    1000.00                          2993502  1M00IL0.00  34666    1000.00     40053    1000.00     44621    1000.00        50811    1000.00

05574    1000.00     11449    1000.00     17501    1000.00     C$50,000.00                               34680    1000.00     40055    1000.00     44622    1000.00        50823    1000.00

05680    1000.00     11534    1000.00     17511    1000.00     MANAGUA              30037    2000.00     34739    1000.00     40087    1000.00     44635    1000.00        50933    1000.00

05738    1000.00     11701    2000.00     17553    1000.00                          30094    1000.00     34779    1000.00     40125    1000.00     44637    1000.00        50998    1000.00

05742    1000.00                                                                                         34864    1000.00                          44835    1000.00

NOTA: LOS BILLETES TERMINADOS EN 3189 GANAN C$4,800.00, LOS TERMINADOS EN 189 GANAN C$2,400.00, LOS TERMINADOS EN 89 GANAN

C$1,200.00, LOS TERMINADOS EN 9 GANAN C$600.00. TODOS LOS NUMEROS DE LA PRESENTE LISTA Y QUE A LA VEZ TENGAN TERMINACIONES

DEL PREMIO MAYOR TIENEN DERECHO AL PREMIO Y A LA TERMINACION. SE EXCEPTUA AL PREMIO MAYOR EN TODAS LAS TERMINACIONES.

NOTA: POR ACUMULACION EL SORTEO No. 1478 A VERIFICARSE EL 8 DE SEPTIEMBRE DEL 2009 TENDRA UN

    PREMIO MAYOR DE C$ 5,250,000.00 POR EL PRECIO DE C$ 300.00 EL BILLETE Y C$ 15.00 EL VIGESIMO
