                                                                        SORTEO ORDINARIO Nº 1478

                                                                                                                                                            MANAGUA

                                                               5,250,000Córdobas                                                                            8 DE SEPTIEMBRE

                                                                                                                                                                        2009

                                                                                                                                                            CADUCIDAD

                                                                                                                                                            17 DE DICIEMBRE

                                                                                                                                                                        2009

                                                                                                                                                            LISTA OFICIAL

01       MIL         05       MIL         10908    1000.00     17693    1000.00     22663    1000.00     28140    1000.00     32032    1000.00     38535    1000.00     44335    1000.00

01059    3000.00     05025    1000.00     10948    1000.00     17934    1000.00     22736    1000.00     28148    1000.00     32060    1000.00     38635    1000.00     44373    1000.00

01314    1000.00     05265    1000.00     1091713  1M00IL0.00  1791787  1M00IL0.00  22792    2000.00     28183    1000.00     32072    1000.00     38719    1000.00     44377    2000.00

01379    1000.00     05343    1000.00     11037    1000.00     18143    1000.00     22819    1000.00     28219    1000.00     32088    1000.00     38843    1000.00     44589    1000.00

01427    1000.00     05435    1000.00     11261    1000.00     18165    2000.00     22839    1000.00     28388    1000.00     32300    1000.00     38872    2000.00     44613    1000.00

01473    1000.00     05537    1000.00     11271    1000.00     18178    1000.00     22950    1000.00     28413    1000.00     32326    1000.00     38920    1000.00     44663    2000.00

01535    1000.00     05710    1000.00     11350    1000.00     18250    1000.00     22967    1000.00     28423    1000.00     32328    1000.00     3893595  1M00IL0.00  44797    2000.00

01575    2000.00     05724    1000.00     11403    2000.00     18251    1000.00     2292933  1M00IL0.00  28529    1000.00     32367    1000.00     39024    2000.00     44837    1000.00

01657    1000.00     05769    1000.00     11484    1000.00     18295    1000.00     23049    1000.00     28703    1000.00     32422    2000.00     39041    1000.00     4494052  1M00IL0.00

01661    1000.00     05771    1000.00     11589    1000.00     18303    1000.00     23264    1000.00     28709    1000.00     32447    1000.00     39064    1000.00     45011    1000.00

01762    1000.00     05837    1000.00     11732    1000.00     18342    1000.00     23408    1000.00     28779    1000.00     32459    1000.00     39083    1000.00     45062    1000.00

01796    2000.00     05853    1000.00     11787    1000.00     18452    2000.00     23537    1000.00     28817    1000.00     3293230  1M00IL0.00  39119    1000.00     45108    1000.00

01826    1000.00     0590268  1M00IL0.00  1191012  1M00IL0.00  18510    1000.00     23687    1000.00     28833    1000.00     33121    1000.00     39150    1000.00     45147    1000.00

01830    1000.00     06016    1000.00                          18686    1000.00     23905    1000.00     28876    1000.00     33163    1000.00     39195    1000.00     45198    1000.00

01863    1000.00     06080    10,000.00   12144    1000.00     1891594  1M00IL0.00  23928    1000.00     28939    1000.00     33336    1000.00     39224    1000.00     45303    1000.00

01881    1000.00     06159    1000.00     12174    1000.00                          2392346  1M00IL0.00  2892694  1M00IL0.00  33385    1000.00     39307    1000.00     45388    1000.00

01918    1000.00     06192    1000.00     12303    2000.00     19100    2000.00                          29119    1000.00     33615    1000.00     39451    1000.00     45459    1000.00

01925    1000.00     06258    1000.00     12325    1000.00     19197    1000.00     24077    1000.00     29199    1000.00     33685    1000.00     39480    1000.00     45512    1000.00

0190529  1M00IL0.00  06270    1000.00     12396    1000.00     19207    1000.00     24170    1000.00     29281    1000.00     33782    1000.00     39616    2000.00     45706    1000.00

02041    1000.00     06409    10,000.00   12512    1000.00     19263    1000.00     24190    1000.00     29440    1000.00     33821    1000.00     39686    1000.00     45708    1000.00

02062    1000.00     06502    1000.00     12526    1000.00     19268    1000.00     24239    2000.00     29508    1000.00     3393945  1M00IL0.00  39687    1000.00     45779    1000.00

02166    1000.00     06583    1000.00     12586    1000.00     19281    1000.00     24307    1000.00     29558    1000.00                          39739    1000.00     45852    1000.00

02170    1000.00     06672    1000.00     12651    1000.00     19306    3000.00     24316    1000.00     29596    1000.00     34079    1000.00     3974709  1M00IL0.00  4594461  1M00IL0.00

02187    1000.00     06772    2000.00     12662    1000.00     19306    1000.00     24339    1000.00     29876    1000.00     34145    1000.00

02370    1000.00     06785    1000.00     12754    1000.00     19421    1000.00     24366    1000.00     29877    1000.00     34289    2000.00     40031    1000.00     46190    1000.00

02516    1000.00     06786    1000.00     12776    1000.00     19496    1000.00     24395    3000.00     29878    2000.00     34298    1000.00     40150    2000.00     46332    1000.00

02526    1000.00     06787    1000.00     12804    1000.00     19550    1000.00     24397    1000.00     PREMIO               34491    1000.00     40183    1000.00     46404    1000.00

02548    2000.00     06798    1000.00     12817    1000.00     19552    1000.00     24438    1000.00     29879MAYOR           34499    1000.00     40210    1000.00     46494    1000.00

02681    2000.00     06869    1000.00     12841    1000.00     19651    1000.00     24521    1000.00                          34508    2000.00     40213    1000.00     46588    1000.00

02784    1000.00     0690078  1M00IL0.00  12862    1000.00     19686TERCER PREMIO   24590    1000.00                          34580    1000.00     40217    1000.00     46840    1000.00

02906    1000.00                          12889    1000.00                          24768    1000.00                          34584    1000.00     40357    1000.00     4694677  1M00IL0.00

0290038  1M00IL0.00  07062    1000.00     1291638  1M00IL0.00                       24847    1000.00                          34675    1000.00     40440    1000.00     47058    1000.00

                     07183    1000.00     13047    1000.00                          24916    1000.00                          34844    1000.00     40472    1000.00     47327    1000.00

03015    1000.00     07244    1000.00     13111    1000.00                          2492652  1M00IL0.00                       34904    1000.00     40853    1000.00     47342    1000.00

03029    1000.00     07281    1000.00     13121    1000.00     C$50,000.00          25056    1000.00                          3493251  1M00IL0.00  40877    1000.00     47446    1000.00

03097    1000.00     07286    1000.00     13196    1000.00     MANAGUA              25067    1000.00     C$ 5,250,000.00      35040    1000.00     4094117  1M00IL0.00  47474    1000.00

03176    1000.00     07303    1000.00     13315    1000.00                          25182    1000.00                          35094    1000.00     41161    1000.00     47533    1000.00

03191    1000.00     07345    1000.00     13430    1000.00                          25340    1000.00                          35144    1000.00     41291    1000.00     47556    1000.00

03252    1000.00     07416    1000.00     13452    3000.00     19725    1000.00     25375    1000.00     VENDIDO POR LA       35298    1000.00     41347    1000.00     47584    1000.00

03285    1000.00     07441    1000.00                          19780    1000.00                          CONCESIONARIA A-486

03289    1000.00     07451    1000.00     13532    1000.00     19933    1000.00     25427    1000.00     JUANA DALILA         35440    1000.00     41358    1000.00     47610    1000.00

03324    1000.00     07822    1000.00     13588    1000.00     1992807  1M00IL0.00  25510    1000.00     MURILLO ZELEDON      35463    1000.00     41821    1000.00     47637    2000.00

03362    1000.00     07840    1000.00     13644    2000.00                          25519    1000.00     MANAGUA              35495    2000.00     41836    1000.00     47639    1000.00

03375    1000.00     0790489  1M00IL0.00  13711    1000.00     20053    1000.00     25613    1000.00                          35525    1000.00     41873    1000.00     47664    1000.00

03376    1000.00                          13731    1000.00     20149    1000.00     25624    1000.00     29880    2000.00     35631    1000.00     4194729  1M00IL0.00  47907    1000.00

03379    1000.00     08080    1000.00     13732    1000.00     20197    1000.00     25636    1000.00     29881    1000.00     35681    1000.00     42061    1000.00     4794682  1M00IL0.00

03459    1000.00     08119    1000.00     1391545  1M00IL0.00  20258    1000.00     25665    1000.00     29882    1000.00     35778    1000.00     42259    1000.00     48056    1000.00

03541    3000.00     08339    1000.00     14007    1000.00     20531    1000.00     2592565  1M00IL0.00  29887    1000.00     35840    1000.00     42336    2000.00     48063    1000.00

03556    1000.00     08514    1000.00     14123    1000.00     20597    1000.00     26176    1000.00     29890    1000.00     3593769  1M00IL0.00  42354    1000.00     48100    1000.00

03605    1000.00     08573    1000.00     14516    1000.00     20653    1000.00     26245    1000.00     29923    1000.00     36029    1000.00     42398    1000.00     48104    1000.00

03820    1000.00     08574    1000.00     14526    1000.00     20809    1000.00     26355    1000.00     2993905  1M00IL0.00  36173    1000.00     42556    1000.00     48105    1000.00

03922    1000.00     08626    1000.00                          20810    1000.00     26400    1000.00                          36426    1000.00     42576    1000.00     48108    1000.00

03993QUINTO PREMIO   08646    1000.00     14574CUARTO PREMIO   20836    1000.00     26610    2000.00     30006    1000.00     36487    1000.00                          48246    1000.00

                     08673    1000.00                          20848    1000.00     26706    1000.00     30055    1000.00     36518    1000.00     42578SEGUNDO         48320    1000.00

C$20,000.00          08674    1000.00                          20892    1000.00                          30208    1000.00                          PREMIO
JINOTEPE                                                                            26771    1000.00                          36554    1000.00                          48365    1000.00
                     0880993  1M00IL0.00                       20903    1000.00                          30208    1000.00
                                                                                    26858    1000.00                          36694    1000.00                          48389    1000.00
0390946  1M00IL0.00                       C$J2U5IG,0A0L0P.A00  20907    1000.00                          30272    1000.00
                     09127    1000.00                                               26866    1000.00                          36800    2000.00                          48638    1000.00
                                                               2092118  1M00IL0.00                       30328    1000.00
04008    1000.00     09168    1000.00                                               26940    1000.00                          36887    1000.00                          48746    1000.00
                                                                                                         30455    1000.00
04085    1000.00     09180    1000.00     14830    1000.00     21052    1000.00     26984    1000.00                          3693777  1M00IL0.00                       48777    1000.00
                                                                                                         30536    1000.00
04118    1000.00     09216    1000.00     14851    1000.00     21091    1000.00     2692972  1M00IL0.00                                                                 4894997  1M00IL0.00
                                                                                                         30611    1000.00     37016    1000.00
04217    1000.00     09270    1000.00     1481555  1M00IL0.00  21119    1000.00
                                                                                    27109    1000.00     30621    3000.00     37143    1000.00     C$300,000.00         49013    1000.00
04247    1000.00     09275    1000.00                          21201    1000.00
                                          15000    1000.00                          27113    1000.00     30621    1000.00     37236    1000.00                          49042    1000.00
04252    1000.00     09296    1000.00                          21370    1000.00
                                          15117    1000.00                          27219    1000.00     30786    1000.00     37396    15,000.00   ESTELI               49066    1000.00
04307    1000.00     09525    1000.00                          21377    1000.00
                                          15257    1000.00                          27220    1000.00     30830    1000.00     37404    1000.00                          49097    1000.00
04352    1000.00     09543    1000.00                          21448    1000.00
                                          15287    1000.00                          27233    1000.00     3093810  1M00IL0.00  37520    1000.00                          49306    1000.00
04384    1000.00     09664    1000.00                          21580    1000.00                                                                    42846    1000.00
                                          15525    1000.00                          27307    1000.00                          37562    1000.00                          49355    1000.00
04411    1000.00     09725    1000.00                          21595    2000.00                          31001    1000.00                          4294339  1M00IL0.00
                                          15655    1000.00                          27365    2000.00                          37597    1000.00                          49391    1000.00
04470CUARTO PREMIO   09759    1000.00                          21604    1000.00                          31100    1000.00
                                          1591162  1M00IL0.00                       27374    1000.00                          37637    1000.00     43036    1000.00     49435    1000.00
                     09824    1000.00                          21880    1000.00                          31195    1000.00
                                                                                    27389    1000.00                          37975    1000.00     43269    1000.00     49518    1000.00
                     0981302  1M00IL0.00  16267    1000.00     2192322  1M00IL0.00                       31205    1000.00
                                                                                    27405    1000.00                          37981    1000.00     43336    1000.00     49644    1000.00
                                          16302    1000.00                                               31260    1000.00
                     10129    1000.00                          22075    1000.00     27416    1000.00                          3793886  1M00IL0.00  43406    1000.00     49836    2000.00
C$25,000.00                               16414    1000.00                                               31313    1000.00
                     10136    1000.00                          22143    1000.00     27442    1000.00                                               43447    1000.00     49857    1000.00
MANAGUA                                   16516    1000.00                                               31325    1000.00     38045    1000.00
                     10191    1000.00                          22154    1000.00     27490    1000.00                                               43458    1000.00     4995807  1M00IL0.00
                                          16564    3000.00                                               31341    2000.00     38326    1000.00
                     10455    1000.00                          22333    1000.00     27526    1000.00                                               43582    1000.00
04483    1000.00                          16676    1000.00                                               31423    1000.00     38362    1000.00                          50009    1000.00
                     10531    1000.00                          22446    1000.00     27550    1000.00                                               43644    1000.00
04572    1000.00                          1681878  1M00IL0.00                                            31430    1000.00     38366    1000.00                          50108    1000.00
                     10533    1000.00                          22481    1000.00     27560    1000.00                                               43827    1000.00
04620    1000.00                                                                                         31479    2000.00                                               50148    1000.00
                     10575    1000.00                          22579    1000.00     27591    1000.00                          38522TERCER PREMIO   43865    1000.00
04655    1000.00                          17330    1000.00                                               31518    1000.00                                               50317    1000.00
                     10594    1000.00                          22620    1000.00     27822    1000.00                                               4394143  1M00IL0.00
04692    1000.00                          17332    1000.00                                               31573    1000.00                                               50509    1000.00
                     10606    1000.00                          22621    1000.00     2792881  1M00IL0.00
04698    1000.00                          17589    1000.00                                               31826    1000.00                          44064    1000.00     50547    1000.00
                     10701    1000.00                          22628    1000.00
04882    2000.00                          17615    1000.00                          28017    1000.00     31871    1000.00     C$50,000.00          44160    1000.00     50823    1000.00
                     10810    1000.00                          22647    1000.00
04884    1000.00                          17634    2000.00                          28029    1000.00     3193624  1M00IL0.00  JINOTEPE             44240    1000.00     50953    1000.00
                     10861    1000.00                          22660    1000.00
04963    1000.00

NOTA: LOS BILLETES TERMINADOS EN 9879 GANAN C$4,800.00, LOS TERMINADOS EN 879 GANAN C$2,400.00, LOS TERMINADOS EN 79 GANAN

C$1,200.00, LOS TERMINADOS EN 9 GANAN C$600.00. TODOS LOS NUMEROS DE LA PRESENTE LISTA Y QUE A LA VEZ TENGAN TERMINACIONES

DEL PREMIO MAYOR TIENEN DERECHO AL PREMIO Y A LA TERMINACION. SE EXCEPTUA AL PREMIO MAYOR EN TODAS LAS TERMINACIONES.

         ESTA LISTA ES GRATIS · VISITE WWW.LOTERIANACIONAL.COM.NI
