                                               SORTEO EXTRAORDINARIO Nº 1479

                                                                                                                                     MANAGUA

                                               5,000,000Córdobas                                                                     16 DE SEPTIEMBRE

                                                                                                                                                  2009

                                                                                                                                     CADUCIDAD

                                                                                                                                     28 DE DICIEMBRE

                                                                                                                                                  2009

                                                                                                                                     LISTA OFICIAL

01     MIL     05386  900.00   12818  850.00   19031TERCER PREMIO  23511  850.00       29034  850.00     35167SEGUNDO         39405  850.00       44898  850.00

01007  850.00  05400  850.00   12833  850.00                       23517  850.00       29116  850.00     PREMIO               39413  850.00       44908  850.00
                                                                                                                                                  45     MIL
01114  850.00  05414  850.00   12850  850.00                       23558  850.00       29176  850.00                          39422  850.00

01127  850.00  05419  850.00   12850  850.00                       23561  850.00       29242  900.00                          39474  850.00       45042  850.00
                               13     MIL
01198  850.00  05682  850.00                                       23587  850.00       29391  850.00                          39495  850.00       45060  850.00

01238  850.00  05769  850.00   13005  850.00                       23712  850.00       29417  850.00                          39527  850.00       45221  850.00

01239  850.00  05798  850.00   13132  850.00   C$100,000.00        23788  850.00       29437  850.00                          39595  850.00       45324  850.00

01317  850.00  05876  1000.00  13167  850.00                       23945CUARTO PREMIO  29556  850.00     C$125,000.00         39620  850.00       45444  850.00

01365  850.00  05887  850.00   13259  850.00   MANAGUA                                 29566  850.00     MANAGUA              39760  850.00       45467  850.00

01421  850.00  05903  850.00   13427  850.00                                           29619  850.00                          39779  850.00       45585  850.00

01431  850.00  05909  850.00   13436  1000.00  19379  850.00                           29633  850.00                          39814  1000.00      45642  850.00
                                                                                                         35171  850.00        40     MIL
01499  900.00  05953  850.00   13445  850.00   19392  850.00                           29749  850.00                                              45723  850.00
                                                                                                         35175  850.00
01618  850.00  05988  850.00   13532  850.00   19396  850.00       CM$A50N,0A0G0U.0A0  29863  850.00                          40084  850.00       45796  850.00
               06     MIL                                                                                35430  850.00                            46     MIL
01655  850.00                  13718  850.00   19401  850.00                           29892  850.00                          40090  850.00
                                                                                       30     MIL        35677  850.00
01687  850.00  06010  850.00   13746  850.00   19463  850.00                                                                  40228  850.00       46055  900.00
                                                                                                         35797  850.00
01753  850.00  06142  850.00   13756  850.00   19538  850.00       24     MIL          30061  850.00                          40383  850.00       46103  850.00
                                                                                                         35814  850.00
01774SEGUNDO   06189  850.00   13776  850.00   19541  900.00                           30341  900.00                          40554  850.00       46117  850.00
                                                                                                         35886  850.00
PREMIO         06280  850.00   13797  850.00   19609  900.00       24010  850.00       30431  850.00                          40670  850.00       46213  850.00
                                                                                                         35910  850.00
               06397  900.00   13928  850.00   19642  850.00       24134  850.00       30454  850.00     36     MIL           40736  850.00       46245  850.00
                               14     MIL
               06439  850.00                   19795  850.00       24192  850.00       30489  850.00                          40856  850.00       46398  850.00
                                                                                                         36003  850.00
               06464  850.00   14013  850.00   19844  850.00       24209  850.00       30508  850.00                          40899  850.00       46613  850.00
                                                                                                         36067  850.00
               06589  850.00   14162  850.00   19933  850.00       24241  850.00       30658  850.00                          40921  850.00       46683  850.00
                                                                                                         36115  850.00
               06733  850.00   14269  850.00   19997  850.00       24285  850.00       30675  850.00                          40927  850.00       46696  850.00
                                                                                                         36136  850.00
               06862  850.00   14335  850.00   20     MIL          24389  850.00       30679  850.00                          40965  850.00       46735  850.00
                                                                                                         36243  850.00        41     MIL
               06889  850.00   14340  850.00   20090  850.00       24410  850.00       30865  10,000.00                                           46792  850.00
               07     MIL                                                                                36251  850.00
                               14353  850.00   20102  850.00       24442  850.00       30976  850.00                          41055  850.00       46928  850.00
                                                                                       31     MIL        36259  850.00
C$125,000.00   07006  850.00   14358  850.00   20134  850.00       24538  850.00                                              41079  850.00       46947  850.00
                                                                                                         36368  850.00                            47     MIL
               07102  850.00   14419  850.00   20156  900.00       24812  850.00       31056  850.00                          41165  850.00
                                                                   25     MIL                            36533  850.00
MANAGUA        07105  850.00   14501  1000.00  20311  850.00                           31207  850.00                          41285  850.00       47072  850.00
                                                                                                         36577  850.00
               07154  850.00   14580  900.00   20318  850.00       25014  850.00       31219  850.00                          41392  850.00       47076  850.00
                                                                                                         36737  850.00
               07163  850.00   14639  850.00   20411  900.00       25130  850.00       31264  850.00                          41401  850.00       47080  850.00
                                                                                                         36784  900.00
01838  850.00  07184  850.00   14656  850.00   20441  850.00       25204  850.00       31481  850.00                          41438  850.00       47190  850.00
02     MIL                                                                                               36889  850.00
               07286  850.00   14685  850.00   20456  850.00       25283  850.00       31550  850.00     37     MIL           41443  850.00       47314  850.00

02043  850.00  07493  850.00   14705  850.00   20472  850.00       25409  850.00       31595  850.00     37027  900.00        41447  850.00       47337  900.00

02183  850.00  07535  850.00   14808  850.00   20616  850.00       25600  900.00       31743  850.00                          41488  850.00       47454  850.00
                               15     MIL                                                                37078  850.00
02188  850.00  07563  850.00                   20742  850.00       25664  850.00       31799  850.00                          41494  850.00       47489  850.00
                                                                                                         37206  850.00
02191  850.00  07656  850.00   15213  850.00   20820  850.00       25667  900.00       31964  850.00                          41609  850.00       47490  850.00
                                                                                                         37325  1250.00
02349  850.00  07822  850.00   15225  850.00   20865  850.00       25803  850.00       31993  850.00                          41690  850.00       47586  850.00
                                                                                       32     MIL        37326  1250.00
02365  850.00  07867  850.00   15256  850.00   20939  850.00       25810  850.00                                              41775  850.00       47644  850.00
                                                                                                         37327  2500.00
02512  850.00  07870  850.00   15368  900.00   20947  850.00       25900  850.00       32098  850.00                          41832  850.00       47832  850.00
               08     MIL                                                                                                                         48     MIL
02555  850.00                  15395  850.00   21     MIL          25941  850.00       32131  850.00     PREMIO               41952  850.00
                                                                   26     MIL
02565  850.00  08023  850.00   15412  850.00   21167  1000.00                          32406  850.00     37328MAYOR           41989  900.00       48060  850.00
                                                                                                                              42     MIL
02808  850.00  08184  850.00   15436  850.00   21256  850.00       26063  850.00       32432  850.00                                              48067  850.00

02982  850.00  08227  850.00   15452  850.00   21297  850.00       26076  850.00       32498  850.00                          42058  850.00       48207  850.00
03     MIL
               08244  850.00   15475  850.00   21440  850.00       26076  850.00       32521  850.00                          42091  850.00       48328  850.00

03003  850.00  08255  850.00   15540  850.00   21468  850.00       26109  850.00       32591  850.00                          42163  850.00       48342  850.00

03027  850.00  08323  850.00   15599  850.00   21483  850.00       26134  850.00       32626  850.00                          42206  850.00       48635  850.00
                                                                                                                                                  49     MIL
03094  850.00  08531  850.00   15633  850.00   21596  850.00       26176  850.00       32659  850.00                          42544  850.00

03110  850.00  08626  850.00   15677  850.00   21638  850.00       26259  850.00       32877  850.00                          42558  850.00       49176  850.00

03171  850.00  08718  850.00   15694  850.00   21730  850.00       26377  850.00       32881  850.00     C$ 5,000,000.00      42580  850.00       49202  850.00
                                                                                       33     MIL
03191  850.00  08727  850.00   15938  850.00   21903  850.00       26388  850.00                                              42736  850.00       49364  850.00
                               16     MIL
03392  850.00  08921  850.00                   21931  850.00       26458  850.00       33035  850.00                          42789  850.00       49373  1000.00
               09     MIL
03409  850.00                  16031  850.00   22     MIL          26555  850.00       33280  850.00     VENDIDO POR LA       42861  850.00       49449  850.00

03468  850.00  09022  850.00   16076  850.00   22058  850.00       26664  850.00       33295  850.00     CONCESIONARIA H-289  42883  850.00       49483  850.00
                                                                                                                              43     MIL
03483  850.00  09093  850.00   16080  850.00   22100  850.00       26819  850.00       33328  850.00     MIRIAM DEL SOCORRO                       49484  850.00

03491  850.00  09166  850.00   16165  850.00   22125  850.00       27     MIL          33568  850.00     UMAÑA SANCHEZ        43040  850.00       49508  850.00

03495  850.00  09297  850.00   16186  850.00   22139  850.00       27113  850.00       33638  850.00     MASAYA               43055  850.00       49510  850.00

03511  850.00  09427  900.00   16231  850.00   22182  850.00       27117  850.00       33652  900.00     37329  2500.00       43120  850.00       49561  850.00

03553  900.00  09555  850.00   16247  850.00   22216  850.00       27192  850.00       33749  850.00     37330  1250.00       43272  850.00       49579  850.00

03594  850.00  09828  850.00   16258  850.00   22233  850.00       27237  900.00       33879  850.00                          43277  850.00       49584  850.00
                                                                                       34     MIL        37331  1250.00
03686  850.00  09915  850.00   16363  850.00   22242  850.00       27358  850.00                                              43316  850.00       49603  850.00
                                                                                                         37454  850.00
03743  850.00  09991  850.00   16489  850.00   22294  850.00       27393  850.00       34132  850.00                          43362  850.00       49628  850.00
               10     MIL                                                                                37485  850.00
03797  850.00                  16584  850.00   22310  850.00       27477  850.00       34191  850.00                          43419  850.00       49717  900.00
                                                                                                         37529  850.00
03798  850.00  10096  850.00   16743  850.00   22415  850.00       27491  850.00       34226  850.00                          43430  850.00       49733  850.00
                                                                                                         37838  850.00
03823  850.00  10096  850.00   16990  850.00   22483  850.00       27517  850.00       34321  850.00                          43430  850.00       49822  850.00
                               17     MIL                                                                37989  850.00
03895  850.00  10243  900.00                   22489  850.00       27550  850.00       34373  850.00                          43433  850.00       49863  850.00
                                                                                                         37991  850.00
03907  850.00  10297  850.00   17020  900.00   22523  850.00       27672  850.00       34476  850.00     38     MIL           43477  850.00       49972  850.00
04     MIL                                                                                                                                        50     MIL
               10313  850.00   17030  850.00   22526  850.00       27824  850.00       34481  850.00                          43492  850.00
                                                                                                         38016  850.00
04081  850.00  10422  900.00   17427  850.00   22533  850.00       27851  850.00       34552  850.00                          43701  850.00       50062  850.00
                                                                                                         38018  850.00
04202  850.00  10466  850.00   17506  850.00   22640  850.00       27965  850.00       34558  900.00                          43897  850.00       50069  850.00
                                                                   28     MIL                            38056  850.00
04242  850.00  10472  850.00   17560  850.00   22731  850.00                           34568  850.00                          43948  850.00       50212  850.00
                                                                                                         38133  850.00        44     MIL
04492  850.00  10527  850.00   17617  850.00   22746  850.00       28021  850.00       34590  850.00                                              50272  850.00
                                                                                                         38143  850.00
04576  850.00  10574  850.00   17703  850.00   22746  850.00       28065  850.00       34613  850.00                          44213  900.00       50291  900.00
                                                                                                         38151  850.00
04853  850.00  10808  850.00   17890  850.00   22749  900.00       28140  900.00       34628  850.00                          44257  850.00       50446  850.00
               11     MIL                                                                                38462  850.00
04894  850.00                  17934  850.00   22759  850.00       28191  850.00       34642  850.00                          44288  850.00       50463  850.00
                               18     MIL                                                                38522  850.00
04945  850.00  11155  850.00                   22765  850.00       28448  850.00       34692  850.00                          44308  850.00       50712CUARTO PREMIO
05     MIL                                                                                               38654  850.00
               11202  850.00   18144  850.00   22882  850.00       28505  850.00       34697  850.00                          44319QUINTO PREMIO
                                                                                                         38657  850.00
05037  850.00  11596  900.00   18315  850.00   22955  850.00       28505  850.00       34745  850.00
                                                                                                         38832  850.00
05107  850.00  11636  850.00   18362  850.00   22973  850.00       28610  850.00       34777  850.00                          CO$2C5O,0T0A0.L00   C$50,000.00
                                                                                                         38849  850.00
05129  900.00  11689  850.00   18382  850.00   23     MIL          28630  850.00       34789  850.00                                              MANAGUA
                                                                                                         38862  850.00
05175  850.00  11849  850.00   18536  850.00   23124  850.00       28675  900.00       34819  850.00                          44380  850.00
               12     MIL                                                                                38862  850.00
05229  850.00                  18623  850.00   23200  850.00       28734  850.00       34934  1000.00    39     MIL           44467  5000.00      50837  850.00
                                                                                       35     MIL
05314  850.00  12023  850.00   18864  850.00   23227  850.00       28756  850.00                                              44482  850.00       50886  850.00
                                                                                                         39032  850.00
05314  850.00  12324  850.00   18905  850.00   23298  850.00       28778  900.00       35082  850.00                          44536  850.00       50955  850.00
                                                                                                         39210  850.00
05318  850.00  12585  850.00   18941  5000.00  23309  850.00       28818  850.00       35084  850.00                          44601  850.00       50956  850.00
                               19     MIL                          29     MIL                            39404  850.00
05371  850.00  12746  850.00                   23434  850.00                           35103  850.00                          44836  850.00       50970  850.00

NOTA: LOS BILLETES TERMINADOS EN 7328 GANAN C$6,400.00, LOS TERMINADOS EN 328 GANAN C$3,200.00, LOS TERMINADOS EN 28 GANAN

C$1,600.00, LOS TERMINADOS EN 8 GANAN C$800.00. TODOS LOS NUMEROS DE LA PRESENTE LISTA Y QUE A LA VEZ TENGAN TERMINACIONES

DEL PREMIO MAYOR TIENEN DERECHO AL PREMIO Y A LA TERMINACION. SE EXCEPTUA AL PREMIO MAYOR EN TODAS LAS TERMINACIONES.

       ESTA LISTA ES GRATIS · VISITE WWW.LOTERIANACIONAL.COM.NI
