                                                                        SORTEO ORDINARIO Nº 1480

                                                                                                                                                              MANAGUA

                                                               3,500,000Córdobas                                                                              22 DE SEPTIEMBRE

                                                                                                                                                                          2009

                                                                                                                                                              CADUCIDAD

                                                                                                                                                              31 DE DICIEMBRE

                                                                                                                                                                          2009

                                                                                                                                                              LISTA OFICIAL

01       MIL         07082    2000.00     12181    1000.00     16105    1000.00     21492    1000.00       27519    1000.00     33253    1000.00     38840    1000.00     44218    1000.00

01101    1000.00     07170    1000.00     12259    1000.00     16122    1000.00     21507    1000.00       27529    2000.00     33254    1000.00     38913    1000.00     44511    2000.00

01115    1000.00     07385    1000.00     12335    1000.00     16203    1000.00     21537    3000.00       27545    1000.00     33501    1000.00     38939    1000.00     44540    1000.00

01148    1000.00     07437    1000.00     12350    2000.00     16274    1000.00     21559    1000.00       27589    1000.00     33541    1000.00     3893896  1M00IL0.00  44591    1000.00

01174    2000.00     07820    1000.00     12359TERCER PREMIO   16352    1000.00     21648    1000.00       27634    1000.00     33542    1000.00     39249    1000.00     44657    1000.00

01210    1000.00     0790588  1M00IL0.00                       16382    1000.00     21684    1000.00       27756    1000.00     33659    1000.00     39414    1000.00     44663    1000.00

01227    1000.00     08024    1000.00                          16482    1000.00     21817    1000.00       27769    1000.00     33672    1000.00     39498    1000.00     44704    1000.00

01382    1000.00     08162    2000.00                          16524    1000.00     2192627  1M00IL0.00    27802    1000.00     33701    1000.00     39608    1000.00     44751    1000.00

01566    1000.00     08166    1000.00                          16525    1000.00     22008    1000.00       27835    1000.00     33770    1000.00     39619    1000.00     44872    10,000.00

01648    1000.00     08219    1000.00     C$50,000.00          16564    1000.00     22077    1000.00       27913    1000.00     33847    1000.00     39783    1000.00     44876    1000.00

01680    1000.00     08392    1000.00     MANAGUA              16564    1000.00     22395    1000.00       27966    2000.00     33862    1000.00     39904    1000.00     44982    1000.00

01720    1000.00     08620    1000.00                          16569    1000.00     22432    1000.00       2792982  2M00IL0.00  33871    1000.00     39906    1000.00     4494952  1M00IL0.00

01824    1000.00     08724    1000.00                          16622    1000.00     22500    1000.00       28077    2000.00     3393444  1M00IL0.00  39945    2000.00     45243    1000.00

01829    2000.00     08848    1000.00     12429    1000.00     16726    2000.00     22518    1000.00       28094    1000.00     34128    1000.00     39946    1000.00     45290    1000.00

01849    1000.00     0880990  1M00IL0.00  12456    1000.00     16787    1000.00     22583    1000.00       28303    2000.00     34298    1000.00     39947    1000.00     45354    1000.00

01864    1000.00                          12474    3000.00     16846    1000.00     22594    1000.00       28381    1000.00     34299    1000.00     39952    1000.00     45556    1000.00

01870    1000.00     09100    1000.00     12496    1000.00     16926    1000.00     22655    1000.00       28623    1000.00     34326    1000.00     3994806  1M00IL0.00  45668    1000.00

01976    1000.00     09126    1000.00     12496    1000.00     16929    1000.00     22684    1000.00       2882698  1M00IL0.00  34374    1000.00                          45896    1000.00

0190828  1M00IL0.00  09142    1000.00     12835SEGUNDOPREMIO   1691777  1M00IL0.00  22795    1000.00                            34392    1000.00     40002    1000.00     45910    1000.00

02132    1000.00     09143    1000.00                          17007    1000.00     22809    1000.00       29109    1000.00     34534    1000.00     40010    1000.00     4594966  1M00IL0.00

02143    1000.00     09255    1000.00                          17028    2000.00     22918    1000.00       29186    1000.00     34537    1000.00     40221    1000.00

02145    1000.00     09298    1000.00                          17068    1000.00     22993    1000.00       29377    1000.00     34742    3M00IL0.00  40259    1000.00     46101    1000.00
                                                                                                                                35
02191    1000.00     09321    1000.00                          17080    1000.00     2292938  1M00IL0.00    29434    1000.00                          40392    1000.00     46141    1000.00

02431    1000.00     09722    1000.00                          17188    1000.00                            29590    1000.00     35019CUARTO PREMIO   40419    1000.00     46368    1000.00

02466    1000.00     09758    1000.00                          17288    1000.00     23002    1000.00       29622    1000.00                          40423    1000.00     46429    1000.00

02499    1000.00     09774    1000.00     C$300,000.00         17288    1000.00     23093    1000.00       29629    1000.00                          40424    1000.00     46606    1000.00

02561    1000.00     0981406  1M00IL0.00                       17292    1000.00     23130    1000.00       29697    1000.00     C$25,000.00          40468    1000.00     46608    1000.00

0260032  1M00IL0.00  10042    1000.00     MANAGUA              17477    1000.00     23151    2000.00       29710    1000.00            LEON          40495    1000.00     46675    1000.00

                     10092    1000.00                          17513CUARTO PREMIO   23238    1000.00       29712    1000.00                          40498    1000.00     46688    1000.00

03185    1000.00     10165    1000.00     12888    1000.00                          23431    1000.00       29726    1000.00     35058    1000.00     40516    1000.00     46711    1000.00

03208    1000.00     10273    1000.00     12895    1000.00                          23548    1000.00       29728    1000.00     35124    1000.00     40758    1000.00     46731    1000.00

03521    1000.00     10285    1000.00     12923    1000.00                          23587    1000.00       29742    1000.00     35181    1000.00     40823    1000.00     4684278  1M00IL0.00

03533    1000.00     10474    1000.00     12930QUINTO PREMIO   C$25,000.00          23661    1000.00       29938    1000.00     35288    1000.00     40855    1000.00     47041    1000.00

03576    2000.00     10562    1000.00                          MANAGUA              23722    1000.00       2993808  1M00IL0.00  35384    1000.00     40861    1000.00     47106    1000.00

03586    1000.00     10573    1000.00     C$20,000.00                               23777    1000.00       30002    1000.00     35389    1000.00     4094816  1M00IL0.00  47253    1000.00
                                          MANAGUA
03654    1000.00                                               17658    1000.00     23860    1000.00                            35429    1000.00
                     10665    1000.00                                                                      30043    1000.00                          41125    1000.00     47599    1000.00
03658    1000.00                          1291935  1M00IL0.00  17825    1000.00     23978    1000.00                            35529    1000.00
                     10715    2000.00                                                                      30151    1000.00                          41173    1000.00     47605    1000.00
03664    1000.00                                               17960    2000.00     2392844  10M,00IL0.00                       35534    1000.00
                     10777    2000.00                                                                      30413    1000.00                          41228    1000.00     47759    1000.00
03669    1000.00                          13013    1000.00     1791687  1M00IL0.00                                              35651    1000.00
                     10788    2000.00                                               24026    1000.00       30435    1000.00                          41315    1000.00     4794587  1M00IL0.00
03675    1000.00                          13043    1000.00                                                                      35705    1000.00
                     1091417  1M00IL0.00                                            24077    1000.00       30521    1000.00                          41375    1000.00
03850    1000.00                          13057    1000.00     18185    1000.00                                                 35772    1000.00                          48053    1000.00
                                                                                    24118    1000.00       30545    1000.00                          41438    1000.00
0380545  2M00IL0.00  11005    1000.00     13126    1000.00     18185    1000.00                                                 35833    1000.00                          48115    1000.00
                                                                                    24358    1000.00       30632    1000.00                          41461    1000.00
                     11045    1000.00     13370    1000.00     18226    1000.00                                                 35949    1000.00                          48118    1000.00
04000    1000.00                                                                    24365    1000.00       30755    1000.00                          41493    1000.00
                     11112    1000.00     13384    2000.00     18564    1000.00                                                 3593562  1M00IL0.00                       48199    1000.00
04028    1000.00                                                                    24543    1000.00       30850    1000.00                          41528    1000.00
                     11175    3000.00     13394    2000.00     18626    1000.00                                                                                           48218    1000.00
04060    1000.00                                                                    24584    1000.00       3093914  1M00IL0.00           1000.00     41531    1000.00
                     11309    1000.00     13395    1000.00     18694    1000.00                                                 36080                                     48227    1000.00
04118    1000.00                                                                    24586    1000.00                                     1000.00     41550    1000.00
                     11349    1000.00     13533    1000.00     18745    15,000.00                          31039    1000.00     36099                                     48294    1000.00
04258    1000.00                                                                    24610    1000.00                                     1000.00     41564    1000.00
                     11350    1000.00     13555    1000.00     18941    1000.00                            31142    1000.00     36123                                     48378    1000.00
04309    1000.00                                                                    24671    1000.00                                     1000.00     41592    1000.00
                     11351    2000.00     13784    1000.00     1891698  1M00IL0.00                         31149    1000.00     36333                                     48493    1000.00
04417    1000.00                                                                    24839    1000.00                                     1000.00     4164823  2M00IL0.00
                     PREMIO               13802    1000.00                                                 31164    1000.00     36337                                     48516    1000.00
04617    1000.00                                               19125    1000.00     24880    1000.00                                     1000.00
                     11352MAYOR           13888    1000.00                                                 31168    1000.00     36372                42030    1000.00     48636    1000.00
04622    2000.00                                               19163    1000.00     24884    1000.00                                     1000.00
                                          13908    1000.00                                                 31188    1000.00     36401                42044    1000.00     48668    1000.00
04671    1000.00                                               19275    1000.00     24898    1000.00                                     1000.00
                                          1391746  1M00IL0.00                                              31329    1000.00     36576                42144    1000.00     48771    1000.00
04747    1000.00                                               19333    1000.00     24913    1000.00                                     1000.00
                                                                                                           31329    1000.00     36590                42171    1000.00     4894593  1M00IL0.00
04808    1000.00                                               19349    1000.00     2492459  1M00IL0.00                                  2000.00
                                          14017    1000.00                                                 31347    1000.00     36631                42187    1000.00
04827    1000.00                                               19413    1000.00                                                          1000.00
                                          14149    1000.00                          25264    1000.00       31543    2000.00     36711                42235    1000.00     49106    1000.00
04919    1000.00                                               19414    1000.00                                                          1000.00
                                          14172    1000.00                          25286    1000.00       31548    1000.00     36865                42395    1000.00     49283    1000.00
04946    1000.00                                               19503    1000.00                                                          1M00IL0.00
                                          14190    1000.00                          25313    1000.00       31754    1000.00     3683874              42398    1000.00     49324    1000.00
0490556  1M00IL0.00                                            19625    1000.00
                                          14212    1000.00                          25409    1000.00       31781    1000.00              1000.00     42452    1000.00     49389    1000.00
                                                               19711    1000.00                                                 37047
05221    1000.00     C$ 3,500,000.00      14228    1000.00                          25482    1000.00       31799    1000.00              1000.00     42471    1000.00     49395    2000.00
                                                               19856    1000.00                                                 37093
05284    1000.00                          14276    1000.00                          25607    1000.00       31880    1000.00              1000.00     42697    1000.00     49451    1000.00
                                                               19860    2000.00                                                 37250
05400    1000.00     VENDIDO POR LA       14288    1000.00                          25659    1000.00       31903    1000.00              1000.00     4294536  1M00IL0.00  49526    2000.00
                                                               1992909  1M00IL0.00                                              37420
05504    1000.00     CONCESIONARIAL-189   14394    1000.00                          25699    1000.00       31953    1000.00              1000.00                          49576    1000.00
                                                                                                                                37426
05640    1000.00     IRENE MARLENE        14414    1000.00     20045    1000.00     25811    1000.00       3193627  1M00IL0.00           1000.00     43135    1000.00     49603    1000.00
                                                                                                                                37604
05665    1000.00     SANCHEZ DIAZ         14660    1000.00     20163    1000.00     25879    1000.00                                     1000.00     43188    2000.00     49657    1000.00
                                                                                                                                37708
05706    1000.00     LEON                 14707    1000.00     20190    1000.00     2592363  3M00IL0.00    32102    1000.00              1000.00     43205    1000.00     49797    1000.00
                                                                                                                                37746
05725    1000.00                          14714    1000.00     20224    1000.00                            32105    1000.00              1000.00     43250    1000.00     49808    1000.00
                                                                                                                                37780
0580165  1M00IL0.00  11353    2000.00     14731    1000.00     20260    1000.00     26097    1000.00       32173    1000.00              1M00IL0.00  43305    1000.00     49890    1000.00
                                                                                                                                3793887
                     11354    1000.00     1471757  1M00IL0.00  20276    1000.00     26171    1000.00       32301    1000.00                          43360    1000.00     4995805  1M00IL0.00

06001    1000.00     11355    1000.00     15079    1000.00     20506    1000.00     26330    1000.00       32304    1000.00     38215    1000.00     43383    1000.00     50199    1000.00

06161    1000.00     11463    2000.00     15087    1000.00     20509    1000.00     26407    1000.00       32517    1000.00     38357    3000.00     43430    1000.00     50355    1000.00

06517    1000.00     11467    1000.00     15136    1000.00     20717    1000.00     26572    1000.00       32563    1000.00     38393TERCER PREMIO   43456    1000.00     50355    1000.00

06590    2000.00     11489    1000.00     15149    1000.00     20875    1000.00     26676    1000.00       32589    1000.00                          43595    2000.00     50469    1000.00

06595    1000.00     11499    1000.00     15275    1000.00     2092519  1M00IL0.00  26686    1000.00       32740    1000.00                          43656    1000.00     50546    1000.00

06719    1000.00     11587    1000.00     15317    1000.00                          26713    1000.00       32917    1000.00                          43742    1000.00     50606    1000.00

06739    1000.00     11595    1000.00     15344    1000.00     21009    1000.00     26753    1000.00       3293139  1M00IL0.00  C$50,000.00          43827    1000.00     50658    1000.00

06760    1000.00     11636    1000.00     15357    1000.00     21187    1000.00     26754    1000.00       33061    1000.00                          43830    1000.00     50765    1000.00

06827    3000.00     11652    1000.00     15699    1000.00     21235    1000.00     26764    1000.00       33070    1000.00     MATAGALPA            43872    1000.00     50800    1000.00

06930    1000.00     11783    1000.00     15774    1000.00     21277    1000.00     2692372  1M00IL0.00    33094    1000.00                          4394443  1M00IL0.00  50823    1000.00

06932    1000.00     1181822  1M00IL0.00  15810    1000.00     21299    1000.00     27001    1000.00       33111    1000.00     38645    1000.00     44013    1000.00     50886    1000.00

06956    1000.00                          15812    1000.00     21314    1000.00     27204    1000.00       33190    1000.00     38652    1000.00     44124    1000.00     50905    1000.00

0690773  1M00IL0.00  12117    2000.00     1581563  1M00IL0.00  21334    1000.00     27375    1000.00       33226    1000.00     38661    1000.00     44215    1000.00     50923    1000.00

                     12158    1000.00                          21461    1000.00                                                 38735    1000.00

NOTA: LOS BILLETES TERMINADOS EN 1352 GANAN C$4,800.00, LOS TERMINADOS EN 352 GANAN C$2,400.00, LOS TERMINADOS EN 52 GANAN

C$1,200.00, LOS TERMINADOS EN 2 GANAN C$600.00. TODOS LOS NUMEROS DE LA PRESENTE LISTA Y QUE A LA VEZ TENGAN TERMINACIONES

DEL PREMIO MAYOR TIENEN DERECHO AL PREMIO Y A LA TERMINACION. SE EXCEPTUA AL PREMIO MAYOR EN TODAS LAS TERMINACIONES.

         ESTA LISTA ES GRATIS · VISITE WWW.LOTERIANACIONAL.COM.NI
