                                                                          SORTEO ORDINARIO Nº 1481

                                                                                                                                                              MANAGUA

                                                                 3,500,000Córdobas                                                                            29 DE SEPTIEMBRE

                                                                                                                                                                          2009

                                                                                                                                                              CADUCIDAD

                                                                                                                                                              7 DE ENERO

                                                                                                                                                                          2010

                                                                                                                                                              LISTA OFICIAL

01       MIL         07509    2000.00       12398    1000.00     18610    2000.00     24500    1000.00     30361    2000.00     36384    1000.00     41080    1000.00     47       MIL

01149    1000.00     07602    1000.00       12401    1000.00     18624    1000.00     24541    1000.00     30377    1000.00     36384    1000.00     41124    1000.00     47027    1000.00

01299    3000.00     07699    1000.00       12598    1000.00     1891694  1M00IL0.00  24560    1000.00     30505    1000.00     36397    1000.00     41213    3000.00     47120    1000.00

01392    1000.00     07751    1000.00       12623    1000.00     19202    1000.00     24906    1000.00     30526    1000.00     36441    1000.00     41245    1000.00     47166    1000.00

01416    1000.00     07786    1000.00       1281034  1M00IL0.00  19467    1000.00     24932    1000.00     30535    1000.00     36509    1000.00     41252    1000.00     47218    1000.00

01426    1000.00     07822    1000.00       13019    1000.00                          24939    1000.00     30537    1000.00     36524    1000.00     41375    2000.00     47219    1000.00

01453    15,000.00   0780980  1M00IL0.00    13136    1000.00     19531CUARTO PREMIO   2492655  1M00IL0.00  30562    1000.00     36543    1000.00     41382    1000.00     47220    2000.00

01473    1000.00     08059    1000.00       13142    1000.00                          25119    1000.00     30653    1000.00     36618    2000.00     41398    1000.00     PREMIO

01535    1000.00     08086    1000.00       13313    2000.00                          25157    1000.00     30838    1000.00     36624    1000.00     41416    1000.00     47221MAYOR

01662    1000.00     08108    1000.00       13327    1000.00                          25188    1000.00     30880    2000.00     36827    1000.00     41495    1000.00

01755    1000.00     08143    1000.00       13377    1000.00     CM$2A5N,0A0G0U.0A0   25228    1000.00     30894    1000.00     3693874  1M00IL0.00  41498    1000.00

01784    1000.00     08175    2000.00       13395    1000.00                          25302    1000.00     3093511  1M00IL0.00  37031    1000.00     41556    1000.00

0180829  1M00IL0.00  08207    1000.00       13779    1000.00     19653    2000.00     25312    1000.00     31060    1000.00     37089    1000.00     41842    1000.00

02001    1000.00     08224    1000.00       13915    1000.00     19849    1000.00     25372    1000.00     31093    1000.00                          41849    1000.00

02208    1000.00     08424    1000.00       13972    1000.00     19944    1000.00     25499    1000.00     31164    1000.00     37178SEGUNDO         41879    1000.00

02476    1000.00     08565    1000.00       1391844  1M00IL0.00  19964    2000.00     25528    1000.00     31443    1000.00     PREMIO               4194123  1M00IL0.00  C$ 3,500,000.00

02817    1000.00     08630    1000.00       14071    1000.00     19981    1000.00     25545    1000.00     31615    1000.00                          42001    1000.00

02819    1000.00     08630    1000.00       14188    1000.00     1992909  1M00IL0.00  25547    1000.00     31720    1000.00                          42180    1000.00     NO FUE VENDIDO.

02840    1000.00     08829    1000.00       14296    1000.00     20017    1000.00     25832    1000.00     31768    1000.00                          42204    1000.00     POR ACUMULACION EL

0280531  1M00IL0.00  0890295  10M,00IL0.00                                            2592361  1M00IL0.00  31891    1000.00                          42230    1000.00     SORTEO 1482 DEL 6 DE
                                                                                                                                                                          OCTUBRE 2009 TENDRA
                                            14376    1000.00     20068    1000.00                          3193723  1M00IL0.00                       42370    1000.00     UN PREMIO MAYOR DE
                                                                                                                                C$300,000.00
03030    2000.00     09344    1000.00       14408    1000.00     20136    1000.00     26036    1000.00                                               42415    1000.00     C$ 5,250,000.00 POR
                                                                                                                                                                          EL PRECIO DE C$300
03045    1000.00     09353    1000.00       14478    2000.00     20270    1000.00     26130    1000.00     32015    1000.00     MATAGALPA            42428    1000.00           EL BILLETE.
                                                                                                                                                                          RIVAS
03061    1000.00     09422    1000.00       14562    1000.00     20312    2000.00     26312    1000.00     32025    1000.00                          42430    2000.00

03097    1000.00     09573    1000.00       14645    1000.00     20322    1000.00     26344    1000.00     32364    1000.00     37196    2000.00     42475    1000.00

03132    1000.00     09642    1000.00       14701    1000.00     20446    1000.00     26350    1000.00     32506    1000.00     37390    1000.00     42579    1000.00     47222    2000.00

03204    1000.00     09670    1000.00       14814    1000.00     20515    1000.00     26429    1000.00     32508    1000.00     37412    1000.00     42656    1000.00     47223    1000.00

03212    1000.00     09710    1000.00       1491757  1M00IL0.00  20639    1000.00     26465    1000.00     32508    1000.00     37513    1000.00     42690    2000.00     47224    1000.00

03251    1000.00     09788    1000.00       15170    1000.00     20693    1000.00     26554    1000.00     32584    1000.00     37578    2000.00     42699    1000.00     47273    1000.00

03272    1000.00     09855    1000.00       15222    1000.00     20698    1000.00     26618    1000.00     32744    1000.00     37589    1000.00     42710    1000.00     47315    1000.00

03283    1000.00     09884    1000.00       15438    2000.00     20830    1000.00     26684    1000.00     32765    1000.00     37794    1000.00     42747    1000.00     47361    1000.00

03289    1000.00     0991602  1M00IL0.00    15456    1000.00     20834    1000.00     26901    1000.00     32771    1000.00     37810    1000.00     42838    1000.00     47388    1000.00

03383    1000.00     10108    2000.00       15533    1000.00     2092210  1M00IL0.00  2692671  1M00IL0.00  32779    1000.00     37813    1000.00     42859    1000.00     47397    1000.00

03411    1000.00     10182    1000.00       15542    1000.00     21013    1000.00     27049    1000.00     32790    1000.00     37856    1000.00     42884    1000.00     47611    1000.00

03463    1000.00     10215    1000.00       15652    1000.00     21176    1000.00     27129    1000.00     32828    1000.00     37968    1000.00     42922    1000.00     47758    1000.00

03565CUARTO PREMIO   10229    3000.00       15696    1000.00     21313    1000.00     27292    1000.00     32979    1000.00     3793882  1M00IL0.00  42925    1000.00     47786    1000.00

                     10304    1000.00       15703    1000.00     21329    1000.00     27306    1000.00     3293934  1M00IL0.00                       4294239  1M00IL0.00  47816    1000.00

                     10500    1000.00       15810    1000.00     21447    1000.00     27399    1000.00     33047    1000.00     38029    1000.00                          47863    1000.00

C$25,000.00          10662    1000.00       15919    1000.00     21476    1000.00     27404    1000.00     33083    1000.00     38072    1000.00     43028    1000.00     4794285  1M00IL0.00

OCOTAL               10819    1000.00       15926    1000.00     21524    1000.00     27497    1000.00     33226    1000.00     38100    1000.00     43206    1000.00     48046    1000.00

                     10833    1000.00       1591466  1M00IL0.00  21666    3000.00     27529    1000.00     33265    1000.00     38127    1000.00     43254    1000.00     48096    1000.00

03659    1000.00     10867    1000.00                            21710    1000.00     27600    1000.00     33276    1000.00     38246    1000.00     43264    1000.00     48119    1000.00

03705    1000.00     10945    1000.00       16001    1000.00     21804    1000.00     27616    1000.00     33288    1000.00     38281    1000.00     43317    1000.00     48147    1000.00

03739    1000.00     1091611  1M00IL0.00    16114    1000.00     21809    1000.00     27617    1000.00     33528    1000.00     38389    1000.00     43400    1000.00     48318    1000.00

03892    1000.00                            16211    1000.00     21827    1000.00     27627    1000.00     3353340  1M00IL0.00  38460    1000.00     43438    1000.00     48342    1000.00

0390248  1M00IL0.00  11068    1000.00       16234    1000.00     21833    1000.00     27690    1000.00                          38489QUINTO PREMIO   43619    1000.00     48402    1000.00

04004    1000.00                            16356    1000.00     21848    2000.00     27774    1000.00     34066    1000.00                          43793    1000.00     48452    1000.00

                     11099TERCER PREMIO                                                                                         C$20,000.00          43803    1000.00
                                                                                                                                JINOTEGA
04128    1000.00                            16441    1000.00     21875    1000.00     27832    1000.00     34239    1000.00                          4384044  1M00IL0.00  48474    1000.00

04158    1000.00                            16619    1000.00     21889    1000.00     2782689  1M00IL0.00  34322    1000.00     38522    1000.00                          48495    1000.00

04286    3000.00                            16678    1000.00     2192828  1M00IL0.00                       34364    2000.00     38730    1000.00     44181    1000.00     48504    1000.00

04335    1000.00                            16715    1000.00                          28074    1000.00     34705    1000.00     38741    1000.00     44237    1000.00     48525    1000.00

04547    1000.00     C$50,000.00            16739    1000.00     22085    1000.00     28176    1000.00     34748    1000.00     38775    1000.00     44246    1000.00     48535    1000.00

04829    1000.00     MANAGUA                16759    1000.00     22122    1000.00     28233    1000.00     34802    1000.00     38786    1000.00     44319    1000.00     48593    1000.00

04851    1000.00                            16941    1000.00     22156    1000.00     28520    1000.00     34810    1000.00     38879    1000.00     44359    1000.00     48626    1000.00

0480656  1M00IL0.00                         1691978  1M00IL0.00  22192    1000.00     28532    1000.00     3493759  1M00IL0.00  38881    1000.00     44577    1000.00     48771    1000.00

                     11115    1000.00       17021    1000.00     22210    1000.00     28571    1000.00     35040    1000.00     3883998  1M00IL0.00  44847    1000.00     48914    1000.00

05076    1000.00     11123    3000.00       17220    1000.00     22246    1000.00     28595    1000.00     35055    2000.00                          44883    1000.00     4894290  1M00IL0.00

05296    1000.00     11209    1000.00       17239    2000.00     22307    1000.00     28860    1000.00     35097    1000.00     39112    1000.00     44961    1000.00     49016    1000.00

05304    1000.00     11311    1000.00       17513    1000.00     22333    1000.00     2882899  1M00IL0.00  35104    1000.00     39197    1000.00     4494954  1M00IL0.00  49077    1000.00

05414    1000.00     11324    1000.00       17592    1000.00     22419    1000.00     29095    1000.00     35252    1000.00     39206    1000.00                          49182    2000.00

05501    1000.00     11398    1000.00       17602    1000.00     22436    1000.00     29123    1000.00     35315    1000.00     39338    1000.00     45141    1000.00     49217    1000.00

05554    1000.00     11429    1000.00       17675    1000.00     22719    1000.00     29158    2000.00     35328    1000.00     39374    1000.00     45152    1000.00     49246    1000.00

05595    1000.00     11447TERCER PREMIO     17717    1000.00     22773    1000.00     29303    1000.00     35343    1000.00     39375    1000.00     45365    2000.00     49305    1000.00

05613    1000.00                            17719    1000.00     2292834  1M00IL0.00  29308    2000.00     35351    1000.00     39446    1000.00     45386    1000.00     49323    1000.00

05661    1000.00                            17791    1000.00     23074    1000.00     29580    2000.00     35353    1000.00     39593    2000.00     45457    1000.00     49487    1000.00

05744    1000.00                            17824    1000.00     23111    10,000.00   29634    1000.00     35392    1000.00     39595    1000.00     45483    1000.00     49525    1000.00

05744    1000.00     C$50,000.00            17852    1000.00     23157    1000.00     29646    1000.00     35416    1000.00     39714    1000.00     45492    1000.00     49747    1000.00

05866    1000.00                            17889    1000.00     23176    1000.00     29755    1000.00     35464    1000.00     3974807  1M00IL0.00  45619    1000.00     49959    1000.00

0590062  1M00IL0.00  LEON                   17983    1000.00     23213    1000.00     29760    1000.00     35489    1000.00                          45678    1000.00     49982    1000.00

06313    1000.00                            1791981  1M00IL0.00  23349    1000.00     29767    2000.00     35497    1000.00     40007    1000.00     45849    1000.00     4995806  1M00IL0.00

06322    1000.00     11468    1000.00                            23351    1000.00     29786    1000.00     35500    1000.00     40057    1000.00     45853    1000.00

06523    1000.00     11604    1000.00       18038    1000.00     23655    2000.00     29807    1000.00     35677    1000.00     40124    1000.00     45924    1000.00     50128    1000.00

06760    1000.00     11729    1000.00       18095    1000.00     23755    1000.00     29836    1000.00     35721    1000.00     40155    1000.00     45984    1000.00     50206    1000.00

06805    1000.00     11731    1000.00       18257    1000.00     23757    1000.00     2983400  1M00IL0.00  35813    1000.00     40157    1000.00     4594969  1M00IL0.00  50241    1000.00

06843    1000.00     11828    1000.00       18268    1000.00     23852    1000.00                          35859    1000.00     40181    1000.00     46191    1000.00     50433    2000.00

06896    1000.00     11842    1000.00       18281    1000.00     2382646  1M00IL0.00  30007    1000.00     3593263  1M00IL0.00  40253    1000.00     46242    1000.00     50529    1000.00

0690873  1M00IL0.00  11921    2000.00       18349    1000.00                          30071    1000.00                          40300    1000.00     46309    1000.00     50537    1000.00

                     1191522  1M00IL0.00    18361    2000.00     24092    1000.00     30098    1000.00     36027    1000.00     40341    1000.00     46457    1000.00     50549    1000.00

07065    1000.00     12011    1000.00       18370    1000.00     24173    1000.00     30108    1000.00     36052    1000.00     40562    1000.00     46502    1000.00     50656    1000.00

07184    1000.00     12062    1000.00       18433    1000.00     24182    1000.00     30169    1000.00     36288    1000.00     40657    1000.00     46585    1000.00     50842    1000.00

07285    1000.00     12329    1000.00       18435    1000.00     24318    1000.00     30236    1000.00     36341    1000.00     40700    1000.00     46784    1000.00     50907    3000.00

07343    2000.00     12331    1000.00       18536    1000.00     24344    1000.00     30303    1000.00     36347    1000.00     4094610  1M00IL0.00  46928    1000.00     50939    1000.00

NOTA: LOS BILLETES TERMINADOS EN 7221 GANAN C$4,800.00, LOS TERMINADOS EN 221 GANAN C$2,400.00, LOS TERMINADOS EN 21 GANAN

C$1,200.00, LOS TERMINADOS EN 1 GANAN C$600.00. TODOS LOS NUMEROS DE LA PRESENTE LISTA Y QUE A LA VEZ TENGAN TERMINACIONES

DEL PREMIO MAYOR TIENEN DERECHO AL PREMIO Y A LA TERMINACION. SE EXCEPTUA AL PREMIO MAYOR EN TODAS LAS TERMINACIONES.

NOTA: POR ACUMULACION EL SORTEO No. 1482 A VERIFICARSE EL 6 DE OCTUBRE DEL 2009 TENDRA UN

    PREMIO MAYOR DE C$ 5,250,000.00 POR EL PRECIO DE C$ 300.00 EL BILLETE Y C$ 15.00 EL VIGESIMO
