                                                                        SORTEO ORDINARIO Nº 1482

                                                                                                                                                              MANAGUA

                                                               5,250,000Córdobas                                                                              6 DE OCTUBRE

                                                                                                                                                                          2009

                                                                                                                                                              CADUCIDAD

                                                                                                                                                              14 DE ENERO

                                                                                                                                                                          2010

                                                                                                                                                              LISTA OFICIAL

01       MIL         07662    1000.00     13584    3000.00     18873    1000.00     24427    1000.00       29080    1000.00     33534    1000.00     40399    1000.00     44325    1000.00

01001    1000.00     07710    1000.00     13684    1000.00     1891494  1M00IL0.00  24436    1000.00       29126    1000.00     33819    1000.00     40415    1000.00     44375    1000.00

01039    1000.00     0790888  1M00IL0.00  13717    1000.00     19010    2000.00     24551    1000.00       29139    1000.00     33823    1000.00     40432    1000.00     44516    1000.00

01051    1000.00     08159    1000.00     13816    1000.00     19239    1000.00     24696    1000.00       29156    1000.00     33969    1000.00     40436    1000.00     44521    1000.00

01087    1000.00     08166    1000.00     13884    1000.00     19273    1000.00     2472258  1M00IL0.00    29182    2000.00     3393747  1M00IL0.00  40536    1000.00     44533    1000.00

01251    1000.00     08237    1000.00     13983    1000.00     19345    1000.00     25042    1000.00       29207    1000.00     34002    1000.00     40560    1000.00     44574    15,000.00

01279    2000.00     08310    1000.00     1391943  1M00IL0.00  19383    1000.00     25064    2000.00       29258    2000.00                          40582    1000.00     44666    1000.00

01291    3000.00     08325    1000.00     14003    1000.00     19530    1000.00     25112    1000.00       29296    1000.00     34174    1000.00     40597    1000.00     44685    1000.00

01362    1000.00     08437    1000.00     14116    1000.00     19562    1000.00     25138    1000.00       29444    1000.00     34190    1000.00     40642    1000.00     44700    1000.00

01406    1000.00     08513    1000.00     14213    1000.00     19565    1000.00     25157    1000.00       29740    1000.00     34313    1000.00     40662    1000.00     44881    1000.00

01431    1000.00     08674    1000.00     14538    2000.00     19657    1000.00     25219    1000.00       29900    1000.00     34341    1000.00     40667    1000.00     4494552  1M00IL0.00

01440    1000.00     08746    1000.00     14572    1000.00     19950    2000.00     25425    1000.00       2993401  1M00IL0.00  34347    1000.00     40676    1000.00     45049    1000.00

01502    1000.00     08773    1000.00     14670    1000.00     19964    1000.00     25426    1000.00       30000    1000.00     34361    1000.00     40698    1000.00     45077    1000.00

01842    2000.00     08784    1000.00     14672    1000.00     1992800  1M00IL0.00  25427    2000.00       30017    1000.00     34389    1000.00     40833    1000.00     45451    1000.00

01973    1000.00     0890393  1M00IL0.00  14677    1000.00                                                 30051    1000.00     34408    1000.00     40844    1000.00     45530    1000.00

01987    1000.00                                               20015    1000.00     PREMIO                                      34409    1000.00     4094113  1M00IL0.00
                                          14695    3000.00                          25428MAYOR             30086    1000.00                                               45611    1000.00
01992    1000.00     09221    1000.00                          20160    1000.00                                                 34415    1000.00
                                          14742    1000.00                                                 30108    1000.00                          41026    1000.00     45613    1000.00
0190922  1M00IL0.00  09282    1000.00                          20276    1000.00                                                 34438    1000.00
                                          14754    1000.00                                                 30168    1000.00                          41047    2000.00     45642    1000.00
02039    1000.00     09386    1000.00                          20447    1000.00                                                 34487    1000.00
                                          14811    1000.00                                                 30340    1000.00                          41101    1000.00     45735    1000.00
02099    1000.00     09532    1000.00                          20493    1000.00                                                 34577    1000.00
                                          14854    1000.00                                                 30448    1000.00                          41114    1000.00     45771    1000.00
02108    1000.00     09590    2000.00                          20499    1000.00                                                 34853    1000.00
                                          14904    1000.00                                                 30501    2000.00                          41141    1000.00     4584965  1M00IL0.00
02231    1000.00     09670    1000.00                          20519    1000.00                                                 34894    1000.00
                                          1491250  1M00IL0.00                                              30521    1000.00                          41157    1000.00
02294    2000.00     09671    1000.00                          20570    1000.00                                                 34942    1000.00                          46059    1000.00
                                                                                                           30544    1000.00                          41225    1000.00
02450    1000.00     09712    1000.00     15009    1000.00     20776    1000.00     C$ 5,250,000.00                             3493456  3M00IL0.00                       46097    1000.00
                                                                                                           30557    1000.00                          41226    1000.00
02527    1000.00     09765    1000.00     15013    1000.00     20794    1000.00                                                 35198    1000.00                          46112    1000.00
                                                                                                           30608    1000.00                          41289    1000.00
02563    1000.00     09767    1000.00     15054    3000.00     20858    1000.00                                                 35359    1000.00                          46367    1000.00
                                                                                    NO FUE VENDIDO.        30625    10,000.00                        41342    1000.00
                                                                                    POR ACUMULACION EL
02765    2000.00     0991902  1M00IL0.00  15145    1000.00     2082812  1M00IL0.00  SORTEO 1483 DEL 13 DE  30685    1000.00     35382    1000.00     41453    1000.00     46374    1000.00

02767    1000.00                          15171    1000.00                          OCTUBRE 2009 TENDRA    30710    1000.00     35415    1000.00     41685    1000.00     46393    1000.00
                                                                                    UN PREMIO MAYOR DE
0280931  1M00IL0.00  10156    1000.00     15207    1000.00     21003    1000.00     C$ 7,000,000.00 POR    30717    1000.00     35454    1000.00     41697    1000.00     46579    1000.00
                                                                                    EL PRECIO DE C$300
                     10181    1000.00     15309    1000.00     21051    1000.00     EL BILLETE.            3093213  1M00IL0.00  35647    2000.00     41741    1000.00     46642    1000.00

03019    1000.00     10189    1000.00     15354    1000.00     21216    1000.00     MANAGUA                                     35916    1000.00     41866    1000.00     46686    1000.00

03022    1000.00     10246    1000.00     15505    1000.00     21318    1000.00                            31019    1000.00     35936    1000.00     41883    1000.00     46717    1000.00

03100    1000.00     10280    1000.00     15550    1000.00     21394    1000.00     25429    2000.00       31102    1000.00     3593663  1M00IL0.00  41886    1000.00     46739    1000.00

03411    1000.00     10282    1000.00     15647    1000.00     21565    1000.00     25430    1000.00       31125    1000.00                          41892    1000.00     46819    1000.00

03432    1000.00     10308    1000.00     15660    1000.00     21584    1000.00     25431    1000.00       31171    1000.00     36016    1000.00     41894    1000.00     4694370  1M00IL0.00

03472    1000.00     10444    1000.00     15674    1000.00     21588    1000.00     25454CUARTO PREMIO     31254    1000.00     36096    1000.00     4194321  1M00IL0.00

0380841  1M00IL0.00  10481    1000.00     15814    1000.00     21692    1000.00                            31478    2000.00     36237    1000.00                          47004    1000.00

04092    1000.00     10518    1000.00     1581467  1M00IL0.00  21876    2000.00                            31495    1000.00     36379    1000.00     42081    1000.00     47025    1000.00

04142    2000.00     10595    1000.00                          2182823  1M00IL0.00  C$25,000.00            31711    1000.00     36433    1000.00     42212    1000.00     47042    1000.00

04472    1000.00     10598    1000.00     16114    1000.00     22031    1000.00     MANAGUA                31720    1000.00     36433    1000.00     42247    2000.00     47071    2000.00

04478    1000.00     10689    1000.00     16154    1000.00     22091QUINTO PREMIO                          31792    1000.00     36624    1000.00     42258    1000.00     47114    1000.00

04633    1000.00     10733    1000.00     16225    1000.00                          25494    1000.00       31886TERCER PREMIO   36665    1000.00     42276    1000.00     47403    1000.00

04716    1000.00     10773    1000.00     16284    1000.00     C$20,000.00          25503    1000.00                            36750    1000.00     42324    1000.00     47554    1000.00

04772    1000.00     10833    1000.00     16292    1000.00     MANAGUA              25551    1000.00                            3693877  1M00IL0.00  42378SEGUNDO         47718    1000.00

04791    1000.00     10900    1000.00     16419    1000.00     22145    1000.00     25559    1000.00                            37067    1000.00     PREMIO               47759    1000.00

04800    1000.00     10958    1000.00     16434    1000.00     22191    1000.00     25745    1000.00                            37289    1000.00                          4774984  1M00IL0.00

0490557  2M00IL0.00  1091719  1M00IL0.00  16483    1000.00     22230    1000.00     2592961  1M00IL0.00    C$50,000.00          37319    1000.00                          48229    1000.00

                     11037    1000.00     16522    1000.00     22301    1000.00                                                 37376    1000.00                          48586    1000.00

05000    2000.00     11038    1000.00     16569    1000.00     22306    1000.00     26051    1000.00       MASAYA               37633    2000.00

05036    1000.00     11054    1000.00     16675    2000.00     22331    1000.00     26108    1000.00                            37687    1000.00                          48765CUARTO PREMIO

05047    1000.00     11103    1000.00     16795    1000.00     22432    1000.00     26214    2000.00       31924TERCER PREMIO   37735    1000.00

05098    1000.00     11135    1000.00     16827    1000.00     22448    10,000.00   26224    1000.00                            3783486  1M00IL0.00  C$300,000.00

05200    1000.00     11142    1000.00     16843    1000.00     22481    1000.00     26260    1000.00                                                                      C$25,000.00

05325    1000.00     11232    1000.00     16844    1000.00     22521    1000.00     26625    1000.00                            38184    1000.00     CHINANDEGA           MATAGALPA

05384    1000.00     11291    2000.00     16855    2000.00     22654    1000.00     26728    1000.00                            38202    1000.00                          4884990  1M00IL0.00

05408    1000.00     11348    1000.00     16870    1000.00     22692    2000.00     26746    1000.00       C$50,000.00          38298    1000.00

05473    1000.00     11437    1000.00     16887    1000.00     22699    1000.00     26761    1000.00       GRANADA              38337    1000.00     42409    1000.00     49077    1000.00

05486    1000.00     11543    1000.00     1691770  1M00IL0.00  22812    1000.00     26797    1000.00                            38501    1000.00     42427    1000.00     49132    1000.00

05510    1000.00     11633    1000.00     17007    1000.00     22837    1000.00     26830    1000.00                            38640    1000.00     42467    1000.00     49217    1000.00

05533    1000.00     11685    1000.00     17050    1000.00     22895    1000.00     2682979  1M00IL0.00    3193524  1M00IL0.00  38647    1000.00     42510    1000.00     49275    1000.00

05534    1000.00     11876    1000.00     17061    1000.00     22901    1000.00     27111    1000.00       32012    1000.00     38820    1000.00     42518    1000.00     49371    1000.00

05612    1000.00     11912    1000.00     17131    1000.00     2292133  1M00IL0.00  27116    1000.00       32085    1000.00     3883895  1M00IL0.00  42541    1000.00     49395    1000.00

0590565  2M00IL0.00  1191702  1M00IL0.00  17181    1000.00                          27135    1000.00       32133    1000.00                          42651    1000.00     49414    1000.00

                                          17242    1000.00     23159    1000.00     27194    1000.00       32141    1000.00     39053    1000.00     42712    1000.00     49432    1000.00

06115    1000.00     12002    1000.00     17255    1000.00     23241    1000.00     27239    1000.00       32223    1000.00     39122    1000.00     42735    1000.00     49558    1000.00

06209    2000.00     12079    1000.00     17484    1000.00     23282    1000.00     27402    1000.00       32298    1000.00     39243    1000.00     42873    1000.00     49586    1000.00

06218    1000.00     12611    1000.00     17546    1000.00     23419    1000.00     27455    1000.00       32411    1000.00     39289    1000.00     42880    1000.00     49642    1000.00

06301    1000.00     12735    1000.00     1761087  1M00IL0.00  23503    1000.00     27508    1000.00       32425    2000.00     39434    1000.00     42913    1000.00     49672    1000.00

06336    1000.00     12788    1000.00                          23595    1000.00     27569    1000.00       32432    1000.00     39484    1000.00     4294834  1M00IL0.00  4995004  2M00IL0.00

06419    1000.00     12816    1000.00     18083    1000.00     23633    1000.00     27788    1000.00       32632    1000.00     39489    1000.00     43008    1000.00

06493    1000.00     1281734  1M00IL0.00  18211    1000.00     23785    1000.00     27806    1000.00       32736    1000.00     39619    1000.00     43161    1000.00     50008    1000.00

06529    2000.00                          18230    1000.00     2382042  1M00IL0.00  27841    1000.00       32763    1000.00     39623    1000.00     43314    1000.00     50050    1000.00

0690579  1M00IL0.00  13032    1000.00     18241    1000.00                          2792784  1M00IL0.00    3283636  1M00IL0.00  39750    1000.00     43340    1000.00     50074    1000.00

07063    1000.00     13107    1000.00     18250    1000.00     24010    1000.00                                                 3974706  1M00IL0.00  43345    1000.00     50241    1000.00

07160    1000.00     13168    1000.00     18359    1000.00     24053    1000.00     28112    1000.00       33014    1000.00     40006    1000.00     43396    1000.00     50254    1000.00

07198    1000.00     13193    1000.00     18371    1000.00     24088    3000.00     28124    1000.00       33059    1000.00     40016    1000.00     43517    1000.00     50364    1000.00

07214    1000.00     13211    1000.00     18442    1000.00     24193    1000.00     28379    1000.00       33083    1000.00     40054    1000.00     43605    1000.00     50571    1000.00

07215    1000.00     13289    2000.00     18581    1000.00     24207    1000.00     28398    1000.00       33087    3000.00     40074    1000.00     43791    1000.00     50685    1000.00

07403    2000.00     13332    1000.00     18645    1000.00     24211    1000.00     28432    1000.00       33162    1000.00     40075    1000.00     4384749  1M00IL0.00  50749    1000.00

07412    1000.00     13352    1000.00     18679    1000.00     24291    1000.00     28612    1000.00       33218    1000.00     40147    1000.00                          50765    1000.00

07414    1000.00     13397    1000.00     18706    1000.00     24337    1000.00     28782    1000.00       33311    1000.00     40159    1000.00     44010    1000.00     50798    1000.00

07438    1000.00     13417    1000.00     18741    1000.00     24379    1000.00     2892692  1M00IL0.00    33315    1000.00     40174    1000.00     44137    2000.00     50902    1000.00

07493    1000.00     13555    1000.00     18812    1000.00     24422    1000.00                            33359    1000.00                          44277    1000.00     50950    1000.00

NOTA: LOS BILLETES TERMINADOS EN 5428 GANAN C$4,800.00, LOS TERMINADOS EN 428 GANAN C$2,400.00, LOS TERMINADOS EN 28 GANAN

C$1,200.00, LOS TERMINADOS EN 8 GANAN C$600.00. TODOS LOS NUMEROS DE LA PRESENTE LISTA Y QUE A LA VEZ TENGAN TERMINACIONES

DEL PREMIO MAYOR TIENEN DERECHO AL PREMIO Y A LA TERMINACION. SE EXCEPTUA AL PREMIO MAYOR EN TODAS LAS TERMINACIONES.

NOTA: POR ACUMULACION EL SORTEO No. 1483 A VERIFICARSE EL 13 DE OCTUBRE DEL 2009 TENDRA UN

    PREMIO MAYOR DE C$ 7,000,000.00 POR EL PRECIO DE C$ 300.00 EL BILLETE Y C$ 15.00 EL VIGESIMO
