                                                                        SORTEO ORDINARIO Nº 1483

                                                                                                                                                              MANAGUA

                                                               7,000,000Córdobas                                                                              13 DE OCTUBRE

                                                                                                                                                                          2009

                                                                                                                                                              CADUCIDAD

                                                                                                                                                              21 DE ENERO

                                                                                                                                                                          2010

                                                                                                                                                              LISTA OFICIAL

01       MIL         06147    1000.00     13       MIL         17537    1000.00     23844    1000.00     29231TERCER PREMIO     34997    1000.00     40508    1000.00     46796    1000.00

01068    1000.00     06218    1000.00     13004    1000.00     17563    1000.00     23855    1000.00                            3493959  1M00IL0.00  40519    1000.00     46818    1000.00

01074    1000.00     06278    1000.00     13034    1000.00     17666    1000.00     23954    1000.00                                                 40527    1000.00     46831    1000.00

01319    1000.00     06547    1000.00     13044    1000.00     17711    1000.00     2392744  1M00IL0.00                         35009    1000.00     40701    2000.00     4694170  1M00IL0.00

01418    1000.00     06567    2000.00     13074    1000.00     17753    1000.00     24025    1000.00                            35092    1000.00     40739    1000.00     47212    1000.00

01505    1000.00     06734    1000.00     13116    1000.00     1771882  1M00IL0.00  24035    10,000.00   C$50,000.00            35098    1000.00     40810    1000.00     47300    1000.00

01619    1000.00     06777    1000.00     13143    1000.00     18037    1000.00     24090    3000.00     MANAGUA                35310    1000.00     40882    2000.00     47484    1000.00

01786    1000.00     0680874  1M00IL0.00  13344    1000.00     18123    1000.00     24098    1000.00                            35391    1000.00     4094719  1M00IL0.00  47529    1000.00

01786    1000.00     07054    1000.00     13419    1000.00     18279    1000.00     24224    1000.00     29300    1000.00       35472    1000.00     41276    1000.00     47615    1000.00

01821    1000.00     07083    1000.00     13545    1000.00     18350    1000.00     24238    1000.00     29370    1000.00       35626    1000.00     41464    1000.00     47669    1000.00

0190528  1M00IL0.00  07245    1000.00     13563    1000.00     18454    1000.00     24255    1000.00     29458    1000.00       35643    1000.00     41503    1000.00     47695    1000.00

02069    2000.00     07410    1000.00     13619    1000.00     18511    1000.00     24290    1000.00     29503    1000.00       35666    1000.00     41559    1000.00     47752    1000.00

02081    1000.00     07520    1000.00     13626    1000.00     18549    1000.00     24682    1000.00     29533    1000.00       35709    1000.00     41632    1000.00     47767    1000.00

02365    1000.00     07541    1000.00     13674    1000.00     18575    2000.00     24699    1000.00     29562    1000.00       35785    1000.00     41691    1000.00     47796    1000.00

02403    1000.00     07616    1000.00     13725    1000.00     18884    1000.00     24713    1000.00     29563    1000.00       35814    1000.00     41844    1000.00     47846    1000.00

02489    1000.00     07741    1000.00     13863    1000.00     1891490  1M00IL0.00  24756    1000.00     29629    1000.00       35970    1000.00     4194925  1M00IL0.00  47862    1000.00

02512    1000.00     07787    1000.00     13907    1000.00                          24882    2000.00     29656    1000.00       3593769  1M00IL0.00                       4794882  1M00IL0.00

02556    3000.00     07808    1000.00     1391848  1M00IL0.00  19291    1000.00     24935    1000.00     29667    1000.00       36374    1000.00     42004    1000.00

02567    1000.00     0790183  1M00IL0.00  14128    1000.00     19520    1000.00     2492453  1M00IL0.00  29771    1000.00       36459    1000.00     42041    1000.00     48086    1000.00

02692    1000.00                          14152    1000.00     19682    1000.00                          29786    1000.00       36460    1000.00     42353    1000.00     48152    1000.00

02770    1000.00     08174    1000.00     14184    1000.00     19717    1000.00     25008    1000.00     29905    1000.00       36477    1000.00     42367    2000.00     48171    1000.00

0290430  1M00IL0.00  08254    1000.00     14294    1000.00     19731    1000.00     25274    1000.00     2993007  1M00IL0.00    36516    1000.00     42397    1000.00     48473    1000.00

03154    1000.00     08446    1000.00     14367    1000.00     19744    1000.00     25296    1000.00                            36580    1000.00     42487    1000.00     48477    1000.00

03177    1000.00     08592    1000.00     14392    1000.00     19749    1000.00     25341    1000.00     30188    1000.00       36709    1000.00     42578CUARTO PREMIO   48571    1000.00

03197    1000.00     08864    1000.00     14531    1000.00     19806    1000.00     25347    2000.00     30215    1000.00       3683071  1M00IL0.00                       48814    1000.00

03204    1000.00     0890299  1M00IL0.00  14620    1000.00     19863    1000.00     25396    1000.00     30267    1000.00       37060    1000.00                          48852    2000.00

03257    1000.00     09385    1000.00     14625    1000.00     19946    1000.00     25427    1000.00     30309    1000.00       37070    1000.00     C$25,000.00          4894894  1M00IL0.00

03311    1000.00     09446    1000.00     14901    1000.00     1992504  1M00IL0.00  25440    1000.00     30313    1000.00       37086    1000.00     ESTELI               49023    1000.00

03372    1000.00     09463    2000.00     14951    1000.00     20154    1000.00     25568    1000.00     30365    1000.00       37089    1000.00                          49081    1000.00

03393    1000.00     09517    1000.00     1491755  1M00IL0.00  20345    1000.00     25640    1000.00     30567    1000.00       37182    1000.00     42711    1000.00     49178    1000.00

03398    1000.00     09582    2000.00                          20418    2000.00     25704    1000.00     30572    1000.00       37208    1000.00     42882    1000.00     49179    1000.00

                     09582    1000.00     15310    1000.00     20542    1000.00     25843    1000.00     30718    2000.00       37393    1000.00     42897    1000.00     49180    2000.00

03577SEGUNDO         09595    1000.00     15314TERCER PREMIO   20772    1000.00     25932    1000.00     3083017  1M00IL0.00    37466    1000.00     42973    1000.00

PREMIO               09610    2000.00                          20813    1000.00     2592460  1M00IL0.00  31050    1000.00       37489    1000.00     4294835  1M00IL0.00  MAYOR49181PREMIO

                     09626    1000.00                          20912    1000.00     26112    1000.00     31166    1000.00       37537    1000.00     43147    1000.00

                     09760    1000.00                          20973    1000.00     26141    1000.00     31184    1000.00       37635    1000.00     43175    1000.00

                     09857    1000.00     C$50,000.00          20979    1000.00     26158    1000.00     31363    1000.00       3763886  1M00IL0.00  43342    1000.00

                     09953    1000.00                          2092815  1M00IL0.00  26339    1000.00     31441    3000.00                            43368    1000.00

                     09988    1000.00     MANAGUA              21240    1000.00     26350    3000.00     31522    1000.00       38020    1000.00     43401    1000.00

C$300,000.00         0991908  1M00IL0.00                       21268    1000.00     26409CUARTO PREMIO   31566    1000.00       38080    1000.00     43467    1000.00

                     10088    1000.00     15529    1000.00     21278    1000.00                          31582    1000.00       38097    1000.00     43617    1000.00

MANAGUA              10103    1000.00     15612    1000.00     21382    1000.00                          31601    1000.00       38245    1000.00     43646    1000.00     C$ 7,000,000.00

                     10194    1000.00     15661    1000.00     21529    2000.00     C$25,000.00          31668    1000.00       38247    1000.00     43667    1000.00

03657    2000.00     10233    1000.00     15755    1000.00     21650    1000.00     MASAYA               31675    1000.00       38311    1000.00     43704    1000.00

03722    1000.00     10245    1000.00     15755    1000.00     21702    1000.00                          31786    1000.00       38412    1000.00     43799    1000.00

03879    1000.00     10293    1000.00     15801    2000.00     21753    1000.00     26489    1000.00     3183122  1M00IL0.00    38604    1000.00     43878    1000.00     FUE VENDIDO EN LA

                                          15816    2000.00                          26527    1000.00                            38611    1000.00     4394045  1M00IL0.00  VENTANILLA DE

0390847  1M00IL0.00  10503    1000.00     15849    1000.00     21864    1000.00     26538    1000.00     32069    1000.00       38628    1000.00                          SIUNA

04171    1000.00     10548    1000.00     15863    1000.00     21951    1000.00     26613    1000.00     32153    1000.00       38705    1000.00     44115    1000.00

04180    1000.00     10562    1000.00     15866    1000.00     21965    1000.00     26616    1000.00     32260    1000.00       38715    1000.00     44117    2000.00     49182    2000.00

04248    1000.00     10584    3000.00     15886    1000.00     2192629  1M00IL0.00  26682    2000.00     32308    1000.00       38740    1000.00     44240    1000.00     49183    1000.00

04327    1000.00     10600    1000.00     15960    3000.00     22109    1000.00     26921    1000.00     32337    1000.00       3873698  1M00IL0.00  44699    1000.00     49184    1000.00

04414    1000.00     10606    1000.00     1591665  1M00IL0.00  22130    1000.00     26961    1000.00     32352    1000.00                            44727    1000.00     49241    1000.00

04461    1000.00     10639    1000.00                          22202    1000.00     2692778  1M00IL0.00  32396    1000.00       39003    1000.00     44835    1000.00     49282    1000.00

04499    1000.00     10707    2000.00     16065    1000.00     22323    1000.00                          32427    1000.00       39094    2000.00     44858    1000.00     49303    1000.00

04510    1000.00     10711    1000.00     16091    1000.00     22336    1000.00     27124    1000.00     32478    1000.00       39130    1000.00     44865    1000.00     49310    3000.00

04525    1000.00     10803    1000.00     16096    1000.00     22484    2000.00     27141    2000.00     32512    1000.00       39166    1000.00     44978    1000.00     49328    1000.00

04539    1000.00     1081017  1M00IL0.00  16116    1000.00     22556    1000.00     27202    1000.00     32893    1000.00       39230    1000.00     4494957  1M00IL0.00  49376    1000.00

04545    1000.00     11012    1000.00     16152    1000.00     22610    1000.00     27231    1000.00     3293231  1M00IL0.00    39249    2000.00     45004    1000.00     49422    1000.00

04730    1000.00     11186    1000.00     16284    1000.00     22662    1000.00     27244    1000.00     33176    1000.00       39250    1000.00     45248    1000.00     49441    1000.00

04875    1000.00     11265    1000.00     16307    1000.00     22775    1000.00     27245    2000.00     33458    1000.00       39308    1000.00     45253    2000.00     49502    1000.00

04884    1000.00     11290    1000.00     16351    1000.00     22854QUINTO PREMIO   27339    1000.00     33716    1000.00       39496    1000.00     45400    1000.00     49510    1000.00

0490054  1M00IL0.00  11389    2000.00     16372    1000.00                          27553    1000.00     33739    1000.00       39556    1000.00     45428    1000.00     49531    1000.00

                     11400    1000.00     16383    1000.00     C$20,000.00          27574    1000.00     33746    1000.00       39574    1000.00     45474    1000.00     49543    1000.00

05073    1000.00     11455    1000.00     16406    1000.00     OCOTAL               27602    1000.00     33840    1000.00       39577    1000.00     45540    1000.00     49565    1000.00

05120    1000.00     11460    1000.00     16489    1000.00     22878    1000.00     27741    2000.00     3383745  10M,00IL0.00  39659    1000.00     45667    1000.00     49597    1000.00

05181    2000.00     11510    2000.00     16528    1000.00     22977    1000.00     27743    1000.00                            39675    1000.00     45838    1000.00     49731    1000.00

05268    1000.00     11682    1000.00     16609    1000.00     2292835  1M00IL0.00  2772487  1M00IL0.00  34010    1000.00       39726    1000.00     4594269  1M00IL0.00  49809    1000.00

05327    1000.00     11694    2000.00     16614    1000.00                          28020    1000.00     34019    1000.00       39760    1000.00                          49848    1000.00

05382    1000.00     1181432  1M00IL0.00  16816    1000.00     23021    1000.00     28256    1000.00     34244    1000.00       39866    1000.00     46059    1000.00     49901    1000.00

05425    1000.00                          16834    1000.00     23274    1000.00     28268    1000.00     34286    1000.00       3994803  1M00IL0.00  46095    1000.00     4995508  1M00IL0.00

05450    1000.00     12067    1000.00     16863    1000.00     23279    1000.00     28273    1000.00     34423    1000.00       40022    1000.00     46175    1000.00     50124    1000.00

05483    1000.00     12200    1000.00     16888    1000.00     23326    1000.00     28300    1000.00     34425    1000.00       40034    1000.00     46180    15,000.00   50183    1000.00

05551    1000.00     12201    1000.00     1691177  1M00IL0.00  23347    1000.00     28404    1000.00     34456    2000.00       40290    1000.00     46274    1000.00     50208    1000.00

05638    1000.00     12285    1000.00     17045    1000.00     23482    1000.00     28608    1000.00     34522    1000.00       40310    1000.00     46375    1000.00     50229    1000.00

05655    1000.00     12320    1000.00     17153    1000.00     23490    1000.00     28750    1000.00     34606    1000.00       40343    1000.00     46397    1000.00     50299    1000.00

05695    1000.00     12343    1000.00     17208    1000.00     23525    1000.00     28767    1000.00     34645    2000.00       40353    1000.00     46492    1000.00     50323    1000.00

05815    1000.00     12449    1000.00     17235    1000.00     23633    1000.00     28833    1000.00     34734    1000.00       40361    1000.00     46580    1000.00     50467    1000.00

05961    1000.00     12474    1000.00     17275    1000.00     23666    1000.00     28876    1000.00     34800    1000.00       40375    1000.00     46634    1000.00     50650    1000.00

0590667  1M00IL0.00  12653    1000.00     17440    1000.00     23695    1000.00     2892898  1M00IL0.00  34813    1000.00       40385    2000.00     46660    1000.00     50803    1000.00

06112    1000.00     12745    1000.00     17504    1000.00     23758    1000.00                          34885    1000.00       40441    1000.00     46726    1000.00     50840    1000.00

                     12746    1000.00     17523    1000.00     23769    1000.00     29174    1000.00     34897    1000.00       40499    1000.00     46729    1000.00     50937    1000.00

NOTA: LOS BILLETES TERMINADOS EN 9181 GANAN C$4,800.00, LOS TERMINADOS EN 181 GANAN C$2,400.00, LOS TERMINADOS EN 81 GANAN

C$1,200.00, LOS TERMINADOS EN 1 GANAN C$600.00. TODOS LOS NUMEROS DE LA PRESENTE LISTA Y QUE A LA VEZ TENGAN TERMINACIONES

DEL PREMIO MAYOR TIENEN DERECHO AL PREMIO Y A LA TERMINACION. SE EXCEPTUA AL PREMIO MAYOR EN TODAS LAS TERMINACIONES.

         ESTA LISTA ES GRATIS · VISITE WWW.LOTERIANACIONAL.COM.NI
