                                                  SORTEO EXTRAORDINARIO Nº 1484

                                                                                                                                    MANAGUA

                                                  5,000,000Córdobas                                                                 20 DE OCTUBRE

                                                                                                                                                 2009

                                                                                                                                    CADUCIDAD

                                                                                                                                    28 DE ENERO

                                                                                                                                                 2010

                                                                                                                                    LISTA OFICIAL

01     MIL      06613  850.00    13     MIL       19128  850.00       24     MIL           28     MIL      33180  850.00     38571TERCER PREMIO  44463  900.00

01110  900.00   06654  850.00    13008  850.00    19163  850.00       24057  850.00        28022  850.00   33186  850.00                         44537  850.00

01152  850.00   06670  850.00    13120  850.00    19209  850.00       24162  850.00        28043  850.00   33188  900.00                         44557  850.00

01344  850.00   06706  850.00    13312  850.00    19281QUINTO PREMIO  24170  850.00        28125  850.00   33201  10,000.00                      44567  850.00

01371  850.00   06826  850.00    13335  850.00                        24186  850.00        28140  850.00   33418  900.00                         44672  850.00

01434  850.00   06936  850.00    13458  850.00    MC$A2N5,A00G0U.0A0  24264  850.00        28355  900.00   33432  850.00                         44806  850.00
                07     MIL
01450  850.00                    13573  850.00                        24298  850.00        28384  850.00   33444  850.00                         44813  850.00
                                                                                                                             C$100,000.00        45     MIL
01496  850.00   07143  850.00    13577  850.00                        24354  850.00        28433  900.00   33503  850.00

01676  850.00   07309  850.00    13678  850.00    19287  850.00       24379  850.00        28483  850.00   33513  850.00     MATAGALPA           45071  850.00

01714  850.00   07415  850.00    13693  850.00    19305  850.00       24436  850.00        28484  850.00   33684  850.00                         45259  850.00

01817  850.00   07496  850.00    13702  850.00    19435  850.00       24452  850.00        28514  850.00   33726  850.00     38664  850.00       45270  850.00

01851  850.00   07499  850.00    13840  850.00    19654  850.00       24471  850.00        28573  850.00   33808  850.00     38690  850.00       45319  850.00

01927  850.00   07503  850.00    13867  850.00    19705  850.00       24658  850.00        28661  850.00   33954  850.00     38834  850.00       45369  850.00
02     MIL
                07806  850.00    13889  850.00    19711  850.00       24677  850.00        28662  850.00   33969  850.00     39     MIL          45374  850.00
                                                                                                           34     MIL
02024  850.00   07835  850.00    13916  850.00    19845  900.00       24714  850.00        28670  850.00                     39206  850.00       45453  850.00

02052  850.00   07874  850.00    13977  850.00    19855  850.00       24716  850.00        28747  850.00   34127  850.00     39294  850.00       45494  850.00
                                 14     MIL
02137  850.00   07938  1000.00                    19896  850.00       24772  850.00        28785  850.00   34198  850.00     39335  850.00       45541  850.00
                08     MIL
02199  850.00                    14074  850.00    19925  850.00       24930  850.00        28902  850.00   34296  850.00     39425  850.00       45656  850.00

02216  850.00   08127  850.00    14166  850.00    19997  850.00       24935  850.00        28949  900.00   34354  850.00     39438  850.00       45683  850.00
                                                  20     MIL          25     MIL           29     MIL
02232  850.00   08210  850.00    14171  850.00                                                             34365  850.00     39702  1000.00      45803  850.00

02385  850.00   08265  850.00    14224  850.00    20150  850.00       25019  850.00        29049  850.00   34448  850.00     39824  850.00       45870  850.00

02406  850.00   08268  850.00    14270  850.00    20152  850.00       25107  850.00        29057  850.00   34543  850.00     39827  850.00       45876  850.00

02446  850.00   08489  850.00    14289  850.00    20212  850.00       25111  850.00        29182  850.00   34564  850.00     39837  850.00       45879  850.00

02447  850.00   08588  850.00    14473  900.00    20274  850.00       25393  850.00        29217  850.00   34623  850.00     39851  850.00       45929  850.00

02494  850.00   08603  850.00    14529  850.00    20349  850.00       25407  850.00        29269  850.00   34690  850.00     39853  850.00       45932  850.00
                                                                                                                                                 46     MIL
02628  850.00   08612  850.00    14856  850.00    20365  850.00       25415  850.00        29561  850.00   34709  850.00     39935  850.00

02630  850.00   08882  850.00    14952  850.00    20417  850.00       25439  850.00        29593  850.00   34749  1000.00    39949  850.00       46097  900.00
                09     MIL       15     MIL
02729  850.00                                     20512  850.00       25563  850.00        29599  850.00   34774  850.00     40     MIL          46309  900.00

02743  850.00   09022  850.00    15210  850.00    20536  850.00       25570  850.00        29738  850.00   34775  850.00     40031  850.00       46485  850.00

02805  850.00   09050  850.00    15423  850.00    20556  850.00       25573  850.00        29768  850.00   34806  850.00     40043  850.00       46559  850.00

02847  850.00   09069  850.00    15485  850.00    20579  850.00       25687  850.00        29838  850.00   34832  900.00     40317  850.00       46631  850.00

02874  850.00   09280  850.00    15537  850.00    20605  850.00       25747  850.00        29839  1000.00  34967  850.00     40330  850.00       46646  850.00
03     MIL
                09370  850.00    15544  850.00    20671  850.00       25771  850.00        29957  850.00   34980  850.00     40468  850.00       46824  850.00
                                                                                           30     MIL      35     MIL
03042  850.00   09405  850.00    15603  850.00    20748  850.00       25795  850.00                                          40516  850.00       46870  850.00
                                                  21     MIL
03085  850.00   09416  850.00    15637  850.00                        25823  850.00        30019  850.00   35053  850.00     40524  850.00       46955  850.00
                                                                                                                                                 47     MIL
03194  850.00   09614  850.00    15739  850.00    21004  850.00       25825  850.00        30064  850.00   35127  850.00     40549  850.00
                                                                      26     MIL
03236  850.00   09660  5,000.00  15986  850.00    21015  850.00                            30069  850.00   35395  850.00     40671  850.00       47310  850.00
                                 16     MIL
03254SEGUNDO    09660  850.00                     21032  850.00       26140  850.00        30119  850.00   35449  850.00     40786  850.00       47324  850.00

PREMIO          09682  850.00    16107  850.00    21037  850.00       26209  850.00        30260  850.00   35519  850.00     40787  850.00       47333  850.00

                09750  850.00    16127  900.00    21078  850.00       26236  850.00        30284  850.00   35562  850.00     40872  850.00       47392  850.00

                09772  850.00    16371  850.00    21089  900.00       26364  850.00        30290  850.00   35565  850.00     40873  850.00       47701  850.00

                09842  850.00    16406  850.00    21176  850.00       26396  850.00        30312  850.00   35617  850.00     40901  850.00       47847  850.00

                09852  850.00    16448  850.00    21193  850.00       26460  850.00        30326  850.00   35629  850.00     40913  850.00       47902  850.00

                09932  850.00    16470  850.00    21274  850.00       26547  850.00        30353  850.00   35649  850.00     41     MIL          47906  850.00
                10     MIL
C$125,000.00                     16492  900.00    21280  850.00       26564  850.00        30381  850.00   35680  850.00     41081  850.00       47915  850.00

MANAGUA         10088  850.00    16640  850.00    21311  850.00       26624  850.00        30408  850.00   35762  900.00     41320  900.00       47993  850.00
                                                                                                           36     MIL                            48     MIL
                10101  850.00    16660  850.00    21361  850.00       26685  850.00        30451  850.00                     41383  850.00

                10226  850.00    16932  850.00    21380  900.00       26766  850.00        30507  850.00   36019  850.00     41462  850.00       48013  850.00
                                 17     MIL
03292  850.00   10419  850.00                     21434  850.00       26973  850.00        30560  850.00   36034  900.00     41482  850.00       48088  850.00
                                                                      27     MIL
03335  850.00   10462  850.00    17004  850.00    21501  850.00                            30579  850.00   36140  850.00     41575  850.00       48151  850.00

03379  850.00   10551  850.00    17069  850.00    21678  850.00       27133  850.00        30610  850.00   36170  900.00     41664  850.00       48336  850.00

03418  850.00   10564  850.00    17075  850.00    21737  850.00       27347  850.00        30676  850.00   36171  850.00     41696  850.00       48339  850.00

03514  850.00   10650  850.00    17145  850.00    21832  850.00       27360  850.00        30801  850.00   36173  850.00     42     MIL          48519  850.00

03519  850.00   10764  850.00    17160  850.00    21873  900.00       27396  850.00        30918  850.00   36318  850.00     42276  850.00       48528  850.00
                                                  22     MIL
03575  850.00   10855  850.00    17331  850.00                        27404  1250.00       30925  850.00   36354  900.00     42357  850.00       48711  850.00

03620  850.00   10877SEGUNDO     17347  850.00    22527  850.00       27405  1250.00       30983  850.00   36374  850.00     42525  850.00       48861  850.00
                                                                                           31     MIL
03622  850.00   PREMIO           17348  850.00    22621  850.00       27406  2500.00                       36517  850.00     42545  850.00       48863  850.00
                                                                                                                                                 49     MIL
03674  850.00                    17360  850.00    22644  850.00       PREMIO               31021  850.00   36732  850.00     42635  850.00

03729  850.00                    17377  850.00    22658  850.00       27407MAYOR           31074  900.00   36749  850.00     42663  850.00       49002  850.00

03816  850.00                    17419  850.00    22784CUARTO PREMIO                       31109  850.00   36812  850.00     42687  850.00       49023  850.00

03931  850.00                    17574  850.00                                             31137  850.00   36863  850.00     42746  850.00       49224  850.00

03960  850.00                    17594  850.00                                             31179  900.00   36927  850.00     42764  850.00       49234  850.00
04     MIL
                C$125,000.00     17608  850.00                                             31200  850.00   36939  850.00     42804  850.00       49251  850.00

04305  850.00   LEON             17652  1000.00   C$50,000.00                              31266  850.00   36998  850.00     42817  850.00       49275  850.00
                                                                                                           37     MIL
04493  850.00                    17746  850.00    MANAGUA                                  31452  850.00                     42820  900.00       49480  850.00

04525  850.00                    17803  850.00                                             31487  850.00   37139  850.00     42822  850.00       49492  850.00

04551  850.00   10898  850.00    17944  900.00    22834  850.00                            31503  850.00   37316  850.00     42826  850.00       49614  850.00
05     MIL      11     MIL       18     MIL
                                                  22870  850.00                            31527  850.00   37373  850.00     42856  850.00       49690  850.00

05099  850.00   11431  850.00    18020  850.00    22909  850.00       C$ 5,000,000.00      31586  850.00   37515  850.00     42921  850.00       49721  850.00

05163  850.00   11442  850.00    18067  850.00    22964  850.00                            31614  850.00   37573  850.00     43     MIL          49854  850.00
                12     MIL                        23     MIL
05265  850.00                    18087  850.00                                             31775  850.00   37580  850.00     43069  850.00       49883  850.00

05312  850.00   12142  900.00    18216  850.00    23077  850.00                            31775  850.00   37637  850.00     43075  850.00       49948  850.00

05328  850.00   12243  850.00    18277  850.00    23164  850.00       VENDIDO POR LA       31791  850.00   37753  850.00     43344  850.00       49967  850.00
                                                                                                                                                 50     MIL
05388  900.00   12262  850.00    18285  850.00    23196CUARTO PREMIO  CONCESIONARIA A-012  31883  850.00   37770  900.00     43479  850.00
                                                                                           32     MIL
05412  850.00   12298  850.00    18439  850.00                        AURA LILA                            37877  850.00     43484  850.00       50082  850.00
                                                                                                           38     MIL
05425  850.00   12309  850.00    18487  5,000.00                      ALVARADO CORNEJO     32010  850.00                     43668  850.00       50153  850.00

05464  850.00   12325  850.00    18529  900.00                        MANAGUA              32118  850.00   38085  850.00     43671  850.00       50374  850.00

05540  850.00   12360  850.00    18602  850.00    C$50,000.00                              32221  850.00   38105  900.00     43837  850.00       50498  850.00

05660  850.00   12374  850.00    18632  850.00    MANAGUA                                  32484  850.00   38157  850.00     43969  850.00       50501  850.00

05925  850.00   12397  850.00    18659  850.00                        27408  2500.00       32584  850.00   38168  850.00     44     MIL          50583  850.00
06     MIL
                12418  850.00    18755  850.00    23276  1000.00      27409  1250.00       32614  850.00   38170  850.00     44093  900.00       50652  850.00

06264  850.00   12516  900.00    18812  850.00    23299  850.00       27410  1250.00       32630  900.00   38190  850.00     44197  850.00       50726  850.00

06332  1000.00  12532  850.00    18921  850.00    23444  850.00       27533  850.00        32837  850.00   38200  850.00     44204  850.00       50765  850.00
                                 19     MIL                                                33     MIL
06342  850.00   12549  850.00                     23665  900.00       27646  850.00                        38273  850.00     44231  850.00       50815  850.00

06378  850.00   12859  850.00    19001  850.00    23710  850.00       27789  850.00        33067  850.00   38391  850.00     44272  850.00       50854  850.00

06415  850.00   12883  850.00    19080  850.00    23728  850.00       27899  850.00        33132  850.00   38458  850.00     44359  850.00       50861  850.00

NOTA: LOS BILLETES TERMINADOS EN 7407 GANAN C$6,400.00, LOS TERMINADOS EN 407 GANAN C$3,200.00, LOS TERMINADOS EN 07 GANAN

C$1,600.00, LOS TERMINADOS EN 7 GANAN C$800.00. TODOS LOS NUMEROS DE LA PRESENTE LISTA Y QUE A LA VEZ TENGAN TERMINACIONES

DEL PREMIO MAYOR TIENEN DERECHO AL PREMIO Y A LA TERMINACION. SE EXCEPTUA AL PREMIO MAYOR EN TODAS LAS TERMINACIONES.

       ESTA LISTA ES GRATIS · VISITE WWW.LOTERIANACIONAL.COM.NI
