                                                                        SORTEO ORDINARIO Nº 1485

                                                                                                                                                            MANAGUA

                                                               3,500,000Córdobas                                                                            27 DE OCTUBRE

                                                                                                                                                                        2009

                                                                                                                                                            CADUCIDAD

                                                                                                                                                            4 DE FEBRERO

                                                                                                                                                                        2010

                                                                                                                                                            LISTA OFICIAL

01       MIL         07295    1000.00     12052    2000.00     1681479  1M00IL0.00  21586    1000.00     27526    1000.00     33521    1000.00     39130    1000.00     44185    1000.00

01114    1000.00     07324    1000.00     PREMIO               17038    1000.00     21602    1000.00     27542    1000.00     33537    1000.00     39290    1000.00     44307    1000.00

01190    1000.00     07336    1000.00     12053MAYOR           17092    1000.00     21643    1000.00     27560    1000.00     33550    1000.00     39297    1000.00     44488    1000.00

01272    2000.00     07377    1000.00                          17163    1000.00     21748    1000.00     27615    1000.00     33580    1000.00     39350    1000.00     44528    2000.00

01279    1000.00     07565    1000.00                          17254    1000.00     21804    1000.00     27707    1000.00     33690    1000.00     39375    1000.00     44531    1000.00

01398    1000.00     07653    1000.00                          17297    1000.00     21869    2000.00     27740    1000.00     33958    1000.00     39434    1000.00     44679    1000.00

01437    1000.00     07676    1000.00                          17360    1000.00     21877    1000.00     27743    1000.00     3393844  1M00IL0.00  39506    2000.00     44680    1000.00

01729    1000.00     07685    1000.00                          17434    1000.00     21975    1000.00     27854    1000.00                          39523    1000.00     44684    1000.00

01736    1000.00     07700    1000.00                          17522    1000.00     2192729  1M00IL0.00  2782681  1M00IL0.00  34109    1000.00     39675    1000.00     44819    1000.00

01828    1000.00     07753    1000.00                          17534    1000.00     22076    1000.00     28059    1000.00     34144    1000.00     3974902  1M00IL0.00  4484359  1M00IL0.00

01951    1000.00     07792    1000.00     C$ 3,500,000.00      17572    1000.00     22115    1000.00     28074    1000.00     34256    1000.00     40063    1000.00     45005    1000.00

01957    1000.00     07799    1000.00                          17626    1000.00     22151    1000.00     28127    1000.00     34297    1000.00     40163    1000.00     45010    1000.00

01982    1000.00     07911    2000.00                          17674    1000.00     22393    1000.00     28154    1000.00     34310    1000.00     40182    1000.00     45195    1000.00

0190824  1M00IL0.00  07914    1000.00     VENDIDO POR EL       17737    1000.00     22394    1000.00     28260    1000.00     34391    1000.00     40202    1000.00     45328    1000.00

                     0790786  1M00IL0.00  CONCESIONARIO G511                                                                  34468    1000.00

02009    1000.00                          MANFREDO FLORES      17864    1000.00     22511    10,000.00   28319    3000.00     34550    2000.00     40258    2000.00     45465    1000.00

02017    1000.00     08059    1000.00     SEQUEIRA             1781986  1M00IL0.00  22523    1000.00     28369    1000.00     34678    1000.00     40300    1000.00     45538    1000.00

02281    1000.00     08135    1000.00     GRANADA                                   22543    1000.00     28547    1000.00     34714    1000.00     40405    1000.00     45706    1000.00

02573    1000.00     08145    1000.00                          18061TERCER PREMIO   22548    1000.00     28672    1000.00     34728    1000.00     40500    1000.00     45718    3000.00

02696    1000.00     08208    1000.00     12054    2000.00                          22555    1000.00     28838    1000.00     34758    1000.00     40641    1000.00     45803    1000.00

02818    1000.00     08212    1000.00     12055    1000.00                          22590    1000.00     28840    1000.00     34904    1000.00     40683    1000.00     45822    1000.00

02821    1000.00     08226    1000.00     12056    1000.00                          22669    1000.00     28917    1000.00     3493351  1M00IL0.00  4074717  1M00IL0.00  4594060  1M00IL0.00

02864    1000.00     08338    1000.00     12144    1000.00                          22695    1000.00     2892499  1M00IL0.00

0280733  1M00IL0.00  08406    1000.00     12310    1000.00     C$50,000.00          22813    1000.00                          35030    1000.00     41119    1000.00     46042    1000.00

03297    1000.00     08459    1000.00     12432    1000.00     LEON                 22851    1000.00     29017    1000.00     35067CUARTO PREMIO   41138    1000.00     46107    1000.00

03360    1000.00     08463    1000.00     12596    1000.00                          22944    1000.00     29103    1000.00                          41212    1000.00     46124    1000.00

03365    1000.00     08560    1000.00     12624    1000.00                          2292837  1M00IL0.00  29197    1000.00                          41316    1000.00     46185    1000.00

03401    1000.00     08570    1000.00     1261339  1M00IL0.00  18121    1000.00                          29216    2000.00     C$25,000.00          41492    1000.00     46294    1000.00

03496    1000.00     08643    1000.00                          18140    1000.00     23212    1000.00     29232    1000.00              LEON        41548    1000.00     46384    1000.00

03565    1000.00     08684    1000.00     13027    1000.00     18176    1000.00     23234    2000.00     29251    1000.00                          41564    1000.00     46638    1000.00

03640    1000.00     08974    1000.00     13085    2000.00     18290    15,000.00   23298    1000.00     29503    1000.00     35067    1000.00     41583    1000.00     46700    1000.00

0360945  2M00IL0.00  0890992  1M00IL0.00  13439    1000.00     18323    1000.00     23337    1000.00     29593    1000.00     35089    1000.00     41876    1000.00     46822    1000.00

                                          13489    1000.00     18522    1000.00     23558    1000.00     29693    1000.00     35165    1000.00     4194620  1M00IL0.00  4684670  1M00IL0.00

04027    1000.00     09027    1000.00     13559    1000.00     18645    2000.00     23593    1000.00     29754    1000.00     35386    1000.00     42081    1000.00     47090    2000.00

04162    1000.00     09386    1000.00     13577    1000.00     18655    1000.00     23661    1000.00     29763    1000.00     35460    1000.00     42195    1000.00     47159    1000.00

04318    1000.00     09434    1000.00     13634    1000.00     18717    1000.00     23856    1000.00     2983807  1M00IL0.00  35484    1000.00     42236    1000.00     47174    1000.00

04329    1000.00     09463    1000.00     13725    1000.00     18748    1000.00     2392048  2M00IL0.00  30084    1000.00     35589    1000.00     42256    1000.00     47230    1000.00

04425    1000.00     09554    1000.00     13788    1000.00     18859    1000.00     24105    1000.00     30115    1000.00     35602    1000.00     42311    1000.00     47326    1000.00

04510    1000.00     09590    2000.00     13822    1000.00     1891797  1M00IL0.00  24161    1000.00     30178    2000.00     35644    1000.00     42315    1000.00     47375    1000.00

04551    1000.00     09760    1000.00     1391246  2M00IL0.00  19026    1000.00     24182    1000.00     30204    1000.00     35655    1000.00     42344    1000.00     47466    1000.00

04567    1000.00     09820    1000.00                          19109    1000.00     24188    1000.00     30376    1000.00     35660    1000.00                          47478    1000.00

04592    1000.00     0981701  1M00IL0.00  14095    1000.00     19180    1000.00     24360    2000.00     30394    1000.00     35749    10,000.00   42358SEGUNDO         47509    1000.00

04657    1000.00     10097    1000.00     14178    1000.00     19303    1000.00     24383    2000.00     30642    1000.00     35880    1000.00     PREMIO               47529    1000.00

04665    1000.00     10105    1000.00     14361    1000.00     19304    1000.00     24642    2000.00     30772    1000.00     35895    1000.00                          47545    1000.00

04679    1000.00     10237    1000.00     14582    1000.00     19336    1000.00     24642    1000.00     30829    1000.00     3593260  1M00IL0.00                       47571    1000.00

04702    1000.00     10286    1000.00     14591    1000.00     19473    1000.00     24684    1000.00     3093213  1M00IL0.00  36031    1000.00                          4764189  1M00IL0.00

04747    1000.00     10350    1000.00     14622    1000.00     19565    1000.00     24685    1000.00                          36266    1000.00

04914    1000.00     10388    1000.00     14628    1000.00     19604    1000.00     24707    1000.00     31076    1000.00     36382    1000.00                          48149    1000.00

04947    1000.00     10396    1000.00     14677    1000.00     19634    1000.00     24813    1000.00     31168    1000.00     36402    1000.00                          48176    1000.00

04961    1000.00     10415    1000.00     1481152  1M00IL0.00  19657    1000.00     2482550  1M00IL0.00  31203    1000.00     36458    1000.00     C$300,000.00         48391    1000.00

0490857  1M00IL0.00  10516    1000.00     15190    1000.00     19805    1000.00                          31348    1000.00     36682    1000.00     CHINANDEGA           48516    1000.00

05065    1000.00     10520    1000.00     15265    2000.00     19835    1000.00     25120    1000.00     31515    1000.00     36708    1000.00                          48561    1000.00

05202    1000.00     10543    3000.00     15438    1000.00     19879    1000.00     25121    1000.00     31616    1000.00     3673878  1M00IL0.00                       48596    1000.00

05283    1000.00     10694    1000.00     15532    1000.00     19891    1000.00     25227    1000.00     31698    1000.00                          42359    1000.00     48713    1000.00

05354    1000.00     10784    2000.00     15560    1000.00     1992706  1M00IL0.00  25268    1000.00     31716    1000.00     37034    3000.00     42440    1000.00     48765    1000.00

05471    1000.00     10786    1000.00     15615    2000.00                          25272    1000.00     31717    1000.00     37056    1000.00     42608    1000.00     48809    1000.00

05619    1000.00     10897    1000.00     15789    1000.00     20020    1000.00     25474    1000.00     31880    1000.00     37104    3000.00     42694    1000.00     4894392  1M00IL0.00

05636    1000.00     10902    1000.00     15793    1000.00     20176    1000.00     25485    2000.00     3193327  1M00IL0.00  37262    1000.00     42761    1000.00     49000    1000.00

05640    1000.00     1091411  1M00IL0.00  15811    3000.00     20276    1000.00     25488    1000.00     32058    1000.00     37300    1000.00     42851    1000.00     49093    1000.00

05786    1000.00                          15832    1000.00     20379    1000.00     25661    1000.00     32182    1000.00     37321    1000.00     42889    1000.00     49200    1000.00

05816    1000.00     11076    1000.00     15893    1000.00     20381    1000.00     25754    1000.00     32260    1000.00     37474    1000.00     4294038  1M00IL0.00  49275    1000.00

05861    1000.00     11185    1000.00     15924    1000.00     20399    1000.00     25826    1000.00     32349    1000.00     37634    1000.00                          49279    1000.00

0590669  1M00IL0.00  11278    1000.00     15929TERCER PREMIO   20447    1000.00     2592566  1M00IL0.00  32388    1000.00     37649    1000.00     43023    1000.00     49334    1000.00

                     11290    1000.00                          20513    1000.00     26019    1000.00     32395    1000.00     37823    2000.00     43110    1000.00     49460    1000.00

06137    1000.00     11296    1000.00                          20673    1000.00     26046    1000.00     32431    1000.00     37910    1000.00     43190    1000.00     49528    1000.00

06178    1000.00     11339    1000.00                          20705    1000.00     26145    1000.00     32494    2000.00     37986    1000.00     43209    1000.00     49760    1000.00

06220    1000.00     11351    1000.00                          20774    1000.00     26186    2000.00     32623    1000.00     3793988  1M00IL0.00  43222    1000.00     4995208  1M00IL0.00

06350    1000.00     11363    1000.00     C$50,000.00          20793    1000.00     26294    1000.00     32772    1000.00     38120    1000.00     43340    1000.00

06554    1000.00     11384    1000.00     MANAGUA              20858    1000.00     26326    1000.00     32799CUARTO PREMIO   38168    1000.00     43362    1000.00     50084    1000.00

06577    1000.00     11395    1000.00                          2092011  1M00IL0.00  26445    1000.00                          38189    1000.00     43557    1000.00     50159    1000.00

06586    1000.00     11419    1000.00                          21001    1000.00     26539    1000.00                          38268    1000.00     43586    2000.00     50192    1000.00

06614    1000.00     11473    1000.00     15934    2000.00     21038    1000.00     26578    1000.00                          38279    1000.00     43590    1000.00     50257QUINTO PREMIO

06615    2000.00     11650    1000.00     1591967  1M00IL0.00  21062    1000.00     26747    1000.00     C$25,000.00          38305    1000.00     43641    1000.00

06622    1000.00     11703    1000.00                          21084    1000.00     26858    1000.00     MASAYA               38314    1000.00     43852    1000.00     C$20,000.00

06635    1000.00     11749    1000.00     16048    1000.00     21184    1000.00     26882    1000.00     32938    1000.00     38461    1000.00     43889    1000.00     MANAGUA

06687    1000.00     11846    1000.00     16144    1000.00     21318    3000.00     2692172  1M00IL0.00  3293936  1M00IL0.00  38523    1000.00     43893    1000.00     50298    1000.00

0670172  1M00IL0.00  11934    1000.00     16191    1000.00     21334    1000.00                                               38546    1000.00     43969    1000.00     50304    1000.00

                     11966    1000.00     16250    1000.00     21339    1000.00     27053    1000.00     33113    1000.00     38880    1000.00     43972    1000.00     50472    1000.00

07008    1000.00     1191732  1M00IL0.00  16537    1000.00     21353    1000.00     27059    1000.00     33176    1000.00     38890    1000.00     43988    1000.00     50571    1000.00

07108    1000.00     12012    1000.00     16599    1000.00     21398    1000.00     27255    1000.00     33178    2000.00     38908    1000.00     4394949  1M00IL0.00  50664    1000.00

07224    1000.00     12033    1000.00     16665    1000.00     21448    1000.00     27279    2000.00     33226    1000.00     3893996  1M00IL0.00  44009    1000.00     50783    1000.00

07238    1000.00     12050    1000.00     16673    1000.00     21482    1000.00     27346    1000.00     33307    1000.00                          44088    1000.00     50907    2000.00

07262    1000.00     12051    1000.00     16777    1000.00     21525    2000.00     27492    1000.00     33364    2000.00     39026    1000.00     44118    1000.00     50964    1000.00

07269    1000.00                          16833    1000.00

NOTA: LOS BILLETES TERMINADOS EN 2053 GANAN C$4,800.00, LOS TERMINADOS EN 053 GANAN C$2,400.00, LOS TERMINADOS EN 53 GANAN

C$1,200.00, LOS TERMINADOS EN 3 GANAN C$600.00. TODOS LOS NUMEROS DE LA PRESENTE LISTA Y QUE A LA VEZ TENGAN TERMINACIONES

DEL PREMIO MAYOR TIENEN DERECHO AL PREMIO Y A LA TERMINACION. SE EXCEPTUA AL PREMIO MAYOR EN TODAS LAS TERMINACIONES.

         ESTA LISTA ES GRATIS · VISITE WWW.LOTERIANACIONAL.COM.NI
