                                                                        SORTEO ORDINARIO Nº 1486

                                                                                                                                                            MANAGUA

                                                               3,500,000Córdobas                                                                            03 DE NOVIEMBRE

                                                                                                                                                                        2009

                                                                                                                                                            CADUCIDAD

                                                                                                                                                            11 DE FEBRERO

                                                                                                                                                                        2010

                                                                                                                                                            LISTA OFICIAL

01       MIL         0590860  1M00IL0.00  11706    1000.00     C$300,000.00         22611    1000.00     27611    1000.00     31763    1000.00     36863    1000.00     44285    1000.00

01104    1000.00     06029    1000.00     1191392  1M00IL0.00                       22701    1000.00     27718    1000.00     31821    1000.00     3693070  3M00IL0.00  44334    1000.00

01324    3000.00     06165    1000.00     12014    1000.00     GRANADA              22816    1000.00     27768    1000.00     31861    1000.00     37005    1000.00     44370    1000.00

01362    1000.00     06168    1000.00     12023    2000.00                          22832    1000.00     27771    1000.00     31865    1000.00     37072    1000.00     44451    2000.00

01375    1000.00     06294    1000.00     12037    1000.00     16555    1000.00     2292037  1M00IL0.00  27787    2000.00     3193625  1M00IL0.00  37157    1000.00     44613    1000.00

01393    1000.00     06451    1000.00     12206    1000.00     16572    1000.00     23298    1000.00     27829    1000.00                          37221    1000.00     44614    1000.00

01498    1000.00     06473    1000.00     12365    1000.00     16629    1000.00     23326    1000.00     27848    1000.00     32047    1000.00     37334    1000.00     44653    1000.00

01631    1000.00     06518    2000.00     12394    1000.00     16662    1000.00     23371    1000.00     27851    1000.00     32135    1000.00     37512    1000.00     44663    1000.00

01681    1000.00     06608    1000.00     12404    1000.00     16766    1000.00     23383    1000.00     2792880  2M00IL0.00  32155    1000.00     37785    1000.00     44758    1000.00

0190025  1M00IL0.00  06639    1000.00     12509    1000.00     16794CUARTO PREMIO   23540    1000.00     28020    1000.00     32169    1000.00     3793886  1M00IL0.00  44826    1000.00

02016    1000.00     06721    1000.00     12545    1000.00                          23563    1000.00     28116    1000.00     32208    1000.00                          44848    1000.00

02114    1000.00     0690979  1M00IL0.00  12571    1000.00                          23566    1000.00     28266    1000.00     32234    1000.00     38197    1000.00     4484956  1M00IL0.00

02120    1000.00                          12575    1000.00     C$25,000.00          23740    1000.00     28274    1000.00     32262    1000.00     38273    1000.00     45019    1000.00

02274    1000.00     07055    1000.00     12668    2000.00     MANAGUA              23981    3000.00     28319    1000.00     32387    1000.00     38395    1000.00     45266    1000.00

02335    1000.00     07116    1000.00     12687    1000.00                          2392844  1M00IL0.00  28367    1000.00     32440    1000.00     38457    1000.00     45414    1000.00

02429    1000.00     07190    2000.00     12711    1000.00     1691374  1M00IL0.00                       28396    1000.00     32497    1000.00     38492    1000.00     45479    1000.00

02453    2000.00     07230    1000.00     12719    1000.00     17057    1000.00     24081    1000.00     28529    1000.00     32526    1000.00     38529    1000.00     45541    1000.00

02547    1000.00     07238    1000.00     12871    1000.00     17111    1000.00     24085    1000.00     28546    1000.00     32571    1000.00     38545    1000.00     45587    1000.00

02548    1000.00     07262    1000.00     1291236  1M00IL0.00  17266    1000.00     24155    1000.00     28556    1000.00     32580    1000.00     38569    1000.00     45776    1000.00

02560    1000.00     07435    1000.00                          17344    1000.00     24221    1000.00     28639    1000.00     32596    1000.00     38574    1000.00     4594762  1M00IL0.00

02716    1000.00     07472    1000.00     13005    1000.00     17443    1000.00     24227    1000.00     28711    1000.00     32681    1000.00     38624    2000.00

02727    1000.00     07513    1000.00     13010    1000.00     17457    1000.00     24345    1000.00     28841    1000.00     32852    1000.00     38648    1000.00     46169    1000.00

02759    1000.00     07670    1000.00     13083    3000.00     17559    1000.00     24442    1000.00     28878    1000.00     32861    1000.00     38879    1000.00     46171    1000.00

02768    1000.00     07802    1000.00     13113    1000.00     17630    1000.00     24467    1000.00     2892190  1M00IL0.00  32884    1000.00     38901    1000.00     46233    1000.00

02770    1000.00     07861    1000.00     13179    1000.00     17727    1000.00     24488    1000.00                          3283834  1M00IL0.00  3893693  1M00IL0.00  46259    1000.00

02778    1000.00     07887    1000.00     13199    1000.00     1791280  1M00IL0.00  24533    1000.00     29035    1000.00     33335    1000.00     39117    1000.00     46335    2000.00

02807    1000.00     0790089  1M00IL0.00  13231    1000.00                          24561    1000.00     29085    1000.00     33477    1000.00     39354    1000.00     46445    1000.00

02856    1000.00     08287    1000.00     13260    1000.00     18179    1000.00     24603    1000.00     29130    1000.00     33501    1000.00     39380    1000.00     46651    1000.00

0290631  1M00IL0.00  08332    1000.00     13475    1000.00     18226    1000.00     24625    1000.00     29159    1000.00     33578    1000.00     39525    1000.00     46667    1000.00

                     08361    1000.00     13519    1000.00     18257    1000.00     24680    1000.00     29264    1000.00     33660    1000.00     39581    1000.00     46726    1000.00

03028    1000.00     08387    1000.00     13596    1000.00     18375    2000.00     24706    1000.00     29279    1000.00     33716    2000.00     39627    1000.00     46874    1000.00

03136    1000.00     08563    1000.00     13597    1000.00     18382    1000.00     24706    1000.00     29280    1000.00     33872    2000.00     3964603  1M00IL0.00  4694879  1M00IL0.00

03252    1000.00     08578    1000.00     13601    1000.00     18455    1000.00     24756    1000.00     29281    2000.00     33941    1000.00                          47198    1000.00

03517    1000.00     08668    1000.00     13610    1000.00     18573    1000.00     24889    2000.00     PREMIO               33974    2000.00     40072    1000.00     47291    1000.00

03552    1000.00     08677    1000.00     13621    1000.00     18575    1000.00     2492251  1M00IL0.00  29282MAYOR           3393746  1M00IL0.00  40341    1000.00     47593    1000.00

03559    1000.00     0890792  1M00IL0.00  13640    1000.00     18628    1000.00     25033    1000.00                                               40421    1000.00     47617    1000.00

03602    1000.00                          13830    2000.00     18639    1000.00     25151    1000.00                          34003    1000.00     40524    1000.00     47655    1000.00

03708    1000.00     09001    1000.00     13865    1000.00     18704    1000.00     25162    1000.00                          34237    1000.00     40654    1000.00     47839    1000.00

03786    1000.00     09443    1000.00     1391245  1M00IL0.00  18786    1000.00     25222    1000.00                          34418    1000.00     40655    3000.00     4794889  1M00IL0.00

0390248  1M00IL0.00  09456    1000.00     14156    15,000.00   18866    1000.00     25366    1000.00                          34425    1000.00     40731    1000.00

                     09583    2000.00     14411    1000.00     1891594  1M00IL0.00  25384    1000.00                          34456    1000.00     40812    1000.00     48007    1000.00

04048QUINTO PREMIO   09650    1000.00     14436    1000.00     19146    1000.00     25412    3000.00                          34537    1000.00     4084311  1M00IL0.00  48118    1000.00

                     09654    1000.00     14470    1000.00     19197    2000.00     25567    1000.00     C$ 3,500,000.00      34541    1000.00                          48132    2000.00

C$20,000.00          09657    1000.00     14474    1000.00     19391    1000.00     25652    1000.00                          34556    1000.00     41234    1000.00     48155    1000.00

MANAGUA              09710    1000.00                                                                                         34579    1000.00     41310    1000.00     48251    1000.00

04138TERCER PREMIO   0971109  1M00IL0.00  14488    1000.00     19541    1000.00     25755    1000.00     VENDIDO POR LA       34772    1000.00     41367    1000.00     48434    1000.00

                                          14491    1000.00     19610    1000.00     25821    2000.00     CONCESIONARIA O-231  34777    1000.00     41465    1000.00

                                          14552    2000.00     19697    1000.00     2582269  1M00IL0.00  JOSEFA DEL S. RIOS   3483750  1M00IL0.00                       48440    1000.00

                     10050    1000.00     14573    1000.00     19767    1000.00                          MENDOZA                                   41511    2000.00     48464    1000.00

                     10096    1000.00     14580    1000.00     1972702  2M00IL0.00  26131    2000.00     JINOTEGA             35008    2000.00     41566    1000.00     48504    1000.00

C$50,000.00          10107    1000.00     14587    2000.00                          26161    1000.00                          35091    1000.00     41594    1000.00     48613    1000.00

JUIGALPA             10187    1000.00     14722    1000.00     20071    1000.00     26174    1000.00     29283    2000.00     35114    1000.00     41778    1000.00     48683    1000.00

                     10201    1000.00     14766    1000.00     20247    1000.00     26193    1000.00     29284    1000.00     35153    1000.00     4184127  1M00IL0.00  48721    1000.00

                     10213    1000.00     14797    1000.00     20316    1000.00     26254    1000.00     29285    1000.00     35163    2000.00     42051    1000.00     48743    1000.00

04209    1000.00     10261    1000.00     1491153  1M00IL0.00  20331    1000.00     26293    10,000.00   29299    1000.00     35168    1000.00     42155    1000.00     48752    1000.00

04258    1000.00     10398    1000.00                          20453    1000.00     26325    1000.00     29329    1000.00     35297    1000.00     42211    1000.00     48756    1000.00

04275    1000.00     10436    1000.00     15079    1000.00     20466    2000.00     26341    1000.00     29550    1000.00     35476    1000.00     42237    1000.00     4894998  1M00IL0.00

04345    1000.00     10453    1000.00     15112    1000.00     20478    1000.00     26391    1000.00     29556    1000.00     35480    1000.00     42242    2000.00

04371    1000.00     10553    1000.00     15128    1000.00     20570    1000.00     26546    1000.00     29676    1000.00     35542    1000.00     42604    1000.00     49262    1000.00

04395    1000.00     10575    1000.00     15193    1000.00     20654    1000.00     2682770  1M00IL0.00  29819    1000.00     35575    1000.00     42678    1000.00     49302    1000.00

04427    1000.00     10609    1000.00     15323    1000.00     20681    1000.00                          29865    1000.00     35606    1000.00     42861    1000.00     49359    1000.00

04468    1000.00     10733    1000.00     15354    1000.00     20724    1000.00     27029    1000.00     2993201  1M00IL0.00  35625    1000.00     42910    1000.00     49360    1000.00

04498    1000.00     10817    1000.00     15483    2000.00     20835    1000.00     27145    1000.00                          35696    1000.00     42911    1000.00     49514    2000.00

04560    1000.00     10821    1000.00     15524    1000.00     2082814  1M00IL0.00  27151    1000.00     30026    1000.00     35849    1000.00     4294232  1M00IL0.00  49521    1000.00

04635    2000.00     10912    1000.00     15558    1000.00                          27221    1000.00     30179    1000.00     3593363  1M00IL0.00                       49525    1000.00

04649    1000.00     10934    1000.00     15633    1000.00     21026    1000.00     27318    1000.00     30193    1000.00                          43026    1000.00     49528    1000.00

04741    1000.00     10943    1000.00     15655    2000.00     21051    1000.00     27324    1000.00     30273    1000.00     36006    1000.00     43059    1000.00     49531    1000.00

04818    1000.00     10973    1000.00     15742    1000.00     21135    1000.00     27408    10,000.00   30337    1000.00     36222    1000.00     43087    1000.00     49550    1000.00

0480856  1M00IL0.00  1091713  1M00IL0.00  15817    1000.00     21271    1000.00     27432TERCER PREMIO   30360    1000.00     36227    1000.00     43177    1000.00     49562    1000.00

                     11037    1000.00     15823    1000.00     21344    1000.00                          30418    1000.00     36472    1000.00     43264    1000.00     49649    1000.00

05010    1000.00     11123    1000.00     1591263  1M00IL0.00  21501    1000.00                          30525    1000.00     36474    2000.00     43293    1000.00     49751    1000.00

05161    1000.00     11141    1000.00                          21554    1000.00                          30735    1000.00     36568CUARTO PREMIO   43339    1000.00     4995704  1M00IL0.00

05196    1000.00     11148    1000.00     16003    1000.00     21577    1000.00                          3093419  1M00IL0.00                       43390    1000.00     50111    1000.00

05245    1000.00     11218    1000.00     16139    1000.00     21694    1000.00     C$50,000.00                                                    43554    1000.00     50147    1000.00

05394    1000.00     11357    1000.00     16288    1000.00     21707    1000.00     MANAGUA              31116    1000.00     C$25,000.00          43580    1000.00     50282    1000.00

05557    1000.00     11392    1000.00     16510    1000.00     21798    1000.00                          31124    1000.00     CHINANDEGA           43601    1000.00     50297    1000.00

05627    1000.00     11408    1000.00     16524SEGUNDO         2192326  1M00IL0.00  27477    1000.00     31198    1000.00     36607    1000.00     43611    1000.00     50321    1000.00

05645    1000.00     11531    1000.00     PREMIO               22005    1000.00     27478    1000.00     31271    1000.00     36669    1000.00     43653    1000.00     50438    1000.00

05661    1000.00     11640    1000.00                          22015    1000.00     27484    2000.00     31319    1000.00     36676    1000.00     43858    1000.00     50571    1000.00

05822    1000.00     11652    1000.00                          22058    1000.00     27520    1000.00     31324    1000.00     36752    1000.00     4384943  1M00IL0.00  50699    1000.00

05885    1000.00     11686    1000.00                          22068    1000.00     27527    1000.00     31327    1000.00     36757    1000.00                          50795    1000.00

05899    1000.00     11689    1000.00                          22112    1000.00     27559    1000.00     31400    1000.00     36813    1000.00     44013    1000.00     50958    1000.00

05950    1000.00     11703    1000.00                          22367    1000.00     27573    1000.00     31431    1000.00     36857    1000.00     44074    3000.00     50968    1000.00

05959    1000.00                                                                                         31715    1000.00

NOTA: LOS BILLETES TERMINADOS EN 9282 GANAN C$4,800.00, LOS TERMINADOS EN 282 GANAN C$2,400.00, LOS TERMINADOS EN 82 GANAN

C$1,200.00, LOS TERMINADOS EN 2 GANAN C$600.00. TODOS LOS NUMEROS DE LA PRESENTE LISTA Y QUE A LA VEZ TENGAN TERMINACIONES

DEL PREMIO MAYOR TIENEN DERECHO AL PREMIO Y A LA TERMINACION. SE EXCEPTUA AL PREMIO MAYOR EN TODAS LAS TERMINACIONES.

         ESTA LISTA ES GRATIS · VISITE WWW.LOTERIANACIONAL.COM.NI
