                                                                          SORTEO ORDINARIO Nº 1487

                                                                                                                                                              MANAGUA

                                                                 3,500,000Córdobas                                                                            10 DE NOVIEMBRE

                                                                                                                                                                          2009

                                                                                                                                                              CADUCIDAD

                                                                                                                                                              18 DE FEBRERO

                                                                                                                                                                          2010

                                                                                                                                                              LISTA OFICIAL

01       MIL           0580764  1M00IL0.00  0991606  1M00IL0.00  15550    1000.00     20144    1000.00     26805    1000.00     32005    1000.00     39528    1000.00     45482    1000.00

01089    1000.00       06002    1000.00     10104    1000.00     15568    2000.00     20232    1000.00     26824    1000.00     32244    1000.00     39624    1000.00     45503    1000.00

01131    1000.00       06115    1000.00     10179    1000.00     15578    1000.00     20237    1000.00     26848    1000.00     32427    1000.00     39752    1000.00     45527    1000.00

01270    1000.00       06272    1000.00     10181    1000.00     15591    1000.00     20253    1000.00     26865    1000.00     32529    1000.00     39945    1000.00     45583    1000.00

01279    1000.00       06289    1000.00     10215    1000.00     15668    1000.00     20284    1000.00     2692076  1M00IL0.00  32755    1000.00     3994902  1M00IL0.00  45602    1000.00

01299    1000.00       06334    1000.00     10290    1000.00     15672    1000.00     20352    1000.00     27421    1000.00     3293930  1M00IL0.00  40047    1000.00     4564964  2M00IL0.00

01493    1000.00       06397    1000.00     10296    1000.00     15696    1000.00     20440    1000.00     27466    1000.00     33019    1000.00     40197    1000.00     46162    1000.00

01534    1000.00       06666    1000.00     10340    1000.00     15730    1000.00     20548    1000.00     27652    2000.00     33122    1000.00     40222    1000.00     46179    1000.00

01550    1000.00       06779    1000.00     10434    1000.00     15845    1000.00     20672    1000.00     27693    1000.00     33134    1000.00     40230    2000.00     46322    1000.00

01551    3000.00       06837    1000.00     10500    1000.00     1581968  2M00IL0.00  20888    1000.00     27723    1000.00     33483    1000.00     40252    1000.00     46574    1000.00

01562    1000.00       06855    1000.00     10629    1000.00     16018    1000.00     2092112  1M00IL0.00  27728    1000.00     33516    1000.00     40375    1000.00     46798    1000.00

01770    1000.00       06914    1000.00     10674    1000.00     16068    2000.00     21012    1000.00     27849    1000.00     3363641  1M00IL0.00  40450    1000.00     46815    1000.00

01856    1000.00       06916    1000.00     10731    1000.00     16096    1000.00     21012    1000.00     27872    1000.00                          40496    1000.00     46819    1000.00

01860    1000.00       06931CUARTO PREMIO                        16103    1000.00     21047    1000.00     27919    1000.00     34296    1000.00     40557    1000.00

01864    2000.00                            10809TERCER PREMIO   16143    1000.00     21094    1000.00     27938    1000.00     34337    1000.00     40669    1000.00     46910TERCER PREMIO

01897    1000.00                                                 16160    1000.00     21211    1000.00     27956    1000.00     34442    2000.00     40766    1000.00

01914    1000.00                                                 16178    1000.00     21239    1000.00     2792883  1M00IL0.00  34620    3000.00     40776    1000.00

01923    1000.00       C$25,000.00                               16201    1000.00     21272    1000.00                          34639    1000.00     4094015  1M00IL0.00
                       MANAGUA
0190627  1M00IL0.00                         C$50,000.00          16293    2000.00     21283    1000.00     28240    3000.00     34649    1000.00

02013    1000.00       0690677  1M00IL0.00  MASAYA               16489    1000.00     21353    1000.00     28277    1000.00     34678    1000.00     41124    1000.00     C$50,000.00

02088    1000.00                                                 16566    1000.00     21362    1000.00     28372    1000.00     34697    1000.00     41131    1000.00     MANAGUA

02138    1000.00       07013    1000.00     10810    1000.00     16573    1000.00     21362    1000.00     28531    1000.00     34772    1000.00     41191    1000.00

02159    1000.00       07175    1000.00     10918    1000.00     16616    1000.00     21445    1000.00     28551    2000.00     34802    1000.00     41234    1000.00

02312    1000.00       07290    2000.00     10924    1000.00     16684    1000.00     21489    1000.00     28669    1000.00     3493551  1M00IL0.00  41391    1000.00     47       MIL

02374    1000.00       07566    1000.00     10927    1000.00     16731    1000.00     21675    1000.00     28899    1000.00     35037    1000.00     41412    1000.00     47010    1000.00

02493    1000.00       07630    1000.00     10988    1000.00     16758    1000.00     21677    1000.00     2892596  1M00IL0.00  35070    1000.00     41494    1000.00     47152    1000.00

02695    1000.00       07638    1000.00     1091914  1M00IL0.00  16786    1000.00     21684    1000.00     29178    1000.00     35260    1000.00     41566    1000.00     47275    1000.00

0290130  3M00IL0.00    07649QUINTO PREMIO                        16807    1000.00     21693    1000.00     29210    1000.00     35385    2000.00     41576    1000.00     47298    1000.00

                                            11096    1000.00     16814    1000.00     2182522  1M00IL0.00  29219    1000.00     35400    1000.00     41745    1000.00     47319    1000.00

03159    1000.00       C$20,000.00          11443    1000.00     16893    1000.00                                                                    41797    1000.00     47345    1000.00
                       MANAGUA                                                                             29243    1000.00
03208    1000.00                            11470    1000.00     16908    1000.00     22113    1000.00                          35419    1000.00     41853    1000.00     47379    1000.00
                                                                                                           29301    1000.00
03215    1000.00       08       MIL         11483    1000.00     16930    1000.00     22128    1000.00                          35514    1000.00     41925    2000.00     47501    1000.00
                                                                                                           29301    1000.00
03227    2000.00       08056    1000.00     11735    1000.00     16939    1000.00     22173    1000.00                          35697    1000.00     41931    1000.00     47564    1000.00
                                                                                                           29354    1000.00
03242    1000.00       08295    2000.00     11803    1000.00     1691478  1M00IL0.00  22184    1000.00                          35805    1000.00     41954    1000.00     47569    1000.00
                                                                                                           29373    1000.00
03342    2000.00       08318    1000.00     11980    1000.00                          22318    1000.00                          35809    1000.00     41965    1000.00     47812    1000.00
                                                                                                           29521    1000.00
03532    1000.00       08320    1000.00     1191922  1M00IL0.00  17284    1000.00     22347    1000.00                          3583961  1M00IL0.00  41968    1000.00     4794583  1M00IL0.00
                                                                                                           29806    1000.00
03545    1000.00       08477    1000.00                          17297    1000.00     22596    1000.00                          36099    1000.00     4194720  1M00IL0.00
                                            12113    1000.00                                               29865    1000.00
03613    1000.00       08524    3000.00                          17317    1000.00     22744    1000.00                          36123    1000.00                          48050    1000.00
                                            12409    1000.00                                                                                         42004    1000.00
03747    1000.00       08562    2000.00                          17389    1000.00     22753    1000.00     29867SEGUNDO         36360    1000.00                          48071    1000.00
                                            12479    1000.00                                                                                         42054    1000.00
03914    1000.00       08627    1000.00                          17405    1000.00     22753    1000.00     PREMIO               36409    1000.00                          48268    1000.00
                                            12514    2000.00                                                                                         42064    1000.00
03916    1000.00       08680    1000.00                          17504    1000.00     2282933  1M00IL0.00                       36505    1000.00                          48365    1000.00
                                            12647    2000.00                                                                                         42132    1000.00
03958    1000.00       08681    1000.00                          17572    1000.00                                               36785    1000.00                          48428    1000.00
                                            1291938  1M00IL0.00                       23032    1000.00                                               42173    1000.00
0390645  1M00IL0.00    08682    2000.00                          17575    1000.00                                               36809    1000.00                          48445    1000.00
                                                                                      23277    1000.00                                               42285    1000.00
                       08683PREMIO          13002    1000.00     17582    1000.00                                               36894    1000.00                          48489    2000.00
04074    1000.00                                                                      23300    1000.00                                               42429    1000.00
                       MAYOR                13027    1000.00     17617    1000.00                                               3693979  1M00IL0.00                       48635    1000.00
04123    1000.00                                                                      23312    1000.00                                               42586    1000.00
                                            13133    1000.00     17660    1000.00                                                                                         48708    1000.00
04136    1000.00                                                                      23396    1000.00                                               42622    1000.00
                                            13144    1000.00     17686    1000.00                          C$300,000.00         37216    1000.00                          48711    1000.00
04218    1000.00                                                                      23406    2000.00                                               4284334  1M00IL0.00
                                            13144    1000.00     17742    1000.00                                               37364    1000.00                          48864    3000.00
04299    1000.00                                                                      23488    1000.00
                                            13163    1000.00     17779    1000.00                          JINOTEGA             37376    1000.00     43143    1000.00     4894894  1M00IL0.00
04359    1000.00                                                                      23524    1000.00
                                            13382    1000.00     17824    1000.00                                               37443    1000.00     43239    1000.00
04517    1000.00                                                                      23563    1000.00
                                            13454    1000.00     17836    1000.00                                               37476    1000.00     43268    1000.00     49157    1000.00
04548    1000.00                                                                      23598    1000.00     29931    1000.00
                                            13619    1000.00     17934    1000.00                                               37595    1000.00     43389    1000.00     49163    1000.00
04557    1000.00       C$ 3,500,000.00                                                23763    1000.00     2993405  1M00IL0.00
                                            13697    1000.00     1791585  1M00IL0.00                                            37647    1000.00     43400    1000.00     49171    1000.00
04606    1000.00                                                                      23816    1000.00
                                            13756    1000.00                                               30153    1000.00     37713    1000.00     43421    1000.00     49172    1000.00
04696    1000.00                                                 18031    1000.00     23895    1000.00
                       VENDIDO POR EL       13758    1000.00                                               30158    1000.00     37719    2000.00     43500    1000.00     49187    1000.00
04736    1000.00                                                 18084    1000.00     2392949  1M00IL0.00
                       CONCESIONARIO M-246  13789    1000.00                                               30218    1000.00     37836    1000.00     43512    1000.00     49244    1000.00
04741    1000.00                                                 18102    1000.00
                       ABRAHAN MORA         13795    1000.00                          24070    1000.00     30250    1000.00     37875    1000.00     43616    1000.00     49279    1000.00
04797    1000.00                                                 18156    1000.00
                       VELASQUEZ                                                                                                3793888  1M00IL0.00                       49287    1000.00
                       MATAGALPA
04803CUARTO PREMIO                          13798    2000.00     18341    1000.00     24192    1000.00     30325    1000.00                          43698    1000.00     49409    1000.00

                                            13831    1000.00     18391    1000.00     24208    1000.00     30385    1000.00     38116    1000.00     4384145  1M00IL0.00  49441    1000.00

                       08684    2000.00     1381842  1M00IL0.00  18500    2000.00     24319    1000.00     30389    1000.00     38301    1000.00     44006    1000.00     49575    1000.00

C$25,000.00            08685    1000.00     14004    1000.00     18596    1000.00     24434    1000.00     30435    1000.00     38345    1000.00     44023    1000.00     49826    1000.00

BLUEFIELDS             08686    1000.00     14009    1000.00     18767    1000.00     24531    1000.00     30488    1000.00     38362    1000.00     44040    10,000.00   49879    1000.00

                       08716    1000.00     14039    1000.00     18813    1000.00     24795    1000.00     30542    1000.00     38393    1000.00     44069    1000.00     49899    1000.00

04807    1000.00       08728    1000.00     14089    1000.00     18918    1000.00     2482157  1M00IL0.00  30628    1000.00     38548    1000.00     44096    1000.00     4995003  1M00IL0.00

04873    2000.00       08851    1000.00     14186    1000.00     18972    1000.00     25063    2000.00     30718    1000.00     38576    1000.00     44206    1000.00

04918    1000.00       08882    1000.00     14290    1000.00     1891796  1M00IL0.00  25164    1000.00     30819    1000.00     38593    1000.00     44218    1000.00     50039    1000.00

04966    1000.00       08886    1000.00     14295    1000.00                          25178    1000.00     30867    1000.00     38594    1000.00     44293    1000.00     50096    1000.00

04976    1000.00       08911    1000.00     14391    1000.00     19158    1000.00     25211    1000.00     3083716  1M00IL0.00  38630    1000.00     44306    1000.00     50118    1000.00

0490853  10M,00IL0.00  0890294  1M00IL0.00  14479    1000.00     19177    1000.00     25469    1000.00     31034    1000.00     38703    1000.00     44398    1000.00     50183    1000.00
                                                                                                                                                                          50211    1000.00
                                            14556    1000.00     19207    1000.00     25478    1000.00     31180    1000.00     38841    1000.00     44591    1000.00     50278    1000.00

05035    2000.00       09105    1000.00     14601    1000.00     19237    1000.00     25663    1000.00     31206    1000.00     38865    1000.00     44600    1000.00     50331    1000.00

05160    1000.00       09120    1000.00     14749    2000.00     19318    1000.00     25788    1000.00     31227    1000.00     38931    1000.00     44690    1000.00     50402    1000.00

05266    1000.00       09153    1000.00     14882    1000.00     19562    1000.00     25812    1000.00     31402    1000.00     38949    1000.00     44812    1000.00     50540    1000.00

05298    1000.00       09166    1000.00     1481957  1M00IL0.00  19618    1000.00     25862    2000.00     31436    1000.00     3893691  1M00IL0.00  4484454  1M00IL0.00  50556    15,000.00

05372    1000.00       09176    1000.00                          19713    2000.00     2592460  1M00IL0.00  31548    1000.00                                               50596    1000.00

05431    1000.00       09529    1000.00     15032    1000.00     19713    1000.00                          31591    1000.00     39006    1000.00     45011    1000.00     50624    3000.00

05474    1000.00       09570    1000.00     15174    1000.00     19726    1000.00     26100    1000.00     31607    1000.00     39082    1000.00     45025    1000.00     50639    1000.00

05479    1000.00       09572    1000.00     15240    2000.00     19804    1000.00     26169    1000.00     31635    1000.00     39300    1000.00     45208    1000.00     50712    1000.00

05484    1000.00       09603    1000.00     15394    1000.00     19804    1000.00     26384    1000.00     31744    2000.00     39314    1000.00     45228    1000.00     50788    1000.00

05503    1000.00       09780    1000.00     15408    1000.00     1982704  1M00IL0.00  26675    2000.00     31797    1000.00     39390    1000.00     45338    1000.00     50803    1000.00

05561    1000.00       09871    1000.00     15436    1000.00     20092    1000.00     26716    1000.00     3183328  1M00IL0.00  39399    1000.00     45394    1000.00     50804    1000.00

05814    2000.00       09901    1000.00     15503    1000.00     20096    1000.00     26779    1000.00                          39476    1000.00     45404    1000.00     50958    1000.00

05843    2000.00       09931    1000.00

NOTA: LOS BILLETES TERMINADOS EN 8683 GANAN C$4,800.00, LOS TERMINADOS EN 683 GANAN C$2,400.00, LOS TERMINADOS EN 83 GANAN

C$1,200.00, LOS TERMINADOS EN 3 GANAN C$600.00. TODOS LOS NUMEROS DE LA PRESENTE LISTA Y QUE A LA VEZ TENGAN TERMINACIONES

DEL PREMIO MAYOR TIENEN DERECHO AL PREMIO Y A LA TERMINACION. SE EXCEPTUA AL PREMIO MAYOR EN TODAS LAS TERMINACIONES.

         ESTA LISTA ES GRATIS · VISITE WWW.LOTERIANACIONAL.COM.NI
