                                                                   SORTEO EXTRAORDINARIO Nº 1488

                                                                                                                                              MANAGUA

                                                                   5,000,000Córdobas                                                         17 DE NOVIEMBRE

                                                                                                                                                     2009

                                                                                                                                             CADUCIDAD

                                                                                                                                             25 DE FEBRERO

                                                                                                                                                     2010

                                                                                                                                             LISTA OFICIAL

01     MIL      07371  850.00                  10553  850.00       15825  900.00   22423  850.00       27465  850.00  33484  850.00   39407  850.00  44648  850.00
                                                                   16     MIL
01059  850.00   07465  850.00                  10591  850.00                       22457  850.00       27523  850.00  33508  850.00   39481  850.00  44710  850.00

01159  850.00   07545  850.00                  SEGUNDO             16193  850.00   22462  850.00       27526  850.00  33600  850.00   39498  850.00  44852  850.00

01176  850.00   07572  850.00                  10620PREMIO         16215  850.00   22790  850.00       27692  850.00  33747  850.00   39575  850.00  44876  850.00

01274  850.00   07633  850.00                                      16578  850.00   22814  850.00       27846  900.00  33823  850.00   39617  850.00  44897  850.00
                                                                                   23     MIL                                                        45     MIL
01307  850.00   07653  900.00                                      16791  850.00                       27892  850.00  33856  850.00   39755  850.00

01438  850.00   07657  850.00                                      16816  850.00   23084  850.00       27895  850.00  33899  850.00   39799  850.00  45022  850.00
                                                                                                       28     MIL
01467  850.00   07672  850.00                                      16973  900.00   23092  850.00                      33909  850.00   39832  850.00  45066  850.00
                                                                   17     MIL
01553  850.00   07675  850.00                                                      23147  850.00       28011  850.00  33924  900.00   SEGUNDO        45080  850.00
                                                                                                                      34     MIL
01564  850.00   07735CUARTO PREMIO                                 17049  850.00   23215  850.00       28153  900.00                  39751PREMIO    45092  850.00

01587  900.00                                  C$125,000.00        17093  850.00   23230  850.00       28185  850.00  34174  850.00                  45140  900.00

01599  850.00                                  OCOTAL              17173  850.00   23299  850.00       28250  850.00  34182  850.00                  45150  850.00

01664  850.00                                                      17213  850.00   23311  850.00       28444  850.00  34189  850.00                  45195  850.00

01687  850.00   C$50,000.00                                        17239  850.00   23313  850.00       28548  900.00  34195  850.00                  45259  850.00

01820  850.00   CHINANDEGA                     10638  850.00       17473  850.00   23494  850.00       28601  850.00  34275  850.00                  45296  850.00

01890  850.00                                  10656  850.00       17475  850.00   23550  850.00       28621  850.00  34395  850.00                  45302  850.00
02     MIL
                                               10702  850.00       17559  850.00   23561  850.00       28739  850.00  34408  850.00   C$125,000.00   45414  5,000.00

02245  850.00   07763  850.00                  10928  850.00       17688  850.00   23565  850.00       28741  850.00  34412  850.00   MASAYA         45585  850.00

02250  850.00   07788  850.00                  10994  850.00       17929  900.00   23606  850.00       28771  850.00  34425  850.00                  45623  850.00
                                               11     MIL          18     MIL
02318  850.00   07891  850.00                                                      23821  850.00       28863  850.00  34442  850.00                  45826  900.00

02342  850.00   07903  850.00                  11019  850.00       18186  850.00                       28925  850.00  34451  850.00   39925  850.00  45875  850.00
                                                                                                       29     MIL
02453  850.00   07927  850.00                  11140  850.00       18228  850.00   23939TERCER PREMIO                 34456  850.00   39943  850.00  45927  850.00
                08     MIL                                                                                                            40     MIL
02526  850.00                                  11192  850.00       18346  850.00                       29142  850.00  34468  850.00                  45990  850.00
                                                                                                                                                     46     MIL
02540  850.00   08077  850.00                  11431  850.00       18423  850.00                       29195  850.00  34491  850.00   40011  850.00

02575  850.00   08093  1000.00                 11447  850.00       18562  850.00                       29203  850.00  34577  850.00   40124  850.00  46073  850.00

02729  850.00   08154  850.00                  11587  850.00       18679  1000.00                      29227  850.00  34577  850.00   40133  850.00  46293  900.00

02886  850.00   08181  850.00                  11688  850.00       18684  850.00                       29402  850.00  34591  850.00   40181  850.00  46446  850.00

02886  850.00   08285  850.00                  11721  850.00       18700  850.00                       29414  850.00  34595  850.00   40243  850.00  46563  850.00

02894  850.00   08477  1250.00                 11731  850.00       18708  850.00   C$100,000.00        29510  850.00  34618  850.00   40267  850.00  46796  850.00

02965  850.00   08478  1250.00                 11824  850.00       18807  850.00                       29529  850.00  34642  850.00   40294  850.00  46860  850.00
                                               12     MIL
02971  850.00   08479  2500.00                                     18847  850.00   MANAGUA             29568  850.00  34645  850.00   40307  850.00  46895  850.00
03     MIL                                                                                                                                           47     MIL
                08480PREMIO                    12145  850.00       18857  850.00                       29781  850.00  34651  850.00   40333  850.00

03013  850.00                                  12277  850.00       18984  850.00                       29854  850.00  34679  850.00   40346  850.00  47104  850.00
                MAYOR                                              19     MIL      24     MIL
03118  850.00                                  12314  850.00                                           29934  850.00  34706  850.00   40461  850.00  47260  850.00

03120  850.00                                  12388  850.00       19070  850.00   24052  850.00       29949  850.00  34721  1000.00  40541  850.00  47280  850.00
                                                                                                       30     MIL
03146  850.00                                  12429  850.00       19157  850.00   24133  850.00                      34872  850.00   40552  850.00  47428  850.00

03178  850.00                                  12466  850.00       19251  850.00   24169  850.00       30133  850.00  34951  850.00   40593  850.00  47489  850.00
                                                                                                                      35     MIL
03311  850.00                                  12482  850.00       19255  900.00   24171  850.00       30147  850.00                  40805  850.00  47490  850.00

03316  850.00                                  12695  5,000.00     19361  850.00   24388  850.00       30148  850.00  35193  850.00   40856  850.00  47708  850.00

03390  850.00                                  12734  850.00       19390  850.00   24419  850.00       30183  850.00  35263  850.00   40942  850.00  47754  850.00
                                                                                                                                      41     MIL
03517  850.00                                  12806  850.00       19451  850.00   24463  850.00       30236  850.00  35506  850.00                  47967  850.00
                                                                                                                                                     48     MIL
03602  850.00                                  12837  850.00       19565  850.00   24498  850.00       30398  850.00  35585  850.00   41113  850.00

03861  900.00   C$ 5,000,000.00                12851  850.00       19604  850.00   24559  850.00       30433  850.00  35636  850.00   41494  850.00  48081  850.00

03896  850.00                                  12865  850.00       19735  850.00   24573  850.00       30490  850.00  35661  850.00   41578  900.00  48121  850.00
04     MIL                                     13     MIL
                                                                   19764  850.00   24606  850.00       30556  850.00  35753  850.00   41597  850.00  48264  850.00

04002  850.00                                  13004  850.00       19770  850.00   24700  850.00       30568  850.00  35801  850.00   41732  850.00  48299  850.00

04175  850.00   NO FUE VENDIDO                 13296  850.00       19832  850.00   24791  850.00       30618  850.00  35836  850.00   41757  850.00  48343  850.00

04326  850.00   POR ACUMULACION                13297  850.00       19870  850.00   24843  850.00       30799  850.00  35856  850.00   41811  850.00  48496  850.00
                EL SORTEO 1489 DEL 24 DE
04427  850.00   NOVIEMBRE 2009 TENDRA UN       13313  900.00       19961  850.00   25     MIL          30931  900.00  35860  850.00   41934  850.00  48528  850.00
                                                                   20     MIL                          31     MIL                     42     MIL
04455  1000.00  PREMIO MAYOR                   13315  850.00                       25022  850.00                      36     MIL                     48658  850.00
                DE C$6,000.000.00 POR EL
04628  850.00   PRECIO DE C$300.00 EL BILLETE  13341  850.00       20041  1000.00  25185  850.00       31009  850.00  36190  850.00   42213  850.00  48772  850.00
                GRANADA
04640  850.00                                  13424  10,000.00    20134  850.00   25214  850.00       31021  850.00  36488  850.00   42351  850.00  48792  850.00

04755  850.00                                  13429  850.00       20166  850.00   25222  1000.00      31064  850.00  36673  900.00   42398  850.00  48894CUARTO PREMIO
05     MIL
                                               13668  850.00       20207  900.00   25239  850.00       31109  850.00  36681  850.00   42439  850.00

05009  850.00   08481  2500.00                 13688  850.00       20227  850.00   25318  850.00       31213  850.00  36897  850.00   42546  850.00

05027  850.00   08482  1250.00                 13849  850.00       20334  850.00   25371  850.00       31236  850.00  36954  850.00   42548  850.00
                                                                                                                      37     MIL
05136  850.00   08483  1250.00                 13992  850.00       20479  850.00   25419  900.00       31293  850.00                  42585  850.00  C$50,000.00
                                               14     MIL
05138  850.00   08563  850.00                                      20648  850.00   25465  900.00       31294  850.00  37113  850.00   42627  850.00  MATAGALPA

05146  900.00   08676  850.00                  14145  900.00       20832  850.00   25471  850.00       31368  850.00  37223  850.00   42650  850.00
                                                                   21     MIL
05292  850.00   08856  850.00                  14161QUINTO PREMIO                  25503  850.00       31385  850.00  37251  850.00   42768  850.00  48954  850.00

05309  850.00   08934  850.00                                      21008  850.00   25596  850.00       31428  850.00  37296  850.00   42847  850.00  49     MIL

05332  850.00   08942  850.00                                      21109  850.00   25648  850.00       31680  850.00  37408  850.00   42912  850.00  49112  850.00

05526  850.00   08972  850.00                  C$25,000.00         21122  900.00   25748  850.00       31697  850.00  37418  850.00   42994  850.00  49137  850.00
                09     MIL                     JINOTEPE                                                                               43     MIL
05531  850.00                                                      21163  900.00   25812  850.00       31719  850.00  37521  850.00                  49178  850.00

05546  850.00   09049  850.00                                      21175  850.00   25867  850.00       31765  850.00  37648  850.00   43032  850.00  49192  850.00

05588  850.00   09137  850.00                  14176  850.00       21196  850.00   25884  850.00       31961  850.00  37678  850.00   43097  850.00  49288  850.00
                                                                                   26     MIL
05624  850.00   09273  850.00                  14235  850.00       21215  850.00                       31976  850.00  37686  850.00   43344  850.00  49485  850.00
                                                                                                       32     MIL
05758  850.00   09307  850.00                  14277  850.00       21225  850.00   26018  850.00                      37707  850.00   43413  850.00  49663  850.00

05759  850.00   09413  850.00                  14437  850.00       21245  850.00   26093  850.00       32044  850.00  37708  850.00   43470  850.00  49795  900.00

05780  850.00   09448  850.00                  14451  850.00       21254  900.00   26149  850.00       32089  850.00  37854  850.00   43472  850.00  49938  850.00

05825  850.00   09469  850.00                  14543  850.00       21261  850.00   26180  850.00       32169  850.00  37895  850.00   43526  850.00  50     MIL

05958  850.00   09493  900.00                  14610  850.00       21449  850.00   26211  850.00       32403  850.00  37920  850.00   43593  850.00  50198  850.00
06     MIL
                09533  850.00                  14750  850.00       21473  850.00   26227  850.00       32493  850.00  37973  850.00   43730  850.00  50225  850.00

06184  850.00   09710  850.00                  14780  850.00       21519  850.00   26228  850.00       32501  850.00  37981  850.00   43842  850.00  50251  850.00

06439  850.00   09725  900.00                  14836  850.00       21525  850.00   26299  850.00       32518  850.00  37997  850.00   43875  900.00  50276  850.00
                                                                                                                      38     MIL
06441  850.00   09804  850.00                  14839  850.00       21585  850.00   26418  850.00       32660  850.00                  43953  850.00  50319  850.00

06472  850.00   09841  850.00                  14856  900.00       21659  850.00   26634  850.00       32755  850.00  38046  850.00   43956  850.00  50516  850.00

06498  850.00   09966  850.00                  14916  850.00       21837  850.00   26805  850.00       32832  850.00  38366  850.00   43975  850.00  50618  850.00
                                               15     MIL                          27     MIL          33     MIL                     44     MIL
06516  850.00   09988  850.00                                      21841  850.00                                      38400  850.00                  50626  850.00
                10     MIL
06647  850.00                                  15190  850.00       21891  900.00   27059  850.00       33043  850.00  38435  850.00   44105  850.00  50629  850.00

06749  850.00   10016  850.00                  15271  850.00       21974  850.00   27155  900.00       33046  850.00  38840  850.00   44150  850.00  50691  850.00

06849  850.00   10221  850.00                  15357  850.00       21983  850.00   27184  850.00       33127  850.00  38865  850.00   44369  850.00
                                                                   22     MIL                                                                        50697  850.00
06868  850.00   10233  850.00                  15427  850.00                       27263  850.00       33222  850.00  38928  850.00   44466  850.00
                                                                                                                                                     50701  850.00
06900  850.00   10377  1000.00                 15580  850.00       22170  850.00   27324  850.00       33239  850.00  38956  850.00   44499  850.00
07     MIL                                                                                                            39     MIL                     50771  850.00
                10394  850.00                  15623  850.00       22251  850.00   27344  850.00       33304  850.00                  44503  900.00
                                                                                                                                                     50829  850.00
07066  850.00   10513  850.00                  15633  850.00       22285  850.00   27445  850.00       33401  850.00  39013  850.00   44513  850.00
                                                                                                                                                     50914  850.00
07087  850.00   10535  850.00                  15714  850.00       22405  850.00   27462  850.00       33440  850.00  39185  900.00   44641  850.00

NOTA: LOS BILLETES TERMINADOS EN 8480 GANAN C$6,400.00, LOS TERMINADOS EN 480 GANAN C$3,200.00, LOS TERMINADOS EN 80 GANAN

C$1,600.00, LOS TERMINADOS EN 0 GANAN C$800.00. TODOS LOS NUMEROS DE LA PRESENTE LISTA Y QUE A LA VEZ TENGAN TERMINACIONES

DEL PREMIO MAYOR TIENEN DERECHO AL PREMIO Y A LA TERMINACION. SE EXCEPTUA AL PREMIO MAYOR EN TODAS LAS TERMINACIONES.

       NOTA: POR ACUMULACION EL SORTEO No. 1489 A VERIFICARSE EL 24 DE NOVIEMBRE DEL 2009, TENDRA

       UN PREMIO MAYOR DE C$ 6,000.000.00, POR EL PRECIO DE C$ 300.00 EL BILLETE Y C$ 15.00 EL VIGESIMO.
