                                                                        SORTEO ORDINARIO Nº 1489

                                                                                                                                                            MANAGUA

                                                               6,000,000Córdobas                                                                            24 DE NOVIEMBRE

                                                                                                                                                                        2009

                                                                                                                                                            CADUCIDAD

                                                                                                                                                            04 DE MARZO

                                                                                                                                                                        2010

                                  POR ACUMULACIÓN                                                                                                           LISTA OFICIAL

01       MIL         06515QUINTO PREMIO   1191312  1M00IL0.00  17039    1000.00     20468    1000.00     C$25,000.00          33113    1000.00     38160    1000.00     44602    1000.00

01062    1000.00                          12108    1000.00     17041    1000.00     20552    1000.00              LEON        33126    2000.00     38174    1000.00     44679    1000.00

01102    1000.00     C$20,000.00                               17071    1000.00     20635    1000.00     26292    1000.00     33135    1000.00     38292    2000.00     44758    1000.00
                     MANAGUA
01176    1000.00                          12168    1000.00     17081    1000.00     20725    2000.00     26374    1000.00     33159    1000.00     38305    1000.00     4474752  1M00IL0.00
                     06560    1000.00
01202    1000.00                          12244    1000.00     17173    1000.00     20894    1000.00     26509    1000.00     33179    1000.00     38324    1000.00
                     06579    1000.00
01222    1000.00                          12304    1000.00     17239    1000.00     2092815  1M00IL0.00  26672    1000.00     33247    1000.00     38413    1000.00     45179    3000.00
                     0670479  1M00IL0.00
01245    1000.00                          12347    1000.00     17285    1000.00                          26853    1000.00     33254    1000.00     38517    1000.00     45253    1000.00

01251    1000.00     07085    1000.00     12383    1000.00     17520    1000.00     21210    1000.00     26884    1000.00     33375    1000.00     38544    1000.00     45487    1000.00

01272    1000.00     07147    1000.00     12447    1000.00     17608    1000.00     21380    1000.00     26968    1000.00     33491    1000.00     38681    1000.00     45523    1000.00

01314    1000.00     07296    1000.00     12535    1000.00     17644    1000.00     21389    1000.00     2692970  1M00IL0.00  33685    1000.00     38718    1000.00     45575    1000.00

01430    1000.00     07493CUARTO PREMIO   12723    1000.00     17659    1000.00     21480    1000.00                          33847    1000.00     38719    1000.00     45648    1000.00

01467    1000.00                          12823    1000.00     17735    2000.00     21480    1000.00     27021    1000.00     33927    1000.00     38959    1000.00     45678    1000.00

01671    1000.00                          12920    1000.00     17788    1000.00     21556    2000.00     27077    1000.00     33938    1000.00     38976    1000.00     4584967  1M00IL0.00

01678    1000.00                          12945    1000.00     17789    1000.00     21597    1000.00     27093    1000.00     33961    1000.00     3893796  1M00IL0.00  46032    1000.00

01774    1000.00                          1291833  1M00IL0.00  17790    2000.00     21737    1000.00     27249    1000.00     3393744  1M00IL0.00                       46258    1000.00

01790    1000.00     CM$2A5N,0A0G0U.0A0   13230    1000.00     PREMIO               21980    1000.00     27654    1000.00                          39003    1000.00     46287    1000.00

01935    1000.00                          13313    1000.00     17791MAYOR           2192925  1M00IL0.00  27899    1000.00     34018    1000.00     39107    1000.00     46445    2000.00

01954    1000.00     07528    1000.00     13347    1000.00                          22123    1000.00     27950    1000.00     34019    1000.00     39117    1000.00     46448    1000.00

01977    1000.00     07717    1000.00     13369    1000.00                          22135    1000.00     27958    1000.00     34146    1000.00     39160    1000.00     46471    1000.00

0190927  3M00IL0.00  07849    1000.00     13403    1000.00                          22171    1000.00     27969    1000.00     34188    1000.00     39305    1000.00     46566    1000.00

                     07933    1000.00     13414    1000.00                          22192    1000.00     2792881  1M00IL0.00  34392    1000.00     39546    1000.00     46626    1000.00

02002    1000.00     07948    1000.00     13532    1000.00                          22228    1000.00                          34424    1000.00     39550    1000.00     46648    1000.00

02100    1000.00     08       MIL         13573    2000.00                          22254    1000.00     28097    1000.00     34476    1000.00     39566    1000.00     46831    1000.00

02106    1000.00     08003    1000.00     13576    1000.00                          22325    1000.00     28198    1000.00     34485    1000.00     39573    1000.00     46932    1000.00

02345    2000.00     08155    1000.00     13629    1000.00                          22333    1000.00     28352    2000.00     34519    1000.00     39682    1000.00     46939    1000.00

02481    1000.00     08158    1000.00     13641    10,000.00   C$ 6,000,000.00      22494    1000.00     28390    1000.00     34536    2000.00     39824    1000.00     47       MIL

02575    1000.00     08208    1000.00     13665    1000.00                          22547    2000.00     28533    1000.00     34555    1000.00     39836    1000.00     47021    1000.00

0290034  1M00IL0.00  08293    1000.00     13667    1000.00                          22555    1000.00     28655    1000.00     34588    1000.00     3984503  1M00IL0.00  47117    1000.00

                     08332    1000.00                          VENDIDO POR EL                            28732    1000.00     34756    1000.00

03062    1000.00                          13704    1000.00     CONCESIONARIO I-021  22879    1000.00     28832    1000.00     3493255  2M00IL0.00  40085    1000.00     47121    1000.00

03126    1000.00     08392    1000.00     13771    1000.00     PEDRO PABLO          2292935  1M00IL0.00  2892490  1M00IL0.00                       40110    1000.00     47141    1000.00

                     08451    1000.00     13774    1000.00     RODRIGUEZ                                                      35122    1000.00     40207    2000.00     47463    1000.00

03461TERCER PREMIO   08503    2000.00     13853    1000.00     OCOTAL               23096    1000.00     29001    1000.00     35268    1000.00     40539    1000.00     47486    1000.00

                     08529    1000.00     13879    1000.00                          23154    1000.00     29034    1000.00     35434    1000.00     40559    1000.00     47548    1000.00

                     08567    1000.00     13895    1000.00     17792    2000.00     23187    1000.00     29156    1000.00     35456    1000.00     40639    1000.00     47766    1000.00

                     08631    1000.00     1391747  1M00IL0.00  17793    1000.00     23278    1000.00     29249    1000.00     35479    1000.00     4074917  1M00IL0.00  47847    1000.00

C$50,000.00          08775    1000.00                          17794    1000.00     23351    1000.00     29362    1000.00     35500    1000.00                          47980    1000.00

                     08871    2000.00     14119    1000.00     17804    1000.00     23360    1000.00     29438    1000.00     35595    1000.00     41087    1000.00     48       MIL

JUIGALPA             08874    2000.00     14387    2000.00     17828    1000.00     23438    1000.00     29452    1000.00     35708    1000.00     41159    1000.00     48064    1000.00

                     08882    1000.00     14510    1000.00     1781788  1M00IL0.00  23578    1000.00     29539    1000.00     35719    1000.00     41248    1000.00     48117    1000.00
                     09       MIL
03500    1000.00                          14743    1000.00                          23587    1000.00     29577    1000.00     35860    1000.00     41280    1000.00     48237    1000.00
                     09194    1000.00
03505    1000.00                          1491353  1M00IL0.00  18149    1000.00     23588    1000.00     29599    1000.00     3593860  1M00IL0.00  41301    1000.00     48342    1000.00
                     09203    1000.00
03508    1000.00                                               18154    1000.00     23656    1000.00     29794    1000.00                          41579    2000.00     48364    1000.00
                     09272    1000.00     15091    1000.00
03563    1000.00                                               18185    1000.00     23660    1000.00     29802    1000.00     36114    1000.00     41635    1000.00     48416    1000.00
                     09362    1000.00     15163    1000.00
03574    1000.00                                               18233    1000.00     23685    1000.00     2993903  1M00IL0.00  36114    1000.00     41697    1000.00     48479    1000.00
                     09460    1000.00     15188    1000.00
03585    1000.00                                               18234    1000.00     23687    1000.00                          36224    1000.00     41801    1000.00     48537    1000.00
                     09460    1000.00     15190    1000.00
03632    1000.00                                               18387    1000.00     23754    1000.00     30014    1000.00     36270    1000.00     41803    3000.00     48677    1000.00
                     09469    1000.00     15315    1000.00
03634    1000.00                                               18389    1000.00     23792    1000.00     30078    1000.00     36548    1000.00     4184521  1M00IL0.00  48831    1000.00
                     09542    1000.00     15333    1000.00
03689    1000.00                                               18402    1000.00     23840    1000.00     30093    2000.00     36603    1000.00                          48846    1000.00
                     09556    1000.00     15460    1000.00                                                                                         42280    2000.00
03786    1000.00                                               18612    1000.00     23878    1000.00     30110    1000.00     36634    1000.00                          48874    1000.00
                     09845    1000.00     15500    1000.00                                                                                         42347    1000.00
03828    1000.00                                               18636    1000.00     23949    1000.00     30224    1000.00     36824    1000.00                          48894    1000.00
                     09981    1000.00     15710    1000.00                                                                                         42412    1000.00
0390045  1M00IL0.00  10       MIL                              18649    1000.00     2392748  1M00IL0.00  30559    1000.00     3693677  1M00IL0.00                       48897    1000.00
                                          15765    1000.00                                                                                         42488    1000.00
                     10045                                     18659    2000.00                          30659    1000.00                                               48948    1000.00
04032    1000.00              1000.00     15783    1000.00                          24119    1000.00                          37017    1000.00     42545    1000.00
                                                               18840    1000.00                          3093915  1M00IL0.00                                            48954    2000.00
04046    1000.00     10163    1000.00     15831    1000.00                          24259    1000.00                          37214    1000.00     42737    1000.00     49       MIL
                                                               18895    1000.00
04122    1000.00     10184    1000.00     15859    1000.00                          24309    1000.00     31360    1000.00     37222    1000.00     42737    1000.00
                                                               1891495  1M00IL0.00                                                                                      49123    2000.00
04214    1000.00     10210    1000.00     15886    3000.00                          24342    1000.00     31361    1000.00     37233    1000.00     4284737  2M00IL0.00
                                                                                                                                                                        49164    1000.00
04216    1000.00     10438    1000.00     15886    1000.00     19040    1000.00     24365    1000.00     31400    1000.00     37319    1000.00
                                                                                                                                                   43019    1000.00     49171    1000.00
04391    1000.00     10485    1000.00     15939    1000.00     19151    1000.00     24463    1000.00     31443    1000.00     37495    1000.00
                                                                                                                                                   43114    2000.00     49320    1000.00
04429    1000.00     10554    1000.00     1591861  1M00IL0.00  19155    1000.00     24547    1000.00     31459    1000.00     37507    1000.00
                                                                                                                                                   43138    1000.00     49399    1000.00
04443    1000.00     10556    1000.00                          19191    1000.00     24630    1000.00     31508    1000.00     37570    1000.00
                                          16043    1000.00                                                                                         43163    1000.00     49591    1000.00
04521    1000.00     10559    1000.00                          19232    1000.00     24784    1000.00     31584    1000.00     37591    1000.00
                                          16049    1000.00                                                                                         43207    15,000.00   49709    1000.00
04553    1000.00     10563    1000.00                          19244    1000.00     24812    1000.00     31599    1000.00     37713    1000.00
                                                                                                                                                   43298    1000.00     49798    1000.00
04620    1000.00     10659    1000.00     16121TERCER PREMIO   19290    1000.00     24838    1000.00     31601    1000.00     37775    1000.00
                                                                                                                                                   43313    2000.00     49840    1000.00
04635    1000.00     10680    1000.00                          19373    1000.00     24869    1000.00     31604    2000.00     37804    1000.00
                                                                                                                                                   43348    1000.00     49883    1000.00
04783    1000.00     10727    1000.00                          19435    1000.00     24892    1000.00     31616    3000.00     37875    1000.00
                                                                                                                                                                        49995    1000.00
04887    1000.00     10827    1000.00                          19632    1000.00     24913    1000.00     31641    1000.00     37883    1000.00     43354    1000.00     50       MIL

0490054  1M00IL0.00  10855    1000.00     C$50,000.00          19645    1000.00     2492252  1M00IL0.00  31783    1000.00     37945    1000.00     43474    1000.00     50068    1000.00

                     10974    1000.00                          19773    1000.00                          31817    1000.00     37965    1M00IL0.00  43499    1000.00     50073    1000.00
                     11       MIL                                                                                             38
05002    1000.00                          ESTELI               19865    1000.00     25025    1000.00     31898    1000.00                          43525    1000.00              1000.00
                                                                                                                                                                        50081
05128    1000.00     11004    1000.00                          19872    1000.00     25042    1000.00     3193623  1M00IL0.00  38011    1000.00     43584    1000.00
                                                                                                                                                                        50140    1000.00
05265    1000.00     11145    1000.00     16128    1000.00     19915    1000.00     25183    1000.00                          38025    2000.00     43636    1000.00
                                                                                                                                                                        50259    1000.00
05393    1000.00     11201    1000.00     16373    1000.00     19915    1000.00     25235    1000.00     32005    1000.00     38045    1000.00     43736    1000.00
                                                                                                                                                                                 2000.00
05396    1000.00     11219    1000.00     16392    1000.00     19925    1000.00     25271    2000.00     32116    1000.00     SEGUNDO              43740    1000.00     50399

05465    3000.00     11286    1000.00     16480    3000.00     19928    10,000.00   25312    1000.00     32160    1000.00     38147PREMIO          43791    1000.00     50431    2000.00

05472    1000.00     11370    1000.00     16480    2000.00     19934    1000.00     25369    1000.00     32620    1000.00                          43919    1000.00     50479    1000.00

05474    2000.00     11409    1000.00     16544    1000.00     20       MIL         25688    1000.00     32651    1000.00                          4394645  1M00IL0.00  50582    1000.00

05506    1000.00     11546    1000.00     16547    1000.00     20100    1000.00     25834    1000.00     32729    1000.00                                               50616    1000.00

05536    1000.00     11603    1000.00     16688    1000.00     20148    1000.00     25958    1000.00     32735    1000.00                          44109    2000.00     50718    1000.00
                                                                                    26       MIL
05687    1000.00     11682    1000.00     16721    1000.00     20181    1000.00                          32740    1000.00                          44273    1000.00     50793    1000.00
                                                                                    26060    1000.00
05837    1000.00     11752    1000.00     16797    1000.00     20187    1000.00                          32755    1000.00                          44408    1000.00     50819    1000.00
                                                                                    26122    1000.00
0590561  1M00IL0.00  11759    1000.00     16830    1000.00     20195    1000.00                          32779    1000.00     C$300,000.00         44510    1000.00     50828    1000.00
                                                                                    26227CUARTO PREMIO
                     11804    1000.00     16961    1000.00     20218    1000.00                          33       MIL                              44517    1000.00     50895    1000.00

06237    1000.00     11861    1000.00     17       MIL         20258    1000.00                          33017    1000.00     JINOTEGA             44550    1000.00     50915    1000.00

06314    1000.00     11913    1000.00     17032    1000.00     20375    1000.00                          33098    1000.00                          44601    1000.00     50972    1000.00

NOTA: LOS BILLETES TERMINADOS EN 7791 GANAN C$4,800.00, LOS TERMINADOS EN 791 GANAN C$2,400.00, LOS TERMINADOS EN 91 GANAN

C$1,200.00, LOS TERMINADOS EN 1 GANAN C$600.00. TODOS LOS NUMEROS DE LA PRESENTE LISTA Y QUE A LA VEZ TENGAN TERMINACIONES

DEL PREMIO MAYOR TIENEN DERECHO AL PREMIO Y A LA TERMINACION. SE EXCEPTUA AL PREMIO MAYOR EN TODAS LAS TERMINACIONES.

         ESTA LISTA ES GRATIS · VISITE WWW.LOTERIANACIONAL.COM.NI
