                                                                          SORTEO ORDINARIO Nº 1490

                                                                                                                                                          MANAGUA

                                                                 3,500,000Córdobas                                                                        01 DE DICIEMBRE

                                                                                                                                                                     2009

                                                                                                                                                          CADUCIDAD

                                                                                                                                                          11 DE MARZO

                                                                                                                                                                     2010

                                                                                                                                                          LISTA OFICIAL

01       MIL           05178    1000.00     11113    1000.00     16613                23157    2000.00     2882697  2M00IL0.00  33324  1000.00     40130  1000.00                                                        46     MIL

01079    2000.00       05187    1000.00     11135    1000.00                          23164    1000.00     29035    1000.00     33433  1000.00     40198  1000.00                                                        46070  1000.00

01079    1000.00       05198    1000.00     11154    1000.00                          23174    1000.00     29135    1000.00     33445  1000.00     40354  1000.00                                                        46137  1000.00
                                                                                                                                                                                                                         46151  1000.00
01122    1000.00       05371    1000.00     11197    1000.00                          23232    1000.00                          33502  1000.00     40359  1000.00                                                        46156  1000.00
                                                                                                           29152    3000.00
01130    1000.00       05444    1000.00     11293    1000.00                          23319    2000.00                          33741  1000.00     40376  1000.00                                                        46162  1000.00

01190    1000.00       05475    1000.00     11363    1000.00     C$300,000.00         23661    1000.00     29216    1000.00     33946  1000.00     40439  1000.00                                                        46179  1000.00

01350    2000.00       05593    1000.00     11410    2000.00                          2392042  1M00IL0.00  29286    1000.00     33968  1000.00     40501  1000.00                                                        46179  1000.00

01397    1000.00       05696    1000.00     11470    1000.00     MATAGALPA                                 29298    1000.00     33970  1M00IL0.00  40634  1000.00                                                        46252  1000.00
                                                                                                                                34
01405    1000.00       0580966  1M00IL0.00  11479    1000.00                          24103    1000.00     29368    1000.00                        40725  1000.00                                                        46426  2000.00

01533    1000.00                            11540    1000.00     16804    1000.00     24195    1000.00     29409    1000.00     34132  1000.00     40782  1000.00                                                        46496  1000.00

01634    1000.00       06149    1000.00     11558    1000.00     1681476  1M00IL0.00  24324    1000.00     29598    1000.00     34142  1000.00     40810  1000.00                                                        46523  1000.00

01709    1000.00       06249    1000.00     11666    1000.00                          24463    1000.00     29631    1000.00     34210  1000.00     40821  2000.00                                                        46554  1000.00

01802    1000.00       06285    1000.00     11677    1000.00     17045    2000.00     24469    1000.00     29653    1000.00     34388  1000.00     40897  1000.00                                                        46575  2000.00

0190121  1M00IL0.00    06409    1000.00     11835    1000.00     17303    1000.00     24520    1000.00     29653    1000.00     34587  2000.00     40923  1000.00                                                        46659  2000.00

                       06415    1000.00     11906    1000.00     17397    1000.00     24555    1000.00     29667    1000.00     34622  10,000.00   40970  1000.00                                                        46729  1000.00

02014    1000.00       06479    1000.00     11985    1000.00     17513    1000.00     24596    1000.00     29686    1000.00     34927  1000.00     40990  1000.00                                                        46761  1000.00
                                                                                                                                                   41     MIL
02053    1000.00       06505    1000.00     1191932  1M00IL0.00  17536    1000.00     24815    1000.00     2963901  1M00IL0.00  35     MIL                                                                               46777  1000.00

02080    1000.00       06538    2000.00                          1771687  1M00IL0.00  2492454  1M00IL0.00                       35215  1000.00     41074  15,000.00                                                      46787  1000.00

02090    1000.00       06564    2000.00     12003    1000.00                                               30091    1000.00     35227  1000.00     41107  1000.00                                                        46852  1000.00

02277    2000.00       06569    1000.00     12141    1000.00     18027    1000.00     25022    2000.00     30163    1000.00     35293  2000.00     41146  1000.00                                                        46951  1000.00

02284    1000.00       06602    1000.00     12158    1000.00     18199    1000.00     25023    1000.00     30200    1000.00     35327  1000.00     41179  1000.00                                                        47     MIL

02422    2000.00       06715    1000.00     12252    1000.00     18350    1000.00     25088    1000.00     30266    1000.00     35343  1000.00     41281  1000.00                                                        47090  2000.00

02429    1000.00       06789    1000.00     12258    1000.00     18616    1000.00     25121    1000.00     30273    1000.00     35355  1000.00     41358  1000.00                                                        47096  1000.00

02445    1000.00       06803    1000.00     12349    1000.00     18719    1000.00     25148    3000.00                          35363  1000.00     41443  1000.00                                                        47106  1000.00

02639    1000.00       06824    1000.00     12628    1000.00     18794    1000.00     25273    1000.00     30313TERCER PREMIO   35406  1000.00     41454  1000.00                                                        47146  2000.00

02713    2000.00       0690176  1M00IL0.00  12645    1000.00     18934    1000.00     25301    1000.00                          35458  1000.00     41555  1000.00                                                        47398  2000.00

02836    1000.00                            12654    1000.00     18951    1000.00     25354    1000.00                          35625  3000.00     41574  1000.00                                                        47411  1000.00

0290736  1M00IL0.00    07046    1000.00     1271038  1M00IL0.00  1891994  1M00IL0.00  25535    1000.00                          35635  1000.00     41597  1000.00                                                        47412QUINTO PREMIO

                       07065    1000.00                                               25542    2000.00                          35701  1000.00     41636  1000.00

03012    1000.00       07452    1000.00     13016    1000.00     19017    1000.00     25554    1000.00                          35711  1000.00     41845  2000.00                                                        C$20,000.00

03031    1000.00       07553    1000.00     13057    3000.00     19075    1000.00     25558    1000.00     C$50,000.00          35817  1000.00     41847  1000.00                                                        CHINANDEGA

03095    1000.00       07599    1000.00     13173    1000.00     19288    1000.00     25561    1000.00                          35928  1000.00     41984  1000.00
                                                                                                                                                   42     MIL
03347    1000.00       07655    1000.00     13468    1000.00     19295    1000.00     25599    1000.00     ESTELI               35987  1000.00                                                                           47446  1000.00
                                                                                                                                                   42086  1000.00                                                        47478  1000.00
03421    1000.00       07747    1000.00     13494    1000.00     19558    1000.00     25638    3000.00                          35994  1000.00     42257  1000.00
                                                                                                                                                                                                                         47496  1000.00
03481    1000.00       0780385  1M00IL0.00  13501    1000.00     19627    1000.00     25735    1000.00     30369    1000.00     35998  1000.00     42333  1000.00
                                                                                                                                36     MIL                                                                               47625  1000.00
03537    1000.00                            13535    1000.00     19820    1000.00     25785    1000.00     30398    1000.00                        42417  1000.00
                       08310    1000.00                                                                                         36020  1000.00                                                                           47746  1000.00
03548    1000.00                            13794    1000.00     19841    1000.00     2582968  1M00IL0.00  30434    1000.00                        42517  1000.00                                                        47919  1000.00
                       08449    1000.00                                                                                         36156  1000.00
03552    1000.00                            13888    1000.00     19878    1000.00                          30474    1000.00                        42544  1000.00                                                        48     MIL
                       08461    1000.00                                               26020    1000.00                          36212  1000.00
03587    1000.00                            1391646  1M00IL0.00  1992704  1M00IL0.00                       30540    1000.00                        42790  1000.00                                                        48059  1000.00
                       08467    1000.00                                               26103    2000.00                          36349  1000.00
03656    1000.00                                                                                           30563    1000.00                        42812  1000.00                                                        48064  1000.00
                       08525    1000.00     14084    1000.00     20084    1000.00     26121    1000.00                          36366  1000.00     42865  1000.00
03823    1000.00                                                                                           30569    1000.00                                                                                              48076  1000.00
                       08592    1000.00     14090    1000.00     20195    1000.00     26142    1000.00                          36518  1000.00     43     MIL
03828    1000.00                                                                                           30569    1000.00                                                                                              48077  1000.00
                       08667    1000.00     14187    2000.00     20252    1000.00     26162    1000.00                          36591  1000.00     43093  1000.00                                                        48109  1000.00
03851    1000.00                                                                                           30586    1000.00
                       0860997  1M00IL0.00  14275    1000.00     20305    1000.00     26235    1000.00                          36653  1000.00     43141  1000.00                                                        48317  1000.00
03915    2000.00                                                                                           30614    1000.00
                                            14382    1000.00     20385    1000.00     26417    2000.00                          36811  1000.00     43159  1000.00                                                        48361  1000.00
03918    1000.00                                                                                           3093811  1M00IL0.00
                       09085    1000.00     14414    1000.00     20389    1000.00                                               36828  1000.00     43188  1000.00                                                        48404  1000.00
03935    1000.00
                       09319    1000.00     14466    1000.00     20468    1000.00     26427TERCER PREMIO   31181    1000.00     36852  1000.00     43320  1000.00                                                        48436  1000.00
03937    1000.00
                       09324    1000.00     14492    1000.00     20663    1000.00                          31185    1000.00     36872  1000.00     43420  1000.00                                                        48537  1000.00
03956    1000.00
                       09424    1000.00     14580    1000.00     20665    1000.00                          31272    1000.00     36919  1000.00     43470  1000.00                                                        48764  1000.00
03957    1000.00
                       09459    1000.00     14592    1000.00     20684    2000.00                          31511    1000.00     36921  3000.00     43644  1000.00                                                        48766  1000.00
03958    2000.00
                       09468    1000.00     14817    1000.00     20923    1000.00                          31511    1000.00     36949  1000.00     43676  1000.00                                                        48780  1000.00
                                                                                                                                37     MIL
PREMIO                 09518    1000.00     14833    1000.00     20926    1000.00     C$50,000.00          31532    1000.00                        43729  1000.00                                                        48877  1000.00
                                                                                                                                37085  1000.00     43873  1000.00
03959MAYOR             09547    2000.00     1491359  1M00IL0.00  20979    1000.00     JINOTEGA             31558    1000.00                                                                                              48945  1000.00
                                                                                                                                37105  1000.00     44     MIL                                                            49     MIL
                       09638    1000.00                          2092818  1M00IL0.00                       31608    1000.00
                                                                                                                                37354  1000.00     44024  1000.00                                                        49022  1000.00
                       09653    1000.00     15003    3000.00                          26442    1000.00     31692    1000.00
                                                                                                                                37373  1000.00     44130  1000.00                                                        49040  1000.00
                       09710    1000.00     15007    1000.00     21022    1000.00     26521    1000.00     31817    1000.00
                                                                                                                                37423  1000.00     44165  1000.00                                                        49062  2000.00
                       09833    1000.00     15139    1000.00     21125    1000.00     26558    1000.00     3183322  1M00IL0.00
                                                                                                                                37425  1000.00     44175  1000.00                                                        49109  1000.00
                       09841CUARTO PREMIO   15162    1000.00     21151    1000.00     26729    1000.00
                                                                                                                                37614  10,000.00   44287  1000.00                                                        49137  1000.00
                                            15221    1000.00     21288    1000.00     26835    1000.00     32124    1000.00
                                                                                                                                37788  1000.00     44336  1000.00                                                        49238  1000.00
                                            15363    1000.00     21430    1000.00                          32130    1000.00
C$ 3,500,000.00                                                                       26872    1000.00                          37865  1000.00     44419  1000.00                                                        49249  1000.00
                                            15531    1000.00     21430    1000.00                                                                  44453  1000.00
                       C$25,000.00                                                    26913    1000.00     32201CUARTO PREMIO   37911  1000.00                                                                           49281  1000.00
                                            15574    1000.00     21578    1000.00                                                                  44494  1000.00
                       CHINANDEGA                                                     2692274  1M00IL0.00                       37919  1000.00                                                                           49393  1000.00
                                            15620    1000.00     21590    1000.00                                               38     MIL         44598  1000.00
NO FUE VENDIDO.                                                                                                                                                                                                          49459  1000.00
POR ACUMULACION EL
SORTEO 1491 DEL 9 DE   09844    1000.00     15659    1000.00     21639    1000.00     27110    1000.00                          38144  1000.00     44604  1000.00                                                        49551  1000.00
                                                                                                                                                   44610  1000.00
DICIEMBRE 2009 TENDRA  09891    1000.00     15664    1000.00     21662    1000.00     27163    1000.00                          38158  1000.00                                                                           49577  1000.00
UN PREMIO MAYOR DE
C$ 6,750,000.00 POR    0991309  1M00IL0.00  15667    1000.00     21761    1000.00     27285    1000.00     C$25,000.00          38191  1000.00     44620  1000.00                                                        49594  1000.00
                                                                                                                                                   44677  1000.00
EL PRECIO DE C$400                          15677    1000.00     2182126  1M00IL0.00  27297    1000.00     JINOTEPE             38260  1000.00                                                                           49706  1000.00
EL BILLETE.
MANAGUA                10059    1000.00     15762    1000.00                          27449    1000.00                          38269  1000.00     44710  1000.00                                                        49854  1000.00
                                                                                                                                                   44761  1000.00                                                        50     MIL
                       10112    1000.00     15928    1000.00     22124    1000.00     27457    1000.00     32205    1000.00     38408  1000.00
                                                                                                                                                   44779  1000.00                                                        50022  1000.00
03960    2000.00       10141    1000.00     1591268  1M00IL0.00  22137    1000.00     27473    1000.00     32237    1000.00     38433  1000.00     44971  1000.00
                                                                                                                                                                                                                         50047  1000.00
03961    1000.00       10143    1000.00                          22167    1000.00     27538    1000.00     32314    1000.00     38525  1000.00     44997  1000.00                                                        50061  1000.00

03962    1000.00       10176    1000.00     16061    2000.00     22196    1000.00     27699    1000.00     32344    1000.00     38595  1000.00     45     MIL                                                            50273  1000.00

03990    1000.00       10249    1000.00     16088    1000.00     22413    1000.00     27791    1000.00     32430    1000.00     38691  1000.00     45050  1000.00                                                        50350  1000.00

0390940  1M00IL0.00    10261    1000.00     16137    1000.00     22420    1000.00     2792686  1M00IL0.00  32478    1000.00     38733  1000.00     45141  1000.00                                                        50391  1000.00
                                                                                                                                39     MIL
                       10447    1000.00     16168    1000.00     22535    1000.00                          32507    1000.00                        45158  1000.00                                                        50461  1000.00
                                                                                                                                39188  1000.00
04039    2000.00       10468    1000.00     16253    1000.00     22596    1000.00     28093    1000.00     32823    1000.00                        45161  1000.00                                                        50561  1000.00
                                                                                                                                39708  1000.00
04268    1000.00       10693    1000.00     16284    1000.00     22614    1000.00     28175    1000.00     32827    1000.00                        45251  1000.00                                                        50567  1000.00
                                                                                                                                39746  1000.00
04325    1000.00       10897    1000.00     16347    1000.00     22709    1000.00     28312    1000.00     32906    1000.00                        45351  1000.00                                                        50567  1000.00
                                                                                                                                39785  1000.00
04398    1000.00       10960    1000.00     16416    1000.00     22768    1000.00     28565    1000.00     3293037  1M00IL0.00                     45383  1000.00                                                        50623  1000.00
                                                                                                                                39807  1000.00
04720    1000.00       1091717  1M00IL0.00  16475    1000.00     22808    1000.00     28621    1000.00                                             45396  1000.00                                                        50639  1000.00
                                                                                                                                39865  1000.00
04823    1000.00                                                 22816    1000.00     28622    1000.00     33061    1000.00                        45574  1000.00                                                        50704  1000.00
                       11009    2000.00                                                                                         39876  1000.00
0490451  1M00IL0.00                         SEGUNDO              2292130  1M00IL0.00  28724    1000.00     33161    1000.00                        45860  2000.00                                                        50868  1000.00
                       11047    1000.00                                                                                         39911  1000.00
                                            PREMIO                                    28735    1000.00     33215    1000.00                        45903  1000.00                                                        50916  1000.00
                       11055    1000.00                          23075    1000.00                                               39911  1000.00     45906  1000.00
05056    1000.00                                                                      28752    1000.00     33218    1000.00     40     MIL                                                                               50955  1000.00
                       11101    1000.00                          23156    1000.00                                                                  45938  1000.00
05132    1000.00                                                                      28821    1000.00     33229    1000.00                                                                                              50998  1000.00

NOTA: LOS BILLETES TERMINADOS EN 3959 GANAN C$4,800.00, LOS TERMINADOS EN 959 GANAN C$2,400.00, LOS TERMINADOS EN 59 GANAN

C$1,200.00, LOS TERMINADOS EN 9 GANAN C$600.00. TODOS LOS NUMEROS DE LA PRESENTE LISTA Y QUE A LA VEZ TENGAN TERMINACIONES

DEL PREMIO MAYOR TIENEN DERECHO AL PREMIO Y A LA TERMINACION. SE EXCEPTUA AL PREMIO MAYOR EN TODAS LAS TERMINACIONES.

         EUNNSOPTTARA:EPMOLIORISAMCTAUYAMORUELDSAECCIGO$NR6,E7AL50TS.0OI0SR0T.0E·0O, VPNOIoRS. 1EI4TL91PERAEWVCEIROWIFDIWECAC.RL$S4OE00ET.L0E009ERLDIBEAIDLNLICEAITEEMCYBIRCOE$N2D0EA.0L0L2E0.0LC9V,OITGEEMNSDI.MRNOAI.
