                                                               SORTEO NAVIDEÑO Nº 1492

                                                                                                                                         MANAGUA

                                            20,000,000Córdobas                                                                      23 DE DICIEMBRE

                                                                                                                                               2009

                                                                                                                                    CADUCIDAD

                                                                                                                                    2 DE ABRIL

                                                                                                                                               2010

                                                                                                                                    LISTA OFICIAL

01     MIL         06338  1700.00    13764  1700.00     17747  1700.00   21296  1700.00  27503  1700.00  34     MIL          39346  1700.00    45129  1700.00

01053  1700.00     06381  1700.00    13782  1700.00     17879  1700.00   21340  2000.00  27603  1700.00  34029  1700.00      39480  1700.00    45142  1700.00

01064  1700.00     06414  1800.00    13807  2000.00     18     MIL       21356  1700.00  27609  1800.00  34146  1700.00      39684  1700.00    45300  1700.00

01165  1700.00     06530  1700.00    13814  1700.00     18077  1700.00   21388  1700.00  27852  1800.00  34351  1800.00      39697  1700.00    45315  1700.00

01312  1800.00     06691  1700.00    13921  1700.00     18565  1700.00   21584  1700.00  27887  1700.00  34421  1700.00      39980  1700.00    45404  1700.00

01394  1700.00     06884  1700.00    13944  1700.00     18826  1700.00   21753  1700.00  28     MIL      34429  1700.00      40     MIL        45418  1700.00

01682  1700.00     06951  1700.00    14     MIL         18999  1700.00   21787  1700.00  28025  1700.00  34466  1700.00      40057  1700.00    45480  1700.00

01721  1700.00     06971  1700.00    14091  1700.00     19     MIL       21802  1700.00  28147  2000.00  34542  1700.00      40072  1700.00    45671  1700.00

01725  1700.00     07     MIL        14169  1700.00     19193  1700.00   22     MIL      28178  1700.00  34746  1700.00

01886  1700.00     07014  1700.00    14205  1700.00     19254  1700.00   22065  1700.00  28196  1700.00                      40192  1700.00    45882  1700.00

01895  1700.00     07270  1700.00    14207  1700.00     19570  1700.00   22170  1700.00  28261  1700.00  34774  1700.00      40260  1700.00    46     MIL

01937  1700.00     07526  1700.00    14240  1700.00     19619  1700.00   22202  1700.00  28583  1700.00  34817  1700.00      40276  1700.00    46095  1700.00

02     MIL         07657  1700.00    14283  1700.00     19655  1700.00   22260  1700.00  28634  1700.00  34819  1700.00      40625  1700.00    46225  1700.00

02067  1700.00     07668  1700.00    14518  1700.00     19689  1800.00   22339  1700.00  28722  1700.00  34844  1700.00      40669  1700.00    46349  1700.00

02455  1700.00     07717  1700.00    14836  1700.00     20     MIL       22363  1700.00  28784  1700.00  34909  1700.00      40807  1700.00    46423  1700.00

02465  1700.00     07737  1700.00    14878  1700.00     20057  1700.00   22480  1700.00  28909  1700.00  34941  1700.00      40867  1700.00    46465  1700.00

02575  1700.00     07994  1700.00    15     MIL         20093  1700.00   22555  1700.00  28929  1700.00  34957  1800.00      41     MIL        46544  1700.00

02645  1700.00     08     MIL        15043  1700.00     20202  2500.00   22617  1700.00  29     MIL      34975  1700.00      41004  1700.00    46621  1700.00

02689  1700.00     08104  1700.00    15126SEXTO PREMIO  20203  1700.00   22645  1700.00  29495  1700.00  35     MIL          41031  1700.00    46726  1700.00

02695  1700.00     08392  1700.00                       20203  2500.00   22651  1800.00  29690  1700.00  35471  1700.00      41063  1700.00    46812  1700.00

02911  1700.00     08515  1700.00                       20204  5,000.00  22733  1700.00  29872  1700.00  35472  1700.00                        46894  1700.00

03     MIL         08537  1800.00    C$20,000.00        20205PREMIO      22895  1700.00  29967  1700.00  35762  1700.00      41073  1700.00    47     MIL

03060  1700.00     08608  1700.00    MANAGUA            MAYOR            22954  1700.00  29977  1700.00                      41251  1700.00

03120  1800.00     08719  1700.00    15291  1700.00                      22989  1700.00  30     MIL      35764  1800.00      41271  1700.00

03282  1700.00     08852  1700.00    15398  1700.00                      23     MIL      30015  1700.00  36     MIL          41279  1700.00    47167CUARTOPREMIO

03484  1700.00     09     MIL        15542  2000.00                      23050  1700.00  30298  1700.00  36081  1700.00      41363  1700.00

03608  1700.00     09080  1700.00    15843  1800.00                      23092  1700.00  30380  1700.00  36390  1700.00      41535  1700.00

03999  1700.00     09120  1700.00    16     MIL                          23102  1700.00  30433  1700.00  36542  1700.00      41579  1700.00

04     MIL         09352  1700.00    16105  1700.00                      23143  1700.00  30545  1700.00  36796  1700.00      41630  10,000.00

04196  1700.00     09372  1700.00    16120  1700.00                      23168  1700.00  30863  1700.00  37     MIL

04238  1800.00     09553  1700.00    16175  1800.00                      23181  1700.00  30989  1700.00  37427  1700.00      41743  1700.00    C$100,000.00

04271  1700.00     09567  10,000.00  SEGUNDO            C$20,000,000.00  23405  1700.00  31     MIL      37632  1700.00      41999  1700.00    RIVAS

04321  1700.00     09568  1700.00    16192PREMIO                         23413  1700.00  31018  1700.00  37698  1700.00      42     MIL

04366  1700.00     09585  1700.00                       VENDIDO POR EL   23420  1700.00  31146  1700.00  37866  1700.00      42098  1700.00    47365  1800.00

04474  1700.00     09603  1700.00                       CONCESIONARIO    23511  1700.00  31210  1700.00  37906  1700.00      42104  1700.00    47651  1700.00

04532  1700.00     09605  1700.00                       C-405 LUIS       23535  1700.00  31213  1700.00  37952  1700.00      42300  1800.00

04717  1700.00     09634  1700.00                       GONZAGA MERLOS   23856  1700.00  31478  1700.00                      42306  1700.00    47841  1700.00

04753  1700.00     09845  1700.00                       CHINANDEGA       23995  1700.00                  37966  1700.00                        47848  1700.00

                                                                                         31662  1800.00  38     MIL          42392  1700.00    48     MIL

04859  1700.00     10     MIL                                            24     MIL      31753  1700.00  38007  1700.00      42535  1700.00

04886  1700.00     10119  1800.00    C$1,000,000.00     20206  5,000.00  24214  1700.00  31789  1700.00  38079  1700.00      42536  1700.00    48078  1700.00

04960  1700.00     10136  1700.00                       20207  2500.00   24385  1700.00  31795  1700.00  38157  1700.00      42560  1700.00    48125  1700.00

05     MIL         10209  1700.00    MANAGUA            20208  2500.00   24545  1700.00  31853  1800.00  38179  1700.00      42566  1700.00    48413  1700.00

05094  1700.00     10338  1700.00                       20276  1700.00   24861  1700.00  31873  1700.00  38217  1800.00      42604  1700.00    48551  1700.00

05234  1700.00     11     MIL        TERCER             20295  1700.00   24945  1700.00  31911  1700.00                                        48999  2000.00

05370  1700.00     11075  1700.00    16203PREMIO        20401  1700.00   25     MIL      32     MIL      38338  1800.00      42623  1800.00    49     MIL

05559  1700.00     11208  1800.00                       20515  1700.00   25137  1700.00  32048  1800.00  38345  1800.00      42899  1700.00    49031  1700.00

05578CUARTOPREMIO  11403  1700.00                       SEGUNDO          25323  1700.00  32172  1700.00  38374  1700.00      43     MIL        49163  1700.00

                   11452  1700.00                       20602PREMIO      25420  1700.00  32213  1700.00  38448  1700.00      43394  1700.00    49266  1800.00

                   11455  1800.00                                        25486  1700.00  32226  1700.00  38473  1700.00      43498  1700.00    49574  2000.00

                   11848  1700.00                                        25526  1700.00  32295  1700.00  38548  1700.00      43825  1700.00    49762  1700.00

                   12     MIL                                            25555  1700.00  32423  1700.00  38578  1800.00      43843  1700.00

                   12142  1700.00    C$200,000.00                        25598  1700.00  32470  1700.00  38596  1700.00      43965  1700.00    49885  1700.00

                   12282  1700.00                                        25691  1700.00  32625  1700.00  38895  1700.00      43979  1700.00    49928  1800.00

C$100,000.00       12352  1700.00    GRANADA                             25711  1700.00  32818  1700.00  38902  1700.00      44     MIL        49964  1700.00

                   12435  1700.00                       C$1,000,000.00   25884  1700.00  33     MIL      38954  1700.00                        49971  1700.00

CHINANDEGA         12465  1700.00    16416  1700.00                      26     MIL      33028  1700.00  39     MIL          44041  1700.00    50     MIL

                   12532  1700.00    16593  1700.00     MANAGUA          26192  1700.00  33154  1700.00  39146  1700.00      44139  1700.00    50029  1700.00

05611  1700.00     12549  1700.00    16606  1700.00                      26348  1700.00  33267  1700.00  39155  1700.00      44310  1700.00    50244  1700.00

05815  1700.00     12688  1700.00    16844  1700.00                      26454  1700.00  33434  1700.00                      44396  1700.00    50440  1700.00

05880  1700.00     13     MIL        17     MIL         20703  1700.00   26515  1800.00  33497  1700.00  39234  1700.00      44413  1700.00

05994  1700.00     13045  1700.00    17154  1700.00     20704  1800.00   26633  1700.00  33684  1700.00  39303QUINTO PREMIO                    50455  1800.00

06     MIL                           17227  1700.00     20800  1700.00                                                       44440  1700.00    50604  1700.00

                   13103  1800.00                                        26862  1700.00  33729  1700.00                      44461  1700.00    50612  1700.00

06017  1700.00     13245  1700.00    17314  1700.00     20982  1700.00   26911  1700.00  33733  1700.00                      44466  1800.00

06024  1700.00     13393  1700.00    17437  1700.00     21     MIL       27     MIL      33761  1700.00                                        50681  1700.00

06043  1700.00     13418  1700.00    17594  1700.00     21203  1700.00   27020  1700.00  33835  1700.00                      44481  1700.00    50725  1700.00

06263  1700.00     13497  1700.00    17624  1700.00     21234  2000.00   27095  1700.00  33844  1700.00  C$50,000.00         44537  1800.00    50859  1700.00

06327  1700.00     13735  1700.00    17740  1700.00     21244  1700.00   27316  1700.00  33884  1700.00  ESTELI              45     MIL        50863  1700.00

NOTA: LOS BILLETES TERMINADOS EN 0205 GANAN C$22,400.00, LOS TERMINADOS EN 205 GANAN C$11,200.00, LOS TERMINADOS EN 05 GANAN
C$5,600.00, LOS TERMINADOS EN 5 GANAN C$2,800.00. TODOS LOS NUMEROS DE LA PRESENTE LISTA Y QUE A LA VEZ TENGAN TERMINACIONES
DEL PREMIO MAYOR TIENEN DERECHO AL PREMIO Y A LA TERMINACION. SE EXCEPTUA AL PREMIO MAYOR EN TODAS LAS TERMINACIONES.

       ESTA LISTA ES GRATIS · VISITE WWW.LOTERIANACIONAL.COM.NI
