                                                       SORTEO EXTRAORDINARIO Nº 1493

                                                                                                                                          MANAGUA

                                                       6,000,000Córdobas                                                             29 DE DICIEMBRE

                                                                                                                                                 2009

                                                                                                                                     CADUCIDAD

                                                                                                                                        8 DE ABRIL

                                                                                                                                                 2010

                                                                                                                                     LISTA OFICIAL

01     MIL      06193  3000.00      12730  1500.00     18084  1500.00  24455  1500.00    30929  1500.00     TERCER            40043  1500.00     43798  1500.00

01022  1500.00  07     MIL          12769  1500.00     18189  3000.00  24464  1500.00    30943  1500.00     36571PREMIO       40148  1500.00     43834  1500.00

01357  1500.00  07037  1500.00      12815CUARTOPREMIO  18236  1500.00  24476  1500.00    30975  1500.00                       40149  1500.00     43881  6000.00

01446  1500.00  07101  1500.00                         18248  1500.00  24618  1500.00    31     MIL                           40281  3000.00     43898  1500.00
                                                                                                                                                 44     MIL
                                                                                                                              40364  1500.00
01563  1500.00  07317  1500.00                         18327  1500.00  24857  1500.00    31078  1500.00                                          44131  1500.00
                                                                                                                              40433  1500.00
01747  1500.00  07330  1500.00                         18580  1500.00  24859  1500.00    31087  1500.00                                          44525  1500.00
                                                                                                                              40441  1500.00
01871  1500.00  07400  1500.00                         18680  1500.00  25     MIL        31281  1500.00                                          44541  1500.00
                                                                                                                              40624  1500.00
                07490  1500.00                         18684  1500.00  25083  1500.00    31282  1500.00                                          44656  1500.00
01922  1500.00                                                                                              C$150,000.00
                                                                                                                              SEGUNDO            44724  1500.00
01928  1500.00  07671  1500.00                         18876  1500.00  25227  1500.00    31623  1500.00
                                    C$100,000.00                                                            MASAYA            40809PREMIO        44791  1500.00
02     MIL      07725  1500.00                                         25398  1500.00    31664  1500.00                                          45     MIL
                                                       18891  1500.00

02145  1500.00  07822  1500.00      MANAGUA            19     MIL      25406  1500.00    31796  1500.00     36688  1500.00                       45119  3000.00

02175  1500.00  07858  1500.00                         19090  1500.00  25587  1500.00    31819  1500.00     36984  1500.00                       45322  1500.00

02266  1500.00  07931  1500.00      12909  1500.00     19351  1500.00  25675  1500.00    31871  1500.00     37     MIL                           45395  1500.00

02275  1500.00  08     MIL          12924  1500.00     19361  1500.00  25886  1500.00    31879  1500.00     37163  1500.00                       45499  1500.00

                08124  1500.00                                                                              37236  1500.00                       45773  1500.00

02278  1500.00                      12993  1500.00     19404  1500.00  25887  1500.00    31889  1500.00     37582  1500.00    C$300,000.00       45787  3000.00

02279  1500.00  08382  1500.00      12994  1500.00     19438  1500.00  26     MIL        31970  1500.00     37658  1500.00                       45809  1500.00

02345  1500.00  08383  1500.00      13     MIL         19557  1500.00  26026  15,000.00  32     MIL         37668  1500.00    MANAGUA            46     MIL

02550  1500.00  08429  3000.00      13213  1500.00     19558  1500.00  26054  1500.00    32103  1500.00     37867  1500.00                       46056  1500.00

02648  1500.00  08469  1500.00      13424  1500.00     19656  1500.00  26157  1500.00    32174  1500.00     37914  1500.00    40864  1500.00     46365  1500.00

                                                       20     MIL                                                             40891  1500.00     46485  1500.00

02734  1500.00  08529  1500.00      13462  1500.00                     26586  1500.00    32488  1500.00     37938  3000.00    41     MIL         46570  1500.00

02889  1500.00  08819  1500.00      13532  1500.00     20075  1500.00  26633  1500.00    32507  1500.00     37988  1500.00                       46704  1500.00

02949  1500.00  09     MIL          13547  1500.00     20097  1500.00  26864  1500.00    32738  1500.00     38     MIL        41032  1500.00     46720  1500.00

03     MIL      09241  1500.00      13588  1500.00     20163  1500.00  26906  1500.00    32756  1500.00     38103  1500.00    41053  1500.00     46835  3000.00

                                    13659  1500.00     20269  1500.00  26950  1500.00    33     MIL         38104  1500.00    41063  1500.00     46919  1500.00

03107  3000.00  09285QUINTO PREMIO                                                                          38206  3000.00    41201  1500.00     47     MIL

03111  1500.00                      13798  1500.00     20318  1500.00  26975  1500.00    33151  1500.00     38231  1500.00    41347  1500.00     47101  3000.00

03260  1500.00                      14     MIL         20699  1500.00  27     MIL        33201CUARTOPREMIO  38306  1500.00    41409  1500.00     47145  1500.00

03490  1500.00                      14402  1500.00     20791  1500.00  27027  1500.00                       38323  1500.00    41483  1500.00     47195  1500.00

03558  1500.00                      14467  1500.00     20857  1500.00  27042  1500.00                       38358  6000.00    41571  1500.00     47233  1500.00

                C$60,000.00                                            27154  1500.00                                         41647  1500.00     47259  1500.00

03584  1500.00  GRANADA             14468  1500.00     20933  1500.00                                       38482  1500.00    41654  1500.00     47378  1500.00

03601  3000.00                      14514  1500.00     21     MIL      27164  1500.00                       38585  1500.00    41656  1500.00     47493  1500.00

03609  1500.00  09297  1500.00      14548  3000.00     21040  1500.00  27196  1500.00                       38663  1500.00    41719  1500.00     47553  1500.00

03790  1500.00  09384  1500.00      14579  1500.00     21165  1500.00  27349  1500.00    C$1L0E0,O0N00.00   38682  1500.00    41756  1500.00     47602  1500.00

03861  1500.00  09452  1500.00      14845  1500.00     21288  1500.00  27935  1500.00                       38750  1500.00    41756  1500.00     47835  1500.00

                09608  6000.00      14910  1500.00     21374  1500.00  27982  1500.00                       38985  1500.00    41832  1500.00     47845  1500.00

03989  6000.00                                                                                              39     MIL        41867  1500.00     47871  1500.00

04     MIL      09883  1500.00      15     MIL         21385  1500.00  28     MIL        33261  1500.00     39005  2000.00    42     MIL         48     MIL

04126  1500.00  10     MIL          15266  1500.00     21533  3000.00  28023  1500.00    33549  1500.00     39006  2000.00    42073  1500.00     48087  1500.00

04332  3000.00  10007  1500.00      15493  1500.00     21551  1500.00  28119  3000.00                       39007  4,000.00   SEGUNDO            48138  1500.00

04366  1500.00  10026  1500.00      15506  15,000.00   21628  3000.00  28272  1500.00    33562  3000.00                       42377PREMIO        48222  1500.00

04449  1500.00  10037  1500.00      15586  1500.00     21814  1500.00  28450  1500.00    33639  1500.00     39008PREMIOMAYOR                     48252  1500.00

                                                       22     MIL                        33714  3000.00                                          48361  1500.00

04495  1500.00  10078  6000.00      15643  1500.00                     28459  1500.00                                                            48388  1500.00

04504  1500.00  10158  1500.00      15658  1500.00     22001  1500.00  28543  1500.00    33714  1500.00                                          48445  1500.00

04531  1500.00  10410  1500.00      15693  1500.00     22376  3000.00  28806  1500.00    33728  1500.00                                          48626  3000.00

04589  1500.00  10550  1500.00      15701  1500.00     22450  1500.00  28852  1500.00    33893  1500.00                                          48630  3000.00

04621  1500.00  10693  1500.00      15741  1500.00     22616  1500.00  29     MIL        34     MIL                           C$300,000.00       48636  3000.00

                                                                                                                                                 48785  1500.00

04670  1500.00  10750  1500.00      15787  1500.00     22671  1500.00  29061  1500.00    34270  1500.00                                          48860  1500.00

04854  1500.00  10760  1500.00      15967  1500.00     22742  1500.00  29187  1500.00    34420  1500.00     C$6,000,000.00    CHINANDEGA         48891  1500.00

04963  3000.00  10891  3000.00      16     MIL         22819  1500.00  29408  1500.00                                                            48954  1500.00
                                                                                                                                                 49     MIL
05     MIL      11     MIL          16289  1500.00     23     MIL      29452  1500.00    34648  1500.00                       42430  1500.00

                11270  1500.00      16683  1500.00     23098  1500.00  29611  1500.00    34974  1500.00                       42829  1500.00     49061  1500.00

05126  1500.00                                                                           35     MIL         VENDIDO POR EL    42840  1500.00     49217  1500.00

05175  1500.00  11329  1500.00      17     MIL         23228  1500.00  29886  1500.00                       CONCESIONARIO     42941  1500.00     49253  1500.00

05183  1500.00  11380  1500.00      17348  1500.00     23263  1500.00  30     MIL        35140  1500.00     L-375 JOSE LOPEZ  43     MIL         49418  1500.00

                                                                                                            REYES             43037  1500.00     49468  1500.00

05247  6000.00  11601  1500.00      17365  3000.00     23514  1500.00  30027  3000.00    35143  1500.00     LEON              43345  1500.00     49482  1500.00

05353  1500.00  11747  1500.00      17425  1500.00     23601  1500.00  30063  1500.00    35259  1500.00                       43398SEXTO PREMIO  49601  1500.00

05414  1500.00  11992  1500.00      17485  1500.00     23667  1500.00  30193  1500.00    35587  1500.00     39009  4000.00                       49615  1500.00

05521  1500.00  12     MIL          17589  1500.00     23943  1500.00  30245  1500.00    35632  1500.00     39010  2000.00                       49647  1500.00

05589  1500.00  12150  1500.00      17616  3000.00     23963  6000.00  30387  1500.00    35703  1500.00     39011  2000.00    C$30,000.00        49678  1500.00

05752  1500.00  12315  1500.00      17824  1500.00     24     MIL      30498  3000.00                       39191  1500.00    JUIGALPA           49936  1500.00
                                                                                                                                                 50     MIL
05852  1500.00  12358  1500.00      17890  1500.00     24068  1500.00  30542  1500.00    35780  3000.00     39243  3000.00
                                                                                                                              43402  1500.00
06     MIL      12430  1500.00                         24164  1500.00                    36     MIL         39358  1500.00                       50311  1500.00
                                    17907  1500.00                     30694  1500.00
                                                                                                            39448  1500.00    43431  3000.00     50455  1500.00

06112  1500.00  12472  3000.00      17995  1500.00     24262  1500.00  30878  1500.00    36151  1500.00     39449  1500.00    43432  1500.00     50563  1500.00

06114  3000.00  12574  1500.00      18     MIL         24302  1500.00  30881  1500.00    36382  1500.00     39454  1500.00    43463  1500.00     50675  1500.00

06140  1500.00  12657  1500.00      18060  1500.00     24401  1500.00  30907  1500.00    36385  1500.00     40     MIL        43492  1500.00     50865  3000.00

                                                                                                                              43710  1500.00     50918  1500.00

NOTA: LOS BILLETES TERMINADOS EN 9008 GANAN C$8,000.00, LOS TERMINADOS EN 008 GANAN C$4,000.00, LOS TERMINADOS EN 08 GANAN
C$2,000.00, LOS TERMINADOS EN 8 GANAN C$1,000.00. TODOS LOS NUMEROS DE LA PRESENTE LISTA Y QUE A LA VEZ TENGAN TERMINACIONES
DEL PREMIO MAYOR TIENEN DERECHO AL PREMIO Y A LA TERMINACION. SE EXCEPTUA AL PREMIO MAYOR EN TODAS LAS TERMINACIONES.

       ESTA LISTA ES GRATIS · VISITE WWW.LOTERIANACIONAL.COM.NI
