                                                                      SORTEO                 ORDINARIO                       Nº  1494

                                                                                                                                                            MANAGUA

                                                               3,500,000Córdobas                                                                            05 DE ENERO

                                                                                                                                                                        2010

                                                                                                                                                            CADUCIDAD

                                                                                                                                                            15 DE ABRIL

                                                                                                                                                                        2010

                                                                                                                                                            LISTA OFICIAL

01       MIL         06782    1000.00     12630                18       MIL         23165    1000.00     29532    1000.00     35163    1000.00     39445    2000.00     45723  1000.00

01013    1000.00     06789    2000.00                          18063    1000.00     23186    1000.00     29591    1000.00     35213SEGUNDO         39473    1000.00     45749  2000.00
                                                                                                                                                                        45756  2000.00
01014    1000.00     06888    1000.00                          18123    1000.00     23232    1000.00     29739    1000.00        PREMIO            39561    1000.00     45767  1000.00

01036    1000.00     0690279  1M00IL0.00                       18233    1000.00     23340    1000.00     2983110  1M00IL0.00                       39602    1000.00     45888  1000.00

01141    1000.00     07058    1000.00                          18245    1000.00     23411    1000.00     30035    1000.00                          39650    1000.00     45907  1000.00

01158    1000.00     07098    1000.00                          18377    1000.00     23526    1000.00     30187    1000.00                          39653    1000.00     45974  1000.00

01290    1000.00     07145    1000.00                          18387    1000.00     23708    1000.00     30231    1000.00                          39671    1000.00     45977  1000.00

01503    1000.00     07233    1000.00     C$ 3,500,000.00      18526    1000.00     23776    1000.00     30240    1000.00                          39743    1000.00     46     MIL

01504    1000.00     07252    1000.00                          18543    1000.00     23870    1000.00     30314    1000.00                          39813    1000.00     46053  1000.00

01517    1000.00     07414    1000.00                          18558    1000.00     23934    1000.00     30358    1000.00     C$300,000.00         39815    1000.00     46071  1000.00

01576    1000.00                          VENDIDO POR EL       18666    1000.00     2392445  1M00IL0.00                                            39865    1000.00     46134  1000.00

01639    1000.00     07415    1000.00     CONCESIONARIO A-438  18837    1000.00                          30427    1000.00     BLUEFIELDS           39895    1000.00

01657    1000.00     07436    1000.00     OSCAR DANILO REYES   18838    2000.00     24075    1000.00     30453    1000.00                          3984909  1M00IL0.00  46200  1000.00

01775    1000.00     07474    1000.00     GONZALEZ             18919    1000.00     24171    1000.00     30513    1000.00                                               46377  1000.00

02       MIL         07501    1000.00     MANAGUA              1891995  1M00IL0.00  24196    1000.00     30607    1000.00     35275    1000.00     40214    1000.00     46513  1000.00

02018    1000.00     07526    1000.00                                               24384    1000.00     30683    1000.00     35427    1000.00     40324    1000.00     46662  1000.00

02312    1000.00     07736    2000.00     12631    2,000.00    19168    1000.00     24576    1000.00     30769    1000.00     35465    1000.00     40347    1000.00     46740  1000.00

02423    1000.00     07742    1000.00     12632    1000.00     19185    1000.00     24669    2000.00                          35698    2000.00     40473    2000.00     46819  1000.00

02525    1000.00     07753    1000.00     12633    1000.00     19190    1000.00     24688    1000.00     30778CUARTO PREMIO   35836    1000.00     40495    1000.00     46922  1000.00
                                                                                                                                                                        47     MIL
02576    1000.00     07813    1000.00     12762    1000.00     19255    1000.00     24778    1000.00                          35856    1000.00     40497    1000.00
                                                                                                                                                                        47045  1000.00
02614    1000.00     0790487  1M00IL0.00  1271935  1M00IL0.00  19268    1000.00     24826    1000.00                          35892    1000.00     40552    1000.00     47166  1000.00

                     08164    1000.00                          19357    1000.00     24827    1000.00     C$25,000.00          3593116  1M00IL0.00  40651    1000.00     47167  1000.00

02791TERCER PREMIO   08209    1000.00     13022    1000.00     19375    1000.00     24947    1000.00     LEON                 36115    1000.00     40726    1000.00     47272  1000.00

                     08254    1000.00     13133    1000.00     19376    1000.00     2492752  1M00IL0.00                       36145    1000.00     40858    1000.00     47401  3000.00

                     08323    1000.00     13183    1000.00     19440    1000.00     25085    1000.00     31       MIL         36202    1000.00     4084819  1M00IL0.00  47458  1000.00

                     08413    1000.00     13276    1000.00     19511    3000.00     25119    1000.00     31091    2000.00     36284    1000.00     41063    1000.00     47591  1000.00

                     08458    1000.00     13289    1000.00     19645    1000.00     25124    1000.00     31262    1000.00     36291    3000.00     41123    1000.00     47597  1000.00

                     08615    1000.00     13370    1000.00     1972107  1M00IL0.00  25179    1000.00     31285    1000.00     36315    1000.00     41279    1000.00     47774  2000.00

C$50,000.00          08714    1000.00     13486    1000.00     20005    1000.00     25273    2000.00     31454    1000.00     36380    1000.00     41292    1000.00     47917  1000.00

MASAYA               08758    2000.00     13533    1000.00     20010    1000.00     25430    1000.00     31533    1000.00     36439    1000.00     41375    1000.00     47941  1000.00

                     08850    1000.00     13594    1000.00     20190    1000.00     25544    1000.00     31766    1000.00     36467    1000.00     41391    1000.00     47941  1000.00

                                          13763    1000.00                                               3193329  1M00IL0.00  36474    2000.00                          47963  1000.00
                     08850    1000.00                          20366    1000.00     25578    1000.00                                               41418    1000.00     48     MIL
03       MIL                              13774    1000.00                                                                    36697    1000.00
                     0880999  1M00IL0.00                       20494    1000.00     25606    1000.00                                               41447    1000.00     48021  1000.00
03082    1000.00                          13830    1000.00                                               32113    1000.00     36766    1000.00
                                                               20507    1000.00     25644    1000.00                                               41659    1000.00     48025  1000.00
03247    1000.00     09119    1000.00     13883    1000.00                                               32434    1000.00     36780    1000.00                          48152  1000.00
                                                               20548    1000.00     25732    2000.00                                               41778    1000.00
03336    1000.00     09299    1000.00     1391540  1M00IL0.00                                            32438    1000.00     36810    1000.00                          48268  1000.00
                                                               20695    1000.00     25790    1000.00                                               4194922  1M00IL0.00
03391    1000.00     09455    1000.00                                                                    32483    1000.00     36912    1000.00                          48280  1000.00
                                          14104    1000.00     20755    1000.00     25817    1000.00
03448    1000.00     09490    1000.00                                                                    32487    1000.00     36972    2000.00     42054    1000.00     48349  1000.00
                                          14150    1000.00     20949    1000.00     25838    1000.00
03458    15,000.00   09523    1000.00                                                                    32517    1000.00     3693871  1M00IL0.00  42119    1000.00     48373  1000.00
                                          14207    1000.00     2092713  1M00IL0.00  2592860  1M00IL0.00
03506    1000.00     09863    1000.00                                                                    32526    1000.00                          42140    1000.00     48548  2000.00
                                          14294    1000.00
03556    1000.00     0991303  1M00IL0.00                       21016    2000.00     26012    1000.00     32669    1000.00     37063    1000.00     42229    1000.00     48550  1000.00
                                          14345    2000.00
03568    1000.00                                               21038    1000.00     26032    1000.00     32742    1000.00     37158    1000.00     42251    1000.00     48569  1000.00
                                          14490    1000.00
03592    1000.00     10099    1000.00                          21117    1000.00     26146    1000.00     32855    1000.00     37165    1000.00     42383    2000.00     48628  1000.00
                                          14522    1000.00
03701    1000.00     10113    1000.00                          21117    1000.00     26172    1000.00     3283937  1M00IL0.00  37191    1000.00     42542    1000.00     48630  1000.00
                                          14550    1000.00
03874    1000.00     10150    1000.00                          21201    1000.00     26277    1000.00                          37340    1000.00     42705    3000.00     48642  1000.00
                                          14604    1000.00
03901    10,000.00   10160    1000.00                          21245    1000.00     26285    1000.00     33048    1000.00     37355    1000.00     42744    1000.00     48710  1000.00
                                          14651    1000.00
0390241  2M00IL0.00  10290    1000.00                          21257    1000.00     26472    1000.00     33056    2000.00     37396    1000.00     42768    1000.00     48714  1000.00
                                          14670    2000.00
                     10335    1000.00                          21273    1000.00     26586    1000.00     33108    1000.00     37408CUARTO PREMIO   42807    1000.00     48742  1000.00
04020    1000.00                          14706    1000.00                                                                                                              48757  1000.00
                     10370    1000.00                          21289    1000.00     26639    1000.00     33129    1000.00                          42845    1000.00
04087    1000.00                          14769    1000.00                                                                                                              48767  1000.00
                     10385    1000.00                          21489    1000.00     26644    1000.00     33177    1000.00                          42887    1000.00
04094    1000.00                          1491055  1M00IL0.00                                                                                                           48776  1000.00
                     10497    1000.00                          21537    1000.00     26679    1000.00     33474    1000.00                          42894    1000.00
04174    1000.00                                                                                                                                                        48928  1000.00
                     10530    1000.00     15029    1000.00     21584    1000.00     26713    1000.00     33475    1000.00     C$25,000.00          43       MIL
04296    1000.00                                                                                                                                                        48944  1000.00
                     10566    2000.00     15062    1000.00     21625    1000.00     26790    1000.00     33587    1000.00                          43141    1000.00
04297    1000.00                                                                                                                 MASAYA                                 48982  2000.00
                     10778    2000.00     15099    1000.00     21677    1000.00     26901    1000.00     33599    1000.00                          43181    1000.00     49     MIL
04418    1000.00
                     10813    2000.00     15393    1000.00     21752    3000.00     26931    1000.00     33605    1000.00                          43212    1000.00
04494    1000.00                                                                                                              37469    1000.00                          49263  1000.00
                     10817    1000.00     15401    1000.00     21781    2000.00     26939    1000.00     33720    2000.00                          43352    1000.00
04498    1000.00                                                                                                              37490    1000.00                          49311  1000.00
                     10920    1000.00                          21786    1000.00                          33747    1000.00                          43399    1000.00     49347  1000.00
0480658  1M00IL0.00                       15483TERCER PREMIO                                                                  37531    1000.00
                     10929    1000.00                          21812    1000.00     26970QUINTO PREMIO   33821    1000.00                          43472    1000.00     49349  1000.00
                                                                                                                              37541    1000.00
05080    1000.00     1091317  1M00IL0.00                       21814    1000.00                          33830    1000.00                          43488    1000.00     49389  1000.00
                                                                                    C$20,000.00          34       MIL         37559    1000.00
05126    1000.00                                               21970    1000.00     JUIGALPA                                                       43538    2000.00     49435  2000.00
                                                                                                                              37563    1000.00     43566    1000.00
05190    1000.00     11269    1000.00                          21985    1000.00                          34170    1000.00                                               49745  1000.00
                                                                                                                              37658    1000.00     43644    1000.00
05219    1000.00     11314    1000.00                          22       MIL         27       MIL         34198    1000.00                                               49746  2000.00
                                          C$50,000.00                                                                         37740    1000.00     43832    1000.00
05220    1000.00     11466    1000.00                          22024    1000.00     27022    1000.00     34272    1000.00                                               49803  1000.00
                                                                                                                              37760    1000.00     43875    1000.00
05300    1000.00     11477    1000.00     MANAGUA              22058    1000.00     27024    1000.00     34351    1000.00                                               49919  1000.00
                                                                                                                              37761    1000.00     43963    1000.00
05368    1000.00     11635    1000.00                          22190    1000.00     27174    1000.00     34392    1000.00                                               50     MIL
                                                                                                                              37788    1000.00     43999    1000.00
05404    1000.00     11715    1000.00     15514    1000.00     22279    1000.00     27237    1000.00     34424    1000.00                          44       MIL         50124  1000.00
                                                                                                                              37793    1000.00
05437    1000.00     11762    1000.00     15635    1000.00     22297    1000.00     27402    1000.00     34474    1000.00                          44080    1000.00     50154  1000.00
                                                                                                                              37941    1000.00
05680    1000.00     11803    1000.00     15708    1000.00     22326    1000.00     27603    1000.00     34505    1000.00                          44106    1000.00     50166  1000.00
                                                                                                                              3793989  1M00IL0.00
05727    2000.00     11837    1000.00     1581966  1M00IL0.00  22347    1000.00     27836    1000.00     34566    1000.00                          44148    1000.00     50196  1000.00

05786    1000.00     11895    1000.00                          22376    1000.00     27983    1000.00     34627    1000.00     38044    1000.00     44161    1000.00     50297  1000.00

05807    1000.00     1191222  1M00IL0.00  16149    1000.00     22378    1000.00     27991    1000.00     34698    1000.00     38065    1000.00     44258    1000.00     50353  1000.00
                                                                                                                                                                        50384  1000.00
0580163  1M00IL0.00  12042    1000.00     16286    1000.00     22399    1000.00     28       MIL         34760    1000.00     38075    1000.00     44372    1000.00
                                                                                                                                                                        50416  1000.00
                     12110    2000.00     16545    1000.00     22571    1000.00     28182    1000.00     34841    1000.00     38164    1000.00     44600    1000.00
                                                                                                                                                                        50436  1000.00
06177    1000.00     12319    1000.00     16622    1000.00     22635    1000.00     28242    1000.00     34884    1000.00     38270    1000.00     44709    1000.00
                                                                                                                                                                        50629  1000.00
06186    1000.00                          16634    1000.00     22675    1000.00     28247    1000.00     34911    1000.00     38293    1000.00     44793    1000.00
                     12510    1000.00                                                                                                                                   50653  1000.00
06238    1000.00                          16762    1000.00     22749    1000.00     28271    1000.00     34935    1000.00     38329    1000.00     44813    1000.00
                     12516    1000.00                                                                                                                                   50656  1000.00
06306    10,000.00                        1691172  1M00IL0.00  22814    3000.00     28597    1000.00     34972    1000.00     38437    1000.00     44915    1000.00
                                                                                                                                                                        50728  1000.00
06375    1000.00     12572    1000.00                          22906    1000.00     28618    1000.00     34991    1000.00     38467    1000.00     45       MIL
                                                                                                                                                                        50767  1000.00
06409    1000.00     12611    1000.00     17544    1000.00     22916    3000.00     28996    1000.00     35       MIL         38951    1000.00     45042    1000.00
                                                                                                                                                                        50815  1000.00
06410    1000.00     12627    1000.00     17578    1000.00     22947    1000.00     29       MIL         35006    2000.00        39    MIL         45047    1000.00
                                                                                                                                                                        50866  1000.00
06479    1000.00     12628    1000.00     17729    1000.00     22979    1000.00     29099    1000.00     35018    1000.00                          45107    1000.00
                                                               23       MIL                                                   39113    1000.00                          50906  1000.00
06487    1000.00     12629    2,000.00    17832    1000.00                                               35083    1000.00                          45268    1000.00
                                                               23099    1000.00     29108    1000.00                          39214    1000.00                          50915  1000.00
06704    1000.00     PREMIO               17890    1000.00                                               35138    1000.00                          45393    1000.00
                                                               23083    1000.00     29369    1000.00                          39372    1000.00                          50931  1000.00
06738    1000.00     MAYOR                17936    1000.00                                               35162    1000.00                          45502    1000.00
                                                               23153    1000.00     29404    1000.00                          39407    1000.00                          50953  1000.00
                                          17989    1000.00                                                                                         45595    1000.00

NOTA: LOS BILLETES TERMINADOS EN 2630 GANAN C$4,800.00, LOS TERMINADOS EN 630 GANAN C$2,400.00, LOS TERMINADOS EN 30 GANAN

C$1,200.00, LOS TERMINADOS EN 0 GANAN C$600.00. TODOS LOS NUMEROS DE LA PRESENTE LISTA Y QUE A LA VEZ TENGAN TERMINACIONES

DEL PREMIO MAYOR TIENEN DERECHO AL PREMIO Y A LA TERMINACION. SE EXCEPTUA AL PREMIO MAYOR EN TODAS LAS TERMINACIONES.

         ESTA LISTA ES GRATIS · VISITE WWW.LOTERIANACIONAL.COM.NI
