                                                  SORTEO                     ORDINARIO                         Nº  1495

                                                                                                                                          MANAGUA

                                                  3,500,000Córdobas                                                                       12 DE ENERO

                                                                                                                                                   2010

                                                                                                                                          CADUCIDAD

                                                                                                                                          22 DE ABRIL

                                                                                                                                                   2010

                                                                                                                                          LISTA OFICIAL

01     MIL      06993  1000.00    13702  1000.00  18878CUARTO PREMIO  24782  1000.00       28334  2000.00      34546   1000.00     38505  2000.00  44957  1000.00
                07     MIL
01018  1000.00                    13715  1000.00                      24787  1000.00       28387  1000.00      34672   1000.00     38537  1000.00  44981  1000.00
                                  14     MIL                                                                                                       45     MIL
01057  1000.00  07084  1000.00                                        24797  1000.00       28419  1000.00      34788   1000.00     38586  1000.00

01202  1000.00  07161  1000.00    14014  1000.00  C$25,000.00         24828  1000.00       28497  1000.00      34876   2000.00     38788  1000.00  45174  3000.00
                                                                                                                   35  MIL
01258  1000.00  07220  2000.00    14088  1000.00  ESTELI              24829  1000.00       28520  1000.00                          38816  1000.00  45186  1000.00

01362  1000.00  07234  1000.00    14280  1000.00                      24985  1000.00       28548  1000.00      35121   1000.00     38888  1000.00  45188  1000.00

01387  1000.00  07490  1000.00    14439  1000.00  18881  1000.00      24988  2000.00       28730  1000.00      35141   1000.00     38960  1000.00  45237  1000.00
                                                                      25     MIL
01455  1000.00  07537  1000.00    14450  1000.00  18951  1000.00                           28765  1000.00      35258   1000.00     38975  1000.00  45356  1000.00
                                                                                                                                   39     MIL
01536  1000.00  07579  1000.00    14470  2000.00  19     MIL          25012  1000.00       28781  1000.00      35309   1000.00                     45536  1000.00

01560  1000.00  07620  1000.00    14480  1000.00  19174  1000.00      25058  1000.00       28845  1000.00      35439   1000.00     39082  1000.00  45626  1000.00
                                                                                           29     MIL
01588  1000.00  07649  1000.00    14490  1000.00  19429  1000.00      25436  1000.00                           35456TERCER PREMIO  39155  1000.00  45703  1000.00

01592  1000.00  07654  1000.00    14567  1000.00  19482  1000.00      25454  1000.00       29060  1000.00                          39236  1000.00  45720  1000.00

01666  1000.00  07734  1000.00    14571  1000.00  19508  1000.00      25495  1000.00       29138  1000.00                          39286  1000.00  45759  1000.00

01795  1000.00  07749  1000.00    14584  1000.00  19526  1000.00      25547  1000.00       29526  1000.00                          39371  2000.00  45780  1000.00

01874  1000.00  07775  1000.00    14724  1000.00  19546  1000.00      25679  1000.00       29615  1000.00                          39557  1000.00  45972  1000.00
                                                                                                                                                   46     MIL
01887  1000.00  07788  1000.00    14737  1000.00  19591  1000.00      25797  1000.00       29715  1000.00                          39601  1000.00
02     MIL
                07848  1000.00    14884  1000.00  19670  1000.00      25893  1000.00       29786  1000.00      C$50,000.00         39630  1000.00  46322  1000.00

02036  1000.00  07857  2000.00    14902  1000.00  19677  1000.00      25895  1000.00       29890  1000.00          LEÓN            39705  1000.00  46339  1000.00
                                  15     MIL                          26     MIL
02087  1000.00  07857  1000.00                    19706  1000.00                           29897  1000.00                          39708  1000.00  46521  1000.00

02147  1000.00  07874  1000.00    15074  1000.00  19730  1000.00      26056  1000.00       29925  1000.00                          39754  1000.00  46536  1000.00

02467  3000.00  07893  1000.00    15135  1000.00  19893  1000.00      26077  1000.00       29976  1000.00      35485   1000.00     39847  1000.00  46584  1000.00
                                                                                           30     MIL                              40     MIL
02701  1000.00  07910  2000.00    15207  2000.00  19933  1000.00      26186  1000.00                           35506   1000.00                     46718  1000.00
                                                                                                                                                   47     MIL
02778  1000.00  07953  1000.00    15260  1000.00  20     MIL          26194  1000.00       30083  2000.00      35566   1000.00     40330  1000.00

02778  1000.00  07980  1000.00    15320  1000.00  20311  1000.00      26243  1000.00       30091  1000.00      35584   1000.00     40345  1000.00  47103  1000.00

02833  1000.00  07991  1000.00    15354  1000.00  20468  1000.00      26296  1000.00       30167  1000.00      35587   1000.00     40404  1000.00  47237  1000.00
                08     MIL
02847  1000.00                    15358  1000.00  20472  1000.00      26401  1000.00       30176  1000.00      35618   3000.00     40783  2000.00  47291  2000.00

02927  1000.00  08007  1000.00    15457  1000.00  20526  1000.00      26402  1000.00       30227  1000.00      35702   1000.00     40811  1000.00  47480  1000.00
03     MIL
                08062  1000.00    15572  1000.00  20538  1000.00      26403  2,000.00      30267  1000.00      35744   1000.00     40889  1000.00  47507  2000.00

03014  1000.00  08087  1000.00    15584  1000.00  20564  2000.00      PREMIO               30295  1000.00      35784   1000.00     40978  1000.00  47583  1000.00
                                                                                                                                   41     MIL
03078  1000.00  08209  1000.00    15643  1000.00  20687  1000.00      26404MAYOR           30310  1000.00      35850   1000.00                     47589  1000.00

03178  1000.00  08263  1000.00    15650  1000.00  20714  1000.00                           30335  1000.00      35852   1000.00     41205  1000.00  47648  1000.00

03418  2000.00  08335  1000.00    15706  1000.00  20750  1000.00                           30387  1000.00      35858   1000.00     41238  1000.00  47883  1000.00

03528  1000.00  08498  1000.00    15726  1000.00  20762  1000.00                           30480  2000.00      35886   1000.00     41263  1000.00  47987  1000.00
                                                                                                                   36  MIL                         48     MIL
03623  1000.00  08600  2000.00    15740  1000.00  20858  1000.00                           30487  1000.00                          41271  1000.00

03795  1000.00  08633  1000.00    15766  1000.00  20904  1000.00                           30717  1000.00      36057   1000.00     41306  1000.00  48213  2000.00

03831  1000.00  08708  1000.00    15783  1000.00  20987  1000.00                           30743  1000.00      36303   1000.00     41476  1000.00  48243  1000.00

03858  1000.00  08733  1000.00    15831  1000.00  21     MIL                               30938  1000.00      36314   3000.00     41681  1000.00  48294  1000.00
                                                                                           31     MIL
03921  1000.00  08819  1000.00    15854  1000.00  21003  1000.00                                               36475   1000.00     41790  1000.00  48367  1000.00

03957  2000.00  08823  1000.00    15857  2000.00  21049  1000.00                           31079  1000.00      36513   1000.00     41976  1000.00  48399  1000.00
                                                                      C$ 3,500,000.00                                              42     MIL
03990  1000.00  08875  1000.00    15886  1000.00  21367  10,000.00                         31133  1000.00      36523   1000.00                     48631  1000.00
04     MIL      09     MIL        16     MIL
                                                  21452  1000.00                           31190  1000.00      36577   1000.00     42010  1000.00  48703  1000.00

04078  1000.00  09141  1000.00    16017  1000.00  21557  1000.00      VENDIDO POR EL       31553  1000.00      36593   1000.00     42067  1000.00  48732  1000.00

04129  1000.00  09475  1000.00    16052  1000.00  21566  2000.00      CONCESIONARIO G-429  31735  1000.00      36649   1000.00     42377  1000.00  48784  1000.00

04357  1000.00  09480  1000.00    16064  1000.00  21574  1000.00      JOSE RAUL ARGUELLO   31758TERCER PREMIO  36658   1000.00     42426  2000.00  48804  1000.00

04370  1000.00  09591  1000.00    16081  1000.00  21739  1000.00      CASTILLO                                 36708   1000.00     42476  1000.00  48838  1000.00

04397  1000.00  09643  1000.00    16092  1000.00  21835  1000.00      GRANADA                                  36772   1000.00     42482  1000.00  48909  1000.00

04468  1000.00  09682  1000.00    16097  1000.00  21878  1000.00                                               36776   1000.00     42484  1000.00  48916  1000.00

04493  1000.00  09727  1000.00    16128  1000.00  21891  1000.00                                               36909   1000.00     42580  1000.00  48984  1000.00
                                                                                                                                                   49     MIL
04536  1000.00  09797  1000.00    16183  2000.00  21906  1000.00      26405  1000.00                           36919   1000.00     42629  1000.00

04536  1000.00  09954  1000.00    16250  1000.00  21942  1000.00      26405  2,000.00      C$50,000.00         36953CUARTO PREMIO  42670  1000.00  49015  1000.00
                10     MIL
04686  1000.00                    16280  1000.00  22     MIL          26406  1000.00       GRANADA                                 42692  1000.00  49200  1000.00

04724  1000.00  10227  1000.00    16459  1000.00  22026  1000.00      26407  1000.00                                               42738  1000.00  SEGUNDO

04736  1000.00  10448  1000.00    16494  1000.00  22155  1000.00      26417  1000.00                                               QUINTO PREMIO   49377PREMIO

04763  1000.00  10637  1000.00    16501  1000.00  22241  1000.00      26417  1000.00       31777  1000.00          C$25,000.00     42928

04815  1000.00  10758  1000.00    16530  1000.00  22275  1000.00      26458  1000.00       31873  1000.00          MANAGUA
                                                                                           32     MIL
04850  1000.00  10796  1000.00    16730  1000.00  22421  1000.00      26475  1000.00
                                                                                                                   37  MIL
04856  1000.00  10808  1000.00    16814  1000.00  22427  1000.00      26526  1000.00       32036  1000.00                          C$20,000.00

04860  1000.00  10827  1000.00    16953  1000.00  22468  1000.00      26610  1000.00       32268  1000.00      37093   10,000.00   LEON

04924  2000.00  10870  1000.00    16974  1000.00  22481  1000.00      26635  1000.00       32316  1000.00      37135   1000.00                     C$300,000.00
05     MIL
                10946  1000.00    16991  1000.00  22488  1000.00      26638  1000.00       32319  1000.00      37195   1000.00     43
                11     MIL        17     MIL                                                                                              MIL
05176  1000.00                                    22538  1000.00      26689  2000.00       32433  2000.00      37316   1000.00                     JUIGALPA

05180  1000.00  11126  1000.00    17227  1000.00  22606  1000.00      26759  1000.00       32445  1000.00      37396   1000.00     43034  1000.00

05201  1000.00  11156  1000.00    17257  1000.00  22612  1000.00      26803  1000.00       32567  1000.00      37397   1000.00     43103  1000.00  49378  1000.00

05240  1000.00  11197  15,000.00  17285  3000.00  22876  1000.00      26833  1000.00       32703  1000.00      37470   1000.00     43163  1000.00  49415  1000.00

05287  3000.00  11758  1000.00    17398  2000.00  22916  1000.00      26877  1000.00       32745  1000.00      37516   1000.00     43354  1000.00  49440  1000.00
                                                  23
05448  1000.00  11934  1000.00    17412  1000.00         MIL          26878  1000.00       32763  1000.00      37539   1000.00     43409  1000.00  49457  1000.00

05463  1000.00  11942  1000.00    17440  1000.00  23017  1000.00      26927  1000.00       32780  1000.00      37545   1000.00     43557  1000.00  49735  1000.00
                12     MIL
05492  2000.00                    17532  1000.00  23072  1000.00      26967  1000.00       32997  1000.00      37674   1000.00     43566  1000.00  49830  1000.00
                                                                                           33     MIL
05590  1000.00  12306  1000.00    17547  1000.00  23108  1000.00      26992  3000.00                           37715   1000.00     43664  1000.00  49850  1000.00
                                                                      27     MIL
05628  1000.00  12306  1000.00    17748  1000.00  23233  1000.00                           33086  1000.00      37720   1000.00     43737  1000.00  49870  1000.00

05641  1000.00  12390  1000.00    17850  1000.00  23382  1000.00      27216  1000.00       33154  1000.00      37726   1000.00     43774  1000.00  49970  1000.00

05687  1000.00  12462  1000.00    17877  1000.00  23404  1000.00      27263  1000.00       33225  1000.00      37734   1000.00     43934  1000.00  49972  1000.00
                                                                                                                                   44     MIL
05749  1000.00  12571  1000.00    17878  1000.00  23437  1000.00      27526  1000.00       33289  1000.00      37737   1000.00                     50     MIL

05826  1000.00  12595  1000.00    17881  1000.00  23534  1000.00      27616  1000.00       33314  1000.00      37746   1000.00     44053  1000.00  50054  1000.00
                                  18     MIL
05911  1000.00  12690  1000.00                    23594  1000.00      27675  1000.00       33337  1000.00      37872   1000.00     44134  1000.00  50134  1000.00
06     MIL
                12786  1000.00    18039  1000.00  23733  1000.00      27677  1000.00       33749  1000.00      37891   1000.00     44153  1000.00  50166  1000.00

06001  1000.00  12875  1000.00    18079  1000.00  23860  1000.00      27737  1000.00       33854  1000.00      37910   1000.00     44212  1000.00  50221  1000.00
                                                                                                                   38  MIL
06099  1000.00  12928  1000.00    18138  1000.00  23921  1000.00      27833  1000.00       33914  1000.00                          44217  1000.00  50294  1000.00
                                                  24     MIL
06219  1000.00  12992  1000.00    18165  1000.00                      27836  1000.00       33995  1000.00      38074   2000.00     44380  1000.00  50316  1000.00
                13     MIL                                                                 34     MIL
06244  1000.00                    18246  1000.00  24105  1000.00      27963  2000.00                           38174   2000.00     44405  1000.00
                                                                      28     MIL                                                                   50396  1000.00
06367  1000.00  13097  2000.00    18283  1000.00  24200  1000.00                           34047  2000.00      38179   2000.00     44687  1000.00
                                                                      28183  1000.00                                                               50413  1000.00
06427  1000.00  13257  1000.00    18297  1000.00  24273  1000.00                           34120  1000.00      38253   1000.00     44771  1000.00
                                                                      28224  1000.00                                                               50444  1000.00
06461  1000.00  13425  1000.00    18356  1000.00  24353  1000.00                           34212  1000.00      38308   1000.00     44777  1000.00
                                                                      28286  1000.00                                                               50460  1000.00
06490  1000.00  13488  1000.00    18473  1000.00  24394  1000.00                           34458  1000.00      38371   1000.00     44780  1000.00
                                                                      28287  1000.00                                                               50562  1000.00
06609  1000.00  13561  1000.00    18587  1000.00  24500  1000.00                           34524  1000.00      38396   1000.00     44930  1000.00
                                                                      28290  1000.00                                                               50823  1000.00
06815  1000.00  13686  1000.00    18856  1000.00  24736  1000.00                           34535  1000.00      38401   1000.00     44938  1000.00

NOTA: LOS BILLETES TERMINADOS EN 6404 GANAN C$4,800.00, LOS TERMINADOS EN 404 GANAN C$2,400.00, LOS TERMINADOS EN 04 GANAN

C$1,200.00, LOS TERMINADOS EN 4 GANAN C$600.00. TODOS LOS NUMEROS DE LA PRESENTE LISTA Y QUE A LA VEZ TENGAN TERMINACIONES

DEL PREMIO MAYOR TIENEN DERECHO AL PREMIO Y A LA TERMINACION. SE EXCEPTUA AL PREMIO MAYOR EN TODAS LAS TERMINACIONES.

       ESTA LISTA ES GRATIS · VISITE WWW.LOTERIANACIONAL.COM.NI
