                                                         SORTEO              EXTRAORDINARIO                  Nº     1496

                                                                                                                                    MANAGUA

                                                         5,000,000Córdobas                                                          19 DE ENERO

                                                                                                                                            2010

                                                                                                                                    CADUCIDAD

                                                                                                                                    29 DE ABRIL

                                                                                                                                            2010

                                                                                                                                    LISTA OFICIAL

01     MIL           06713  850.00   12289  850.00       17632  5,000.00     22809  850.00   27522           32791  850.00   39071          44255  850.00

01000  1250.00       06742  850.00   12300  850.00       17637  850.00       22839  850.00                   32960  850.00                  44277  900.00
                                                                                                                                            44448  850.00
01001  1250.00       06847  900.00   12499QUINTO PREMIO  17751  850.00       22855  900.00                   32975  850.00
                                                                                                             33     MIL                     44483  850.00
01002  2,500.00      06848  850.00                       17773  850.00       22898  850.00
                                                                                                                                            44640  850.00
PREMIO               06908  850.00   C$25,000.00         17785  850.00       22987  850.00                   33022  850.00
                                                                             23     MIL                                                     44643  850.00
01003MAYOR           06942  850.00   JINOTEGA            17929CUARTO PREMIO                  C$125,000.00    33189  850.00
                                                                                                                             C$125,000.00   44644  850.00
                     06991  850.00                                           23162  850.00                   33237  850.00
                     07     MIL                                                                                                             44728  850.00
                                     12619  850.00                           23287  850.00   LEON            33253  850.00   MANAGUA
                                                                                                                                            44806  850.00
                     07358  850.00   12637  850.00                           23409  850.00                   33270  850.00                  44885  850.00

                     07609  850.00   12689  850.00       C$50,000.00         23544  850.00   27572  900.00   33412  850.00   39151  850.00  44905  850.00

                     07707  850.00   12771  850.00       BLUEFIELDS          23603  850.00   27637  850.00   33434  850.00   39166  850.00  44979  850.00

                     07758  850.00   12809  1000.00                          23636  850.00   27683  850.00   33511  850.00   39203  850.00  45     MIL

                     07788  850.00   12853  850.00                           23799  900.00   27735  850.00   33579  850.00   39374  850.00  45059  850.00

                     07822  850.00   12879  850.00       17980  850.00       23862  850.00   27836  850.00   33698  850.00   39411  850.00  45162  850.00
                                     13     MIL          18     MIL
C$ 5,000,000.00      07994  850.00                                           23862  850.00   27929  850.00   33795  850.00   39525  850.00  45210  850.00
                     08     MIL
                                     13103  850.00       18128  850.00       23912  850.00   28     MIL      33837  850.00   39629  850.00  45433  850.00

                     08032  850.00   13270  850.00       18225  850.00       23983  850.00   28001  850.00   33902  850.00   39700  850.00  45503  850.00
                                                                             24     MIL                      34     MIL
VENDIDO POR LA       08097  850.00   13347  850.00       18248  850.00                       28033  850.00                   39742  850.00  45519  850.00

CONCESIONARIA A-669  08146  850.00   13444  850.00       18331  850.00       24018  850.00   28114  850.00   34211  900.00   39798  850.00  45618  850.00

CONCEPCION DIAZ      08189  850.00   13459  850.00       18335  850.00       24096  850.00   28139  850.00   34326  850.00   39829  850.00  45633  850.00

GARCIA               08221  850.00   13468  850.00       18369  850.00       24100  850.00                   34379  850.00   39991  850.00  45634  850.00

MANAGUA              08242  850.00   13828  850.00       18397  850.00       24235  850.00   28403  850.00   34418  850.00   40     MIL     45658  850.00

                     08279  850.00   13931  900.00       18483  850.00       24247  850.00   28404  850.00   34445  850.00   40031  850.00  45794  850.00

                     08518  850.00   13948  850.00       18613  850.00       24249  850.00   28437  850.00   34534  850.00   40044  850.00  45836  850.00

01004  2,500.00      08562  850.00   14     MIL          18678  850.00       24268  850.00   28439  850.00   34698  850.00   40094  850.00  45951  850.00

01005  1250.00       08563  850.00   14027  850.00       18726  850.00       24288  850.00   28622  850.00   34748  850.00   40136  850.00  45956  850.00

01006  1250.00       08632  850.00   14086  850.00       18852  5,000.00     24302  850.00   28661  850.00   34758  900.00   40170  850.00  45970  850.00

01247  850.00        08675  900.00   14115  850.00       18957  850.00       24384  850.00   28662  850.00   34853  900.00   40256  850.00  45982  850.00

01421  850.00        08690  850.00   14206  850.00       19     MIL          24470  900.00   28736  900.00   34973  850.00   40386  850.00  46     MIL

01493  850.00        08720  850.00   14223  850.00       19179  850.00       24598  850.00   28930  850.00   34988  850.00   40494  850.00  46046  850.00
                                                                                             29     MIL
01562  850.00        08800  850.00   14283  850.00       19198  850.00       24719  900.00                   35     MIL      40535  850.00  46328  850.00
                                                                                             29092  850.00
01706  850.00        08822  850.00   14307  850.00       19212  850.00       24788  1000.00                  35002  850.00   40556  850.00  46726  850.00
                                                                                             29328  900.00                   40556  850.00
01777  850.00        08940  850.00   14689  850.00       19218  850.00       24889  850.00                   35011  850.00                  46738  850.00
                     09     MIL                                                              29469  850.00                   40582  850.00
01832  900.00                        14767  850.00       19239  850.00       24891  850.00                   35014  850.00                  46818  850.00
                                                                                             29632  850.00                   40626  850.00
01835  850.00        09017  850.00   14778  850.00       19347  850.00       24903  850.00                   35162  850.00                  46833  850.00
02     MIL                                                                                   29755  850.00                   40727  850.00
                     09065  850.00   14918  850.00       19386  10,000.00    24936  850.00                   35373  850.00                  46893  850.00
                                     15     MIL                                              29758  850.00                   40743  850.00
02135  850.00        09244  850.00                       19464  900.00       24936  850.00                   35536  850.00                  46999  850.00
                                                                                             29805  850.00                   40751  850.00
02259  850.00        09378  850.00   15036  850.00       19518  850.00       24986  850.00                   35651  850.00                  47     MIL
                                                                                             29858  850.00                   40882  850.00
02797  850.00        09386  850.00   15260TERCER PREMIO  19681  850.00       24999  850.00                   35658  850.00                  47255  850.00
                                                                             25     MIL      29874  1000.00                  40892  850.00
02843  850.00        09395  850.00                       19691  850.00                                       35752  850.00   40897  850.00  47336  850.00
                                                                                             29877  850.00
02856  850.00        09547  850.00                       19736  850.00       25022  850.00                   35768  850.00   40938  850.00  47482  850.00
                                                                                             29898  850.00
02945  850.00        09646  850.00                       19887  850.00       25026  850.00                   35852  850.00   41     MIL     47505  850.00
03     MIL                                                                                   29905  850.00
                     09671  850.00                       19908  850.00       25118  850.00                   35856  850.00   41038  850.00  47734  850.00
                                                                                             29938  850.00   36     MIL
03022  850.00        09697  850.00                       19975  850.00       25147  850.00                                   41086  850.00  47796  850.00
                                                         20     MIL                          29996  850.00
03077  850.00        09723  850.00   C$100,000.00                            25385  850.00   30     MIL      36021  850.00   41090  850.00  47873  850.00

03176  850.00        09747  850.00   MANAGUA             20005  850.00       25397  850.00   30071  850.00   36126  850.00   41178  850.00  47879  850.00

03221  850.00        09875  850.00                       20103  850.00       25430  850.00   30097  850.00   36190  850.00   41256  850.00  47885  850.00

03284  850.00        09903  850.00                       20117  850.00       25437  850.00   30149  850.00   36271  850.00   41347  850.00  47923  850.00

03297  850.00        09922  850.00   15286  850.00       20180  850.00       25442  850.00   30224  850.00   36518  850.00   41356  850.00  47953  850.00
                     10     MIL                                                                                                             48     MIL
03298  850.00                        15435  850.00       20269  850.00       25464  850.00   30228  850.00   36715  850.00   41469  900.00

03324  850.00        10084  850.00   15595  850.00       20280  900.00       25466  850.00   30273  900.00   36717  850.00   41550  850.00  48097  1000.00

03456  850.00        10134  850.00   15623  850.00       20536  850.00       25480  850.00   30336  900.00   36810  850.00   41607  850.00  48116  900.00

03477  850.00        10173  850.00   15644  850.00       20680  850.00       25518  850.00   30367  850.00   36995  850.00   41691  850.00  48165  850.00
                                                                                                             37     MIL
03480  850.00        10223  850.00   15870  850.00       20683  850.00       25588  850.00   30467  850.00                   41748  850.00  48356  850.00

03492  850.00        10329  850.00   15930  850.00       20816  850.00       25623  850.00   30588  850.00   37070  850.00   41780  850.00  48408  850.00
                                     16     MIL
03625  850.00        10498  850.00                       20880  850.00       25628  850.00   30789  850.00   37153  850.00   41874  850.00  48478  850.00

03685  850.00        10612  850.00   16028  850.00       20930  850.00       25653  850.00   30809  850.00   37189  850.00   41930  850.00  48565  850.00
                                                         21     MIL
03729  850.00        10691  850.00   16049  850.00                           25685  900.00   30885  850.00   37240  850.00   42     MIL     48570  850.00

03811  850.00        10697  850.00   16172  850.00       21078  850.00       25724  850.00   31     MIL      37286  850.00   42037  850.00  48579  850.00

03871  850.00        10833  850.00   16195  850.00       21167  850.00       25842  850.00   31134  850.00   37526  850.00   42198  900.00  48816  850.00
04     MIL
                     10970  850.00   16215  850.00       21211  850.00       25859  850.00   31152  850.00   37773  850.00   42218  850.00  48840  900.00
                                                                             26     MIL
04139  850.00        10971  850.00   16247  850.00       21277  850.00                       31183  850.00   37792  850.00   42225  850.00  48947  850.00

04149  850.00        10997  850.00   16419  850.00       21300  850.00       26037  850.00                   37850  850.00   42253  850.00  48947  850.00
                     11     MIL                                                              31184  850.00                                  49     MIL
04425  900.00                        16494  850.00       21338  850.00       26068  900.00                   37880  850.00   42770  850.00
                                                                                             31255  850.00                                  49079  850.00
04515  850.00        11002  850.00   16529  850.00       21397  850.00       26071  850.00   31276           37944  850.00   42776  850.00
                                                                                                    850.00   38     MIL                     49120  850.00
04574  850.00        11046  850.00   16592  850.00       21422  850.00       26284  850.00   31314  850.00                   42858  850.00
                                                                                                                                            49143  1000.00
04840  850.00        11105  850.00   16649CUARTO PREMIO  21469  850.00       26300  850.00   31728  850.00   38068  850.00   42928  850.00
                                                                                                                             43     MIL     49178  850.00
04879  850.00        11167  900.00                       21478  850.00       26470  850.00   31758  850.00   38194  900.00
                                                                                                                                            49229  850.00
04952  850.00        11206  850.00                       21565  850.00       26497  850.00   31821  850.00   38234  850.00   43102  850.00
05     MIL                                                                                                                                  49279  850.00
                     11276  850.00                       21588  850.00       26585  850.00   31895  850.00   38238  1000.00  43128  850.00
                                                                                                                             43128  850.00  49375  850.00
05003  850.00        11315  850.00   CM$A50N,0A0G0U.0A0  21649  850.00       26653  850.00   31899  850.00   38268  850.00
                                                                                                                             43198  850.00  49392  850.00
05198  850.00        11322  1000.00                      21786  850.00       26785  850.00   31912  850.00   38318  850.00
                                                                                                                             43215  850.00  49400  850.00
05237  850.00        11342  850.00                       21831  900.00       26863  850.00   31936  850.00   38352  850.00
                                                                                                                             43230  900.00  49498  850.00
05274  850.00        11621  850.00   16716  850.00       21924  850.00       26884  850.00   32     MIL      38388  850.00
                                                         22     MIL          27     MIL                                      43410  900.00  49591  850.00
05357  850.00        11782  850.00   16845  850.00                                           32094  850.00   38430  850.00
                                                                             27031  850.00                                   43528  850.00  49775  850.00
05731  850.00        11807  850.00   16935  850.00       22024  900.00                       32159  850.00   38663  850.00
                                                                             27127  850.00                                   43536  850.00  49871  850.00
05785  850.00        11970  900.00   16936  850.00       22080  850.00                       32175  850.00   38700  850.00
                     12     MIL                                              27201  850.00                                   43694  850.00  49878  850.00
05861  850.00                        16976  850.00       22135  850.00                       32274  850.00   38722  850.00
                                     17     MIL                              27347  850.00                                   43716  850.00  49896  850.00
05878  850.00        12006  850.00                       22145  850.00                       32337  850.00   38885  850.00
                                                                             27357  850.00                                   43747  850.00  49954  850.00
05985  850.00        12009  900.00   17082  850.00       22235  850.00                       32347  850.00   38953  850.00   44     MIL     50     MIL
06     MIL                                                                   27392  850.00                   39     MIL
                     12060  900.00   17103  850.00       22236  850.00                       32352  850.00                   44033  850.00  50041  850.00
                                                                             27397  850.00
06001  850.00        12061  850.00   17273  850.00       22352  850.00                       32360  850.00                   44082  850.00  50198  850.00

06109  850.00        12148  850.00   17290  850.00       22589  850.00       SEGUNDO         32425  850.00   SEGUNDO         44147  850.00  50460  850.00

06234  850.00        12196  850.00   17388  850.00       22602  850.00       PREMIO          32569  850.00   PREMIO          44162  850.00  50585  850.00

06363  850.00        12220  850.00   17394  850.00       22620  850.00                       32700  850.00                   44235  850.00  50832  850.00

06410  850.00        12243  850.00   17415  850.00       22622  850.00                       32734  850.00                   44238  850.00  50986  850.00

NOTA: LOS BILLETES TERMINADOS EN 1003 GANAN C$6,400.00, LOS TERMINADOS EN 003 GANAN C$3,200.00, LOS TERMINADOS EN 03 GANAN

C$1,600.00, LOS TERMINADOS EN 3 GANAN C$800.00. TODOS LOS NUMEROS DE LA PRESENTE LISTA Y QUE A LA VEZ TENGAN TERMINACIONES

DEL PREMIO MAYOR TIENEN DERECHO AL PREMIO Y A LA TERMINACION. SE EXCEPTUA AL PREMIO MAYOR EN TODAS LAS TERMINACIONES.

        ESTA LISTA ES GRATIS · VISITE WWW.LOTERIANACIONAL.COM.NI
