                                                        SORTEO ORDINARIO Nº 1497

                                                                                                                                              MANAGUA

                                                        3,500,000Córdobas                                                                     26 DE ENERO

                                                                                                                                                           2010

                                                                                                                                              CADUCIDAD

                                                                                                                                              06 DE MAYO

                                                                                                                                                           2010

                                                                                                                                              LISTA OFICIAL

01     MIL          07739  1000.00  13881  1000.00      18897  1000.00      24734  1000.00    31     MIL           35283TERCER PREMIO  40303  1000.00      44855  1000.00

01252  1000.00      07756  1000.00  13993  1000.00      19     MIL          24777  1000.00    31024  1000.00                           40449  1000.00      44890  1000.00
                                    14     MIL
01271  1000.00      07847  1000.00                      19088  1000.00      24884  1000.00    31045  2000.00                           40456  1000.00      44936  1000.00

01277  1000.00      07853  1000.00  14104  1000.00      19182  1000.00      24888  1000.00    31059  1000.00                           40553  1000.00      44981  1000.00

01318  1000.00      07857  1000.00  14176  1000.00      19213  1000.00      24923  1000.00    31073  1000.00                           40574  3000.00      45     MIL
                    08     MIL                                              25     MIL
01340  1000.00                      14233  1000.00      19290  1000.00                        31091  1000.00                           40595  2000.00      45093  1000.00

01673  1000.00      08050  1000.00  14754  1000.00      19460  1000.00      25026  1000.00    31133  1000.00       C$50,000.00         40705  1000.00      45093  1000.00

01703  1000.00      08077  1000.00  14767TERCER PREMIO  19471  1000.00      25154  1000.00    31197  1000.00       MATAGALPA           40755  1000.00      45123  1000.00

01780  1000.00      08078  1000.00                      19582  1000.00      25242  2000.00    31228  1000.00                           40778  1000.00      45345  2000.00

01791  1000.00      08104  1000.00                      19840  1000.00      25243  1000.00    31235  1000.00       35351  1000.00      40819  1000.00      45360  1000.00

01866  1000.00      08113  1000.00                      19878  1000.00      25460  1000.00    31405  1000.00       35358  1000.00      40971  1000.00      45368  1000.00
                                                                                                                                       41     MIL
01876  1000.00      08353  1000.00                      19886  1000.00      25498  1000.00    31441  1000.00       35385  1000.00                          45368  1000.00

01965  1000.00      08463  1000.00                      20     MIL          25805  1000.00    31454  1000.00       35399  1000.00      41060  1000.00      45397  1000.00

01976  1000.00      08494  1000.00  C$50,000.00         20006  1000.00      25809  1000.00    31642  1000.00       35457  1000.00      41073  1000.00      45410  1000.00
02     MIL
                    08670  1000.00                      20186  1000.00      25833  1000.00    31742  1000.00       35524  1000.00      41145  1000.00      45447  1000.00
                                    MASAYA
02048  1000.00      08704  1000.00                      20278  1000.00      25836  1000.00    31743  1000.00       35534  1000.00      41229  1000.00
                    09     MIL                                                                                                                             45527  1000.00
02060  1000.00                                          20860  1000.00      25894  1000.00    31857  1000.00       35667  1000.00      41255  1000.00
                                                                                              32     MIL                                                   45532  2000.00
02073  1000.00      09098  1000.00  14782  1000.00      20899  1000.00      25964  1000.00                         35670  2000.00      41374  1000.00
                                                                                                                                                           45770  1000.00
02330  1000.00      09100  1000.00  14878  1000.00      20949  1000.00      25981  1000.00    32093  1000.00       35748  1000.00      41423  1000.00
                                                                            26     MIL
02356  1000.00      09143  1000.00  14953  1000.00      21     MIL                            32223  1000.00       35795  1000.00      41486  1000.00      45827  1000.00
                                    15     MIL
02373  1000.00      09242  1000.00                      21003  1000.00      26148  1000.00    32449  1000.00       35827  1000.00      41526  1000.00      45866  3000.00
                                                                                                                                                           46     MIL
02565  1000.00      09422  1000.00  15120  1000.00      21054  1000.00      26222  1000.00    32527  1000.00       35836  1000.00      41539  1000.00

02581  1000.00      09481  1000.00  15141  1000.00      21133  1000.00      26298  1000.00    32606  1000.00       36     MIL          41690  1000.00      46035  1000.00

02613  1000.00      09672  1000.00  15162  1000.00      21208  1000.00      26447  1000.00    32914  1000.00       36056  1000.00      41696  1000.00      46064  1000.00

02666  1000.00      09744  1000.00  15185  1000.00      21250  1000.00      26534  1000.00    32969  1000.00       36061  2000.00      41840  1000.00      46446  1000.00
                                                                                              33     MIL
02744  1000.00      09770  1000.00  15221  1000.00      21297  1000.00      26655  1000.00                         36078  1000.00      41893  1000.00      46456  1000.00
                                                                                                                                       42     MIL
02970  1000.00      09787  1000.00  15237  2000.00      21352  1000.00      26733  1000.00    33045  1000.00       36079  1000.00                          46510  1000.00
03     MIL
                    09972  1000.00  15244  1000.00      21383  1000.00      26840  1000.00    33077  1000.00       36086  1000.00      42042  1000.00      46602  1000.00
                    10     MIL
03123  1000.00                      15271  1000.00      21437  1000.00      26850  1000.00    33199  1000.00       36146  1000.00      42046CUARTO PREMIO  46751  1000.00

03154  1000.00      10142  2000.00  15274  1000.00      21510  1000.00      27     MIL        33212  1000.00       36229  1000.00                          46761  2000.00

03156  1000.00      10540  2000.00  15296  1000.00      21720  1000.00      27017  1000.00    33229  1000.00       36246  1000.00                          46868  1000.00

03261  1000.00      10557  1000.00  15465  1000.00      21767  1000.00      27022  1000.00    33405  1000.00       36262  1000.00                          46899  1000.00

03285  1000.00      10852  1000.00  15618  1000.00      21798  1000.00      27075  1000.00    33463  1000.00       36262  1000.00      C$25,000.00         46958  1000.00

03440  1000.00      10866  1000.00  15628  2000.00      21850  1000.00      27110  1000.00    33525  1000.00       36275  1000.00      BLUEFIELDS          47     MIL

03504  2000.00      10879  1000.00  15632  1000.00      21870  1000.00      27132  1000.00    33526  1000.00       36571  1000.00                          47023  1000.00

03533  1000.00      10923  1000.00  15693  1000.00      21903  2000.00      27133  1000.00    33527  2,000.00      36595  3000.00      42048  1000.00      47154  1000.00

03581  1000.00      10939  1000.00  15726  1000.00      22     MIL          27140  1000.00    PREMIO               36596  1000.00      42064  1000.00
                    11     MIL                                                                                                                             47224  1000.00
03656  1000.00                      15818  1000.00      22006  1000.00      27242  1000.00    33528MAYOR           36836  1000.00      42099  1000.00

03670  1000.00      11017  1000.00  15993  1000.00      22161  1000.00      27305  1000.00                         36856  1000.00      42217  1000.00      47474  1000.00
                                    16     MIL
03765  1000.00      11052  1000.00                      22218  1000.00      27350  1000.00                         36891  1000.00      42236  1000.00      47485  1000.00

03794  1000.00      11057  1000.00  16052  1000.00      22256  1000.00      27515  1000.00                         36898  1000.00      42453  1000.00      47497  1000.00

03963  1000.00      11058  1000.00  16064  1000.00      22283  1000.00      27566  1000.00                         36945  1000.00      42528  1000.00      47528  1000.00

03973  1000.00      11105  1000.00  16159  1000.00      22292  1000.00      27689  1000.00                         37     MIL          42562  1000.00      47571  1000.00
04     MIL
                    11258  1000.00  16285  1000.00      22299  1000.00      27836  2000.00                         37415  1000.00      42628  1000.00      47650  1000.00

04129  1000.00      11287  1000.00  16288  1000.00      22470  1000.00      27879  1000.00                         37505  1000.00      42670  1000.00      47736  1000.00

04177  1000.00      11363  1000.00  16373  1000.00      22503  1000.00      27948  1000.00                         37523  1000.00      42755  1000.00      47768  1000.00

04506  1000.00      11385  1000.00  16398  1000.00      22549  1000.00      28     MIL        C$ 3,500,000.00      37547  1000.00      42757  1000.00      47793  1000.00

04580  1000.00      11387  1000.00  16461  1000.00      22549  1000.00      28023  1000.00                         37596  1000.00      42971  1000.00      47862  1000.00

04687  1000.00      11413  1000.00  16474  1000.00      22577  2000.00      28222  1000.00                         37617  2000.00      42972  1000.00      48     MIL
                                                                                                                                       43     MIL
04707  1000.00      11503  1000.00  16493  1000.00      22596  1000.00      28253  1000.00                         37665  1000.00                          48170  1000.00
                                                                                              VENDIDO POR EL
04765  1000.00      11763  1000.00  16570  10,000.00    22622  1000.00      28525  10,000.00                       37676  1000.00      43064  1000.00      48446  1000.00
                                                                                              CONCESIONARIO J-202
04853  3000.00      11854  1000.00  16577  1000.00      22908  1000.00      28542  1000.00                         37753  1000.00      43074  1000.00
                                                                                              JOSE CANDELARIO                                              48452  1000.00
04857  1000.00      11857  1000.00  16677  1000.00      22986  1000.00      28646  1000.00                                             43269  1000.00
05     MIL          12     MIL                                                                LOPEZ ESPINOZA       37798  1000.00                          48468  1000.00
                                    16698  1000.00      23     MIL          28747  1000.00                                             43312  1000.00
                                                                                              JUIGALPA             37925  1000.00                          48480  1000.00
05032  1000.00      12048  1000.00  16752  1000.00      23041  2000.00      28801  1000.00                                             43464  1000.00
                                                                                                                   37992  1000.00                          48519  1000.00
05040  1000.00      12058  1000.00  16757  1000.00      23120  1000.00      28870  1000.00                         38     MIL          43488  1000.00
                                                                                                                                                           48652  1000.00
05575  1000.00      12120  1000.00  16786  1000.00      23163  1000.00      29     MIL        33529  2,000.00      38004  1000.00      43782  1000.00

05580  2000.00      12262  1000.00  16848  1000.00      23200  1000.00      29001  1000.00    33530  1000.00       38234  1000.00      SEGUNDO             48727  1000.00

05658  1000.00      12276  2000.00  16970  1000.00      23257  1000.00      29009  1000.00    33531  1000.00       38328  1000.00      43826PREMIO         48875  1000.00
                                    17     MIL                                                                                                             49     MIL
05664  1000.00      12363  1000.00                      23258  1000.00      29058  1000.00    33564  1000.00       38351  1000.00

05688  1000.00      12383  1000.00  17033  1000.00      23404  1000.00      29231  1000.00    33653  1000.00       38428  1000.00                          49150  1000.00

05707  1000.00      12505  1000.00  17080  1000.00      23530  1000.00      29255  1000.00    33742  1000.00       38554  2000.00                          49236  1000.00

05786CUARTO PREMIO  12612  2000.00  17101  1000.00      23543  1000.00      29451  1000.00    33762  1000.00       38831  1000.00                          49317  1000.00

                    12696  1000.00  17128  1000.00      23561  1000.00      29557  1000.00    33791  1000.00       38845  1000.00                          49441  1000.00

                    12882  1000.00  17157  1000.00      23577  1000.00      29594  1000.00    33839  1000.00       38845  1000.00      C$300,000.00        49482  1000.00

                    12998  1000.00  17244  1000.00      23600  1000.00      29743  1000.00    33891  1000.00       38858  1000.00                          49537  1000.00
                    13     MIL
C$25,000.00                         17271  1000.00      23736  1000.00      29767  1000.00    34     MIL           39     MIL          MATAGALPA           49543  1000.00

MANAGUA             13045  1000.00  17323  2000.00      23820  2000.00      29803  1000.00    34133  1000.00       39022  1000.00                          49580  1000.00

06     MIL          13145  1000.00  17325  1000.00      23857  1000.00      29870  1000.00    34139  1000.00       39027  1000.00      43841  1000.00      49588  2000.00

                    13280  1000.00  17385  1000.00      23942  1000.00      30     MIL        34273  1000.00       39122  1000.00      43860  1000.00      49773  1000.00

06193  1000.00      13298  1000.00  17418  1000.00      23987  1000.00      30062  2000.00    34353  1000.00       39132  1000.00      43942  1000.00      49874  2000.00

06206  1000.00      13323  1000.00  17441  1000.00      23999QUINTO PREMIO  30218  1000.00    34450  1000.00       39169  1000.00      43966  1000.00      49918  1000.00

06249  1000.00      13368  1000.00  17540  1000.00                          30295  1000.00    34457  2000.00       39208  1000.00      44     MIL          50     MIL

06360  1000.00      13427  1000.00  17720  1000.00                          30323  1000.00    34568  1000.00       39218  1000.00

06381  1000.00      13434  1000.00  17728  1000.00                          30434  1000.00    34590  1000.00       39514  1000.00      44058  1000.00      50036  1000.00
                                    18     MIL
06423  1000.00      13449  1000.00                      C$20,000.00         30448  1000.00    34728  1000.00       39545  1000.00      44140  1000.00      50122  1000.00

06465  2000.00      13451  1000.00  18040  1000.00      JINOTEGA            30457  1000.00    34846  2000.00       39557  1000.00      44192  1000.00      50175  1000.00

06478  1000.00      13492  2000.00  18250  1000.00                          30468  1000.00    34850  1000.00       39646  1000.00      44363  3000.00      50285  1000.00

06530  3000.00      13536  1000.00  18260  1000.00      24     MIL          30471  1000.00    34864  1000.00       39684  2000.00      44503  1000.00      50405  1000.00

06651  1000.00      13594  1000.00  18372  1000.00                          30478  1000.00    34908  1000.00       39774  1000.00      44583  1000.00      50522  1000.00

06823  1000.00      13598  1000.00  18448  1000.00      24026  1000.00                                             39785  1000.00      44641  1000.00      50580  1000.00
07     MIL                                                                  30748  1000.00    34980  1000.00
                    13650  1000.00  18478  1000.00      24086  1000.00                        35     MIL           39796  1000.00      44685  1000.00      50670  1000.00
07256  1000.00                                                              30780  2000.00
                    13705  1000.00  18575  1000.00      24438  1000.00                                             40     MIL          44765  1000.00      50728  1000.00
07478  1000.00                                                              30824  1000.00    35023  2000.00
                    13709  1000.00  18673  1000.00      24446  1000.00                                             40108  15,000.00    44773  2000.00      50746  1000.00
07478  1000.00                                                              30828  1000.00    35085  1000.00
                    13758  1000.00  18737  3000.00      24596  1000.00                                             40112  1000.00      44802  1000.00      50778  1000.00
07487  1000.00                                                              30858  1000.00    35210  1000.00
                    13778  1000.00  18783  1000.00      24685  1000.00                                             40291  1000.00      44845  1000.00      50854  1000.00
07566  1000.00                                                              30894  1000.00    35277  1000.00
                    13850  1000.00  18855  1000.00      24685  1000.00

NOTA: LOS BILLETES TERMINADOS EN 3528 GANAN C$4,800.00, LOS TERMINADOS EN 528 GANAN C$2,400.00, LOS TERMINADOS EN 28 GANAN

C$1,200.00, LOS TERMINADOS EN 8 GANAN C$600.00. TODOS LOS NUMEROS DE LA PRESENTE LISTA Y QUE A LA VEZ TENGAN TERMINACIONES

DEL PREMIO MAYOR TIENEN DERECHO AL PREMIO Y A LA TERMINACION. SE EXCEPTUA AL PREMIO MAYOR EN TODAS LAS TERMINACIONES.

       ESTA LISTA ES GRATIS · VISITE WWW.LOTERIANACIONAL.COM.NI
