                                                      SORTEO ORDINARIO Nº 1498

                                                                                                                                     MANAGUA

                                                      3,500,000Córdobas                                                              02 DE FEBRERO

                                                                                                                                                  2010

                                                                                                                                     CADUCIDAD

                                                                                                                                     13 DE MAYO

                                                                                                                                                  2010

                                                                                                                                     LISTA OFICIAL

01     MIL        06880  1000.00  12418  1000.00      17380  1000.00    24372  2000.00  30362  1000.00      35746  1000.00    41777  1000.00      47261  1000.00
                                                                                                            36     MIL
01177  1000.00    06898  1000.00  12551  1000.00      17945  2000.00    24439  1000.00  30433  1000.00                        41822  1000.00      47262  2,000.00
                  07     MIL
01259  1000.00                    12613  1000.00      17982  1000.00    24453  1000.00  30482  1000.00      36075  1000.00    41877  1000.00      PREMIO

01282  1000.00    07138  1000.00  12699  1000.00      18     MIL        24466  1000.00  30513  1000.00      36147  1000.00    41972  2000.00      47263MAYOR
                                                                                                                              42     MIL
01288  1000.00    07232  1000.00  12750  1000.00      18159  2000.00    24468  1000.00  30543  1000.00      36210  1000.00

01558  1000.00    07355  1000.00  12752  1000.00      18446  1000.00    24488  1000.00  30566  1000.00      36380  1000.00    42134  1000.00

01570  2000.00    07545  1000.00  12875  1000.00      18558  1000.00    24587  1000.00  QUINTO PREMIO       36387  1000.00    42161  1000.00

01582  3000.00    07659  1000.00  12915  1000.00      18638  1000.00    24772  1000.00  30773               36415  1000.00    42189  1000.00

01769  1000.00    07676  1000.00  12955  1000.00      18721  1000.00    24840  1000.00                      36432  1000.00    42252  1000.00

01922  1000.00    07690  1000.00  12959  1000.00      19     MIL        24841  1000.00                      36457  1000.00    42272  3000.00

01963  1000.00    07728  1000.00  12985  1000.00      19116  1000.00    24976  1000.00  C$20,000.00         36630  1000.00    42315  1000.00
                                  13     MIL                            25     MIL
01985  1000.00    07729  1000.00                      19215  1000.00                    MANAGUA             36716  1000.00    42338  1000.00
02     MIL
                  07731  1000.00  13123  1000.00      19283  1000.00    25003  1000.00                      36751  1000.00    42546  1000.00
                                                                                                            37     MIL                            C$ 3,500,000.00
02220  1000.00    07767  1000.00  13202  1000.00      19472  2000.00    25277  1000.00                                        42552  1000.00
                                                                                        31     MIL
02248  1000.00    07777  1000.00  13312  1000.00      19486  1000.00    25288  1000.00                      37216  1000.00    42556  1000.00

02298  1000.00    07788  1000.00  13428  1000.00      19592  1000.00    25313  1000.00  31470  1000.00      37275  1000.00    42646  1000.00

02304  1000.00    07815  1000.00  13443  2000.00      19664  1000.00    25337  1000.00  31477  1000.00      37293  1000.00    42679  1000.00      VENDIDO POR LA

02349  1000.00    07935  1000.00  13553  1000.00      19724  1000.00    25723  1000.00  31617  1000.00      37351  1000.00    42769  1000.00      CONCESIONARIA R-218

02553  1000.00    08     MIL      13559  1000.00      19829  1000.00    25946  1000.00  31624  1000.00      37455  1000.00    42794  1000.00      JACOBA DEL SOCORRO

02790  1000.00    08054  1000.00  13613  1000.00      19994  1000.00    25952  1000.00  31662  1000.00      37492  1000.00    42842  1000.00      QUIROZ FLORES

02910  1000.00    08057  1000.00  13650  1000.00      20     MIL        26     MIL      31750  1000.00      37607  1000.00    42945  1000.00            RIVAS
03     MIL                        14     MIL                                                                                  43     MIL
                  08114  1000.00                      20009  1000.00    26064  1000.00  31837  1000.00      37654  10,000.00

03009  1000.00    08146  1000.00  14119  1000.00      20178  1000.00    26086  1000.00  31840  1000.00      37689  1000.00    43244  2000.00      47264  2,000.00

03069  1000.00    08354  1000.00  14288  1000.00      20284  1000.00    26142  1000.00  31842  1000.00      37698  1000.00    43456  1000.00      47265  1000.00
                                                                                        32     MIL
03142  1000.00    08499  1000.00  14349  1000.00      20285  1000.00    26144  1000.00                      37718  1000.00    43691  1000.00      47266  1000.00

03246  1000.00    08641  1000.00  14365  1000.00      20332  1000.00    26171  1000.00  32136  1000.00      37813  1000.00    43832  2000.00      47268  1000.00

03252  1000.00    08775  2000.00  14386  1000.00      20414  1000.00    26281  1000.00  32196  1000.00      37863  1000.00    43870  1000.00      47276  1000.00

03325  1000.00    08775  1000.00  14689  1000.00      20686  1000.00    26302  1000.00  32217  1000.00      37869  1000.00    43972  1000.00      47388  1000.00
                                                                                                                              44     MIL
03384  1000.00    08970  1000.00  14703  1000.00      20821  1000.00    26309  2000.00  32529  1000.00      37892  1000.00                        47534  1000.00

03410  1000.00    08987  1000.00  14785  1000.00      20946  1000.00    26487  1000.00  32649  1000.00      37960  1000.00    44045  1000.00      47546  1000.00
                  09     MIL                                                                                38     MIL
03437  1000.00                    14788  1000.00      21     MIL        26488  1000.00  32673  1000.00                        44174  1000.00      47958  1000.00
                                                                                                                                                  47979  1000.00
03449  1000.00    09028  1000.00  14891  1000.00      21107  1000.00    26558  2000.00  32694  1000.00      38196  2000.00    44254  1000.00      48     MIL

03586  2000.00    09065  2000.00  14977  1000.00      21201  1000.00    26619  1000.00  32948  2000.00      38206  1000.00    44458  1000.00
                                  15     MIL                                            33     MIL                                                48072  1000.00
03598  1000.00    09234  1000.00                      21254  1000.00    26642  1000.00                      38210  1000.00    44462  1000.00
                                                                                                                                                  48206  1000.00
03612  1000.00    09242  1000.00  15232  1000.00      21278  1000.00    26658  1000.00  33040  1000.00      38367  1000.00    44470  1000.00      48215  1000.00

03694  1000.00    09244  1000.00  15270  1000.00      21303  1000.00    26769  1000.00  33117  1000.00      38394  1000.00    44484  1000.00      48216  1000.00

03793  1000.00    09284  1000.00  15425  1000.00      21449  1000.00    26943  1000.00  33151  1000.00      38475  1000.00    44587  1000.00      48274  1000.00

03808  1000.00    09302  1000.00  15441CUARTO PREMIO  21452  1000.00    26987  1000.00  33152  1000.00      38523  1000.00    44632  1000.00      48285  1000.00
04     MIL                                                              27     MIL
                  09364  1000.00                      21625  1000.00                    33175  1000.00      38573  1000.00    44828  1000.00      48299  1000.00

04318  1000.00    09374  1000.00                      21733  1000.00    27039  1000.00  33179  1000.00      38598  1000.00    44878  1000.00      48347  1000.00

04353  1000.00    09413  1000.00                      21877  1000.00    27053  1000.00  33206  1000.00      38627  1000.00    44920  1000.00      48376  1000.00

04410  3000.00    09425  1000.00  C$25,000.00         21898  1000.00    27066  1000.00  33375  1000.00      38758  1000.00    44970  1000.00      48406  1000.00

04476  1000.00    09444  1000.00  JINOTEGA            21943  1000.00    27139  1000.00  33403TERCER PREMIO  38798  1000.00    44973  1000.00      48625  2000.00

04559  1000.00    09458  1000.00                      22     MIL        27167  1000.00                      38805  1000.00    44993  1000.00      48626  1000.00
                                                                                                                              45     MIL
04571  1000.00    09498  1000.00  15667  1000.00      22012  1000.00    27374  1000.00                      38824  1000.00                        48640  1000.00
                                                                                                                              45078  1000.00
04639  2000.00    09617  1000.00  15752  1000.00      22052  1000.00    27402  1000.00                      38934  1000.00                        48692  1000.00
                                                                                                            39     MIL
04829  1000.00    09657  1000.00  15809  1000.00      22086  10,000.00  27504  1000.00                                        45093CUARTO PREMIO  48740  1000.00

04856  1000.00    09887  1000.00  15831  1000.00      22173  1000.00    27592  1000.00                      39009  1000.00                        48825  1000.00

SEGUNDO           09916  1000.00  15926  1000.00      22196  3000.00    27633  1000.00                      39090  1000.00                        48835  1000.00

04912PREMIO       09922  1000.00  15969  1000.00      22258  1000.00    27641  1000.00  C$50,000.00         39203  1000.00                        48983  1000.00
                  10     MIL      16     MIL
                                                      22425  1000.00    27728  1000.00  LEON                39218  2000.00                        49     MIL

                  10057  1000.00  16019  1000.00      22552  1000.00    27763  1000.00                      39285  1000.00    C$25,000.00         49039  1000.00

                  10063  1000.00  16151  2000.00      22596  2000.00    27773  1000.00                      39408  1000.00    MANAGUA             49168  1000.00

                  10069  1000.00  16161  1000.00      22705  1000.00    27883  1000.00  33433  1000.00      39426  2000.00                        49188  1000.00

                  10077  1000.00  16162  1000.00      22714  1000.00    27992  1000.00  33562  1000.00      39589  1000.00    45110  1000.00      49190  1000.00
                                                                        28     MIL
                  10114  1000.00  16235  1000.00      22729  1000.00                    33568  1000.00      39645  1000.00    45127  1000.00      49236  1000.00

C$300,000.00      10171  1000.00  16239  1000.00      22778  1000.00    28077  1000.00  33624  1000.00      39667  2000.00    45260  3000.00      49291  1000.00

                  10227  1000.00  16245  1000.00      22807  1000.00    28193  1000.00  33818  1000.00      39997  1000.00    45314  1000.00      49529  1000.00
MANAGUA                                                                                                     40     MIL
                  10229  1000.00  16263  1000.00      22822  1000.00    28202  1000.00  33850  1000.00                        45428  1000.00      49625  1000.00

                  10354  1000.00  16270  1000.00      22873  1000.00    28411  1000.00  33914  1000.00      40038  1000.00    45431  1000.00      49677  1000.00

04922  1000.00    10406  2000.00  16373  1000.00      23     MIL        28465  1000.00  33977  1000.00      40084  1000.00    45489  1000.00      49701  1000.00
05     MIL                                                                              34     MIL                                                49783  1000.00
                  10494  1000.00  16383  1000.00      23074  1000.00    28490  1000.00                      40166  1000.00    45510  1000.00
                                                                                                                                                  49844  1000.00
05007  1000.00    10613  1000.00  16396  1000.00      23202  1000.00    28636  1000.00  34111  1000.00      40423  1000.00    45548  1000.00      49896  1000.00

05082  1000.00    10622  1000.00  16467  1000.00      23223  1000.00    28723  1000.00  34213  1000.00      40471  1000.00    45660  2000.00      49950  1000.00

05163  1000.00    10675  1000.00  16720  1000.00      23291  1000.00    28775  1000.00  34228  1000.00      40473  2000.00    45709  1000.00      49968  1000.00
                                                                        29     MIL
05347  2000.00    10730  1000.00  16936  1000.00      23355  1000.00                    34268  1000.00      40534  1000.00    45773  1000.00      49985  1000.00

05421  1000.00    10737  1000.00  16951  1000.00      23402  1000.00    29117  1000.00  34271  3000.00      40601  1000.00    45933  1000.00      50     MIL
                                                                                                                              45939
05422  1000.00    10953  1000.00  16961  1000.00      23409  1000.00    29122  1000.00  34472  1000.00      40633  1000.00           1000.00      50108  1000.00
                  11     MIL      17     MIL                                                                                  45958  1000.00
05478  1000.00                                        23442  1000.00    29161  1000.00  34575  1000.00      40666  1000.00                        50110  2000.00
                                                                                                                              45998  1000.00
05512  1000.00    11012  1000.00  17013  1000.00      23477  1000.00    29168  1000.00  34579  3000.00      40677  1000.00    46     MIL          50150  1000.00

05660  1000.00    11275  1000.00  17093TERCER PREMIO  23549  1000.00    29266  1000.00  34633  1000.00      40803  1000.00    46034  2000.00      50177  1000.00

05678  1000.00    11427  1000.00                      23559  1000.00    29342  1000.00  34702  1000.00      40940  1000.00    46183  1000.00      50223  1000.00

05691  1000.00    11615  1000.00                      23567  1000.00    29392  1000.00  34723  1000.00      40948  1000.00    46190  1000.00      50231  1000.00
                                                                                                            41     MIL
05819  1000.00    11652  1000.00                      23597  1000.00    29516  1000.00  34755  1000.00                        46236  1000.00      50240  1000.00

05834  1000.00    11743  1000.00                      23658  1000.00    29606  1000.00  34768  1000.00      41217  1000.00    46457  1000.00      50319  1000.00
                                                                                        35     MIL
05854  1000.00    11744  1000.00                      23712  1000.00    29633  1000.00                      41236  2000.00    46471  1000.00      50343  1000.00
                  12     MIL
05908  1000.00                    C$50,000.00         23719  1000.00    29718  1000.00  35018  1000.00      41271  1000.00    46508  2000.00      50451  1000.00

05925  1000.00    12004  1000.00  GRANADA             23759  1000.00    29739  1000.00  35265  1000.00      41385  1000.00    46571  1000.00      50462  2000.00
06     MIL
                  12091  1000.00                      23813  1000.00    29905  1000.00  35292  1000.00      41474  1000.00    46578  1000.00      50658  1000.00

06150  1000.00    12110  2000.00                      23867  1000.00    29909  1000.00  35441  1000.00      41508  1000.00    46592  1000.00      50718  1000.00
                                                                        30     MIL
06229  1000.00    12219  1000.00  17121  1000.00      23887  1000.00                    35466  1000.00      41547  2000.00    46684  1000.00      50723  1000.00

06494  1000.00    12219  1000.00  17131  1000.00      23997  1000.00    30005  1000.00  35521  1000.00      41547  1000.00    46782  1000.00      50777  2000.00

06524  1000.00    12268  1000.00  17136  1000.00      24     MIL        30007  1000.00  35563  1000.00      41593  1000.00    46922  1000.00      50820  1000.00

06560  15,000.00  12343  1000.00  17222  1000.00      24189  1000.00    30033  1000.00  35571  1000.00      41642  1000.00    47     MIL          50929  1000.00

06575  1000.00    12384  1000.00  17266  1000.00      24276  1000.00    30288  1000.00  35588  1000.00      41662  1000.00    47079  1000.00      50988  1000.00

06862  1000.00    12415  1000.00  17282  1000.00      24357  1000.00    30334  1000.00  35673  1000.00      41752  1000.00    47260  1000.00      50996  1000.00

NOTA: LOS BILLETES TERMINADOS EN 7263 GANAN C$4,800.00, LOS TERMINADOS EN 263 GANAN C$2,400.00, LOS TERMINADOS EN 63 GANAN

C$1,200.00, LOS TERMINADOS EN 3 GANAN C$600.00. TODOS LOS NUMEROS DE LA PRESENTE LISTA Y QUE A LA VEZ TENGAN TERMINACIONES

DEL PREMIO MAYOR TIENEN DERECHO AL PREMIO Y A LA TERMINACION. SE EXCEPTUA AL PREMIO MAYOR EN TODAS LAS TERMINACIONES.

       ESTA LISTA ES GRATIS · VISITE WWW.LOTERIANACIONAL.COM.NI
