                                                               SORTEO ORDINARIO Nº 1499

                                                                                                                                                             MANAGUA

                                                               3,500,000Córdobas                                                                          09 DE FEBRERO

                                                                                                                                                                       2010

                                                                                                                                                          CADUCIDAD

                                                                                                                                                          20 DE MAYO

                                                                                                                                                                       2010

                                                                                                                                                          LISTA OFICIAL

01       MIL         0490559  1M00IL0.00  10658    1000.00     16685    1000.00     22558    1000.00     28350    1000.00     34211    1000.00     39568  1000.00      44765    1000.00

01055    1000.00     05074    1000.00     10785    1000.00     16751    1000.00     22572    3000.00     28407    1000.00     34214    1000.00     SEGUNDO             44784    1000.00
                                                                                                                                                                       44815    3000.00
01057    1000.00     05180    1000.00     10862    1000.00     16767    1000.00     22782    1000.00     28509    1000.00     34338    1000.00     39620PREMIO         44887    1000.00

01229    1000.00     05336    1000.00     10954    1000.00     16768    1000.00     22802    1000.00     28593    1000.00     34384    1000.00                         44895    1000.00

01250    1000.00     05437    1000.00     1091713  1M00IL0.00  16784    1000.00     22806    1000.00     28681    1000.00     34453    1000.00                         44950    1000.00

01257    1000.00     05452    1000.00     11361    1000.00                          22890    1000.00     28748    1000.00     34505    2000.00                         44985    1000.00

01327    1000.00     05463    1000.00     11475    1000.00     16811TERCER PREMIO   22950    1000.00     28773    1000.00     34574    1000.00                         45       MIL

01335    3000.00     05473    1000.00                                               22955    1000.00     28775    1000.00     34693    2000.00                         45009    1000.00

01448    1000.00                          11549    1000.00                          2292935  1M00IL0.00  28782    1000.00     34697    1000.00     C$300,000.00        45163    1000.00

01531    1000.00     05551    1000.00     11585    1000.00                                               28820    1000.00     3483952  1M00IL0.00                      45278    1000.00

01558    1000.00     05586    1000.00     11601    1000.00                          23075    1000.00     28820    1000.00                          GRANADA             45368    2000.00

01593    1000.00     05666    1000.00     11653    1000.00                          23159    1000.00     28899    1000.00     35077    1000.00                         45403    1000.00

01645 10,000.00      05742    1000.00     11918    1000.00     C$50,000.00          23178    1000.00     28935    1000.00     35082    1000.00                         45553    1000.00

01736    1000.00     05822    1000.00     11950    1000.00     BLUEFIELDS           23184    1000.00     2892799  1M00IL0.00  35108    1000.00     39728  1000.00      45634    1000.00

01755    1000.00     05836    1000.00     1191882  2M00IL0.00                       23501    1000.00                          35231    1000.00     39751  2000.00      45634    1000.00

01925    1000.00     05858    1000.00                                               23633    1000.00     29006    1000.00     35256    2000.00     39757  1000.00      45675    1000.00

01938    1000.00     0590761  1M00IL0.00  12055    1000.00     1691278  1M00IL0.00  2382542  1M00IL0.00  29097    1000.00     35367    1000.00     39873  1000.00      45727    1000.00

01939    1000.00                          12097    1000.00                                               29211    1000.00     35538    1000.00     39901  1000.00      45776    1000.00

01940    2,000.00    06003    1000.00     12195    1000.00     17101    1000.00     24070    1000.00     29234    1000.00     35544    1000.00     QUINTO PREMIO       45831    1000.00
                                                                                                                                                                       45849
PREMIO               06033    2000.00     12313    1000.00     17119    1000.00     24132    1000.00     29250    1000.00     35636    1000.00     39903               45868    1000.00
                                                                                                                                                                                1000.00
01941MAYOR           06040    1000.00     12438    1000.00     17250    1000.00     24162    1000.00     29294    1000.00     35774    1000.00                         45972    1000.00

                     06154    1000.00     12438    1000.00     17389    1000.00     24174    1000.00     29410    1000.00     35804    2000.00                         45988    1M00IL0.00

                     06272    2000.00     12484    1000.00     17499    1000.00     24226    1000.00     29414    1000.00     35839    1000.00     C$20,000.00         46

                     06414    1000.00     12542    2000.00     17537    1000.00     24244    1000.00     29576    1000.00     35843    1000.00     GRANADA             46144    1000.00

                     06705    1000.00     12602    1000.00     17566    1000.00     24381    1000.00     29633    1000.00     3593960  1M00IL0.00                      46428    1000.00

                     06865    1000.00     12639    1000.00     17677    1000.00     24400    1000.00     29712    1000.00                                              46534    1000.00

                     0690570  1M00IL0.00  12738    2000.00     17684    1000.00     24548    1000.00     29911    1000.00     36033    2000.00     39966  1000.00      46585    1000.00

                     07144    1000.00     12795    1000.00     17737    1000.00     24553    1000.00     2993509  1M00IL0.00  36166    1000.00     40     MIL          46631    1000.00

                     07155    1000.00     12869    1000.00     17756    1000.00     24558    10,000.00                        36374    1000.00     40023  1000.00      46632    1000.00

C$ 3,500,000.00      07166    1000.00     12908    1000.00     1781380  1M00IL0.00  24559    1000.00     30031    1000.00     36400    1000.00     40059  1000.00      46677    1000.00
                                                                                                                                                                       46704    1000.00
                     07233    1000.00     12987    1000.00                          24609    1000.00     30081    1000.00     36408    1000.00     40087  1000.00      46780    1000.00

                     07235    1000.00     1291931  1M00IL0.00  18049    1000.00     24631    1000.00     30100    1000.00     36517    1000.00     40222  2000.00      46784    1000.00

VENDIDO POR EL       07354    1000.00     13008    1000.00     18309    1000.00     24750    1000.00     30489    1000.00     36639    1000.00     40301  1000.00      46817    1000.00

CONCESIONARIO G-542  07372    1000.00     13032    1000.00     18330    1000.00     24769    1000.00     30533    1000.00     36642    1000.00     40385  1000.00      47       MIL
                                                                                                                                                   40395  1000.00
FERNANDO JOSE MEJIA  07548    1000.00     13145    1000.00     18340    1000.00     24789    1000.00     30538    2000.00     36868    1000.00     40438  1000.00      47076    2000.00

NOGUERA              07587    1000.00     13338    1000.00     18436    1000.00     2472957  1M00IL0.00  30590    1000.00     3683775  1M00IL0.00  40518  1000.00      47205    1000.00

GRANADA              07648    1000.00     13436    1000.00     18458    1000.00                          30746    1000.00     37035    1000.00     40558  1000.00      47258    1000.00

                     07818    1000.00     13443    1000.00     18461    3000.00     25124CUARTO PREMIO   3083319  1M00IL0.00  37077    1000.00     40599  1000.00      47265TERCER PREMIO

01942    2,000.00    07853    1000.00     13449    1000.00     18490    1000.00                          31023    1000.00     37106    1000.00     40609  1000.00

01943    1000.00     07885    1000.00     13591    1000.00     18598    1000.00                          31130    1000.00     37108    1000.00     40869  1000.00

0190424  1M00IL0.00  07927    1000.00     13607    1000.00     18768    2000.00                          31185    1000.00     37228    1000.00     40962  1000.00

                     0790788  1M00IL0.00  13670    1000.00     18779    1000.00     C$25,000.00          31331    1000.00     37275    1000.00     40984  1000.00      C$50,000.00

02057    1000.00                          13678    1000.00     18781    1000.00     MANAGUA              31472    1000.00     37317    1000.00     41     MIL

02170    1000.00     08068    15,000.00   13749    1000.00     18784    1000.00     25187    1000.00     31489    1000.00     37343    1000.00     41034  1000.00      MANAGUA

02210    2000.00     08150    2000.00     13759    1000.00     18794    1000.00     25373    1000.00     31532    1000.00     37353    1000.00     41049  1000.00

02219    1000.00     08180    1000.00     13762    1000.00     1881593  1M00IL0.00  25402    1000.00     31667    1000.00     37404    2000.00     41210  3000.00      47361    1000.00

02280    1000.00     08228    1000.00     13845    1000.00     19050    1000.00     25405    1000.00     31693    1000.00     37405    1000.00     41368  1000.00      47393    1000.00

02430    1000.00     08282    1000.00     1391840  1M00IL0.00  19253    2000.00     25449    1000.00     31732    1000.00     37427    1000.00     41524  2000.00      47453    1000.00

02483    1000.00     08294    1000.00                          19286    1000.00     25454    1000.00     31750    1000.00     37505    1000.00     41562  1000.00      47531    1000.00

02493    1000.00     08303    1000.00     14205    1000.00                          25476    1000.00     31784    1000.00     37532    1000.00     41583  1000.00      47555    1000.00

02750    2000.00     08454    1000.00     14365    1000.00     19307    2000.00     25500    1000.00     31873    1000.00     37568    1000.00     41762  1000.00      47727    1000.00
                                                                                                                                                                       47735    1000.00
02752    1000.00     08689    1000.00     14405    1000.00     19372    1000.00                          31904    1000.00     37574    1000.00     41835  1000.00      47736    1000.00
                                                                                    25582    1000.00
02812    1000.00     08713    1000.00     14543    1000.00     19561    2000.00                          31934    1000.00     37587    2000.00     41858  1000.00      47759    1000.00
                                                                                    25683    1000.00
02832    1000.00     08793    1000.00     14638    1000.00     19568    3000.00                                                                    41879  1000.00      47837    1000.00
                                                                                                         3193924  1M00IL0.00  37693    1000.00     42     MIL
02878    1000.00     08834    1000.00     14713    1000.00     19580    1000.00     25692    1000.00                                                                   4794681  1M00IL0.00
                                                                                                                              37728    1000.00
02935    1000.00     08861    1000.00     1471558  1M00IL0.00  19623    1000.00     25777    2000.00     32008    1000.00                          42066  1000.00
                                                                                                                              37775    1000.00     42156  1000.00
02996    1000.00     08878    1000.00                          19632    1000.00     2592067  1M00IL0.00                                                                48124    1000.00
03       MIL                                                                                             32076    1000.00     37830    1000.00     42265  1000.00
                                          15021    1000.00     19722    1000.00                                                                                        48315    1000.00
03044    1000.00     0890897  1M00IL0.00                                            26008    1000.00     32256    2000.00     37862    1000.00     42433  1000.00
                                          15175    1000.00     1982502  1M00IL0.00                                                                                     48361    1000.00
03116    1000.00                                                                    26093    1000.00     32362    1000.00     37884    1000.00     42518  1000.00      48634    1000.00
                     09067    1000.00     15179    1000.00
03274    1000.00                                               20013    1000.00     26345    1000.00     32393    1000.00     37904    1000.00     42758  1000.00      48709    1000.00
                     09083    1000.00     15231    1000.00                                                                                         42769  1000.00
03354    1000.00                                               20118    1000.00     26672    1000.00     32555    1000.00     37963    1000.00                         48737    1000.00
                     09095    1000.00     15327    1000.00                                                                                         42821  1000.00
03357    1000.00                                               20199    1000.00     26723    1000.00     32574    1000.00     3793781  1M00IL0.00                      48945    1000.00
                     09099    1000.00     15349    1000.00                                                                                         42834  1000.00      49       MIL
03498    1000.00                                               20399    1000.00     26726    1000.00     32601    1000.00                          43     MIL
                     09189    1000.00     15440    1000.00
03567    1000.00                                               20431    1000.00     26754    1000.00     32618    1000.00     38048    1000.00     43010  1000.00      49005    1000.00
                     09238    2000.00     15520    1000.00                                                                                                             49079    2000.00
03570    1000.00                                               2072515  1M00IL0.00  2682573  1M00IL0.00  32732    1000.00     38148    1000.00     43034  1000.00
                     09264    1000.00     15542    1000.00                                                                                                             49155    1000.00
03588    1000.00                                                                                         32759    1000.00     38273    1000.00     43041  1000.00      49258    1000.00
                     09269    1000.00     15627    1000.00                          27228    1000.00
03623    1000.00                                               21055    1000.00                          32771    1000.00     38380    1000.00     43163  1000.00      49305    1000.00
                     09312    1000.00     15690    1000.00                          27263    1000.00
03626    1000.00                                               21268    1000.00                          3293433  1M00IL0.00  38424    1000.00     43214  2000.00      49484    1000.00
                     09328    1000.00     15758    1000.00                          27355    1000.00
03758    1000.00                                               21296    1000.00                                               38530    1000.00     43269  1000.00      49539    1000.00
                     09364    1000.00     15759    2000.00                          27404    1000.00     33379    1000.00
03788    1000.00                                               21354    1000.00                                               38611    1000.00     43529  1000.00      49581    1000.00
                     09482    2000.00     1581116  1M00IL0.00                       27438    1000.00     33393    1000.00
03839    1000.00                                               21430    1000.00                                               38714    1000.00     44     MIL          49603    1000.00
04       MIL         09495    1000.00                                               27573    3000.00     33458    1000.00
                                          16089    1000.00     21545    1000.00                                               38719    1000.00     44080  1000.00      49717    1000.00
                     09518    1000.00                                               27627    1000.00     33472    1000.00
04010    1000.00                          16174    1000.00     21581    1000.00                                               38794    1000.00     44207  1000.00      49725    1000.00
                     09533    1000.00                                               27644    1000.00     33523    1000.00
04022    1000.00                          16177    1000.00     21608    1000.00                                               38798    1000.00     44263  1000.00      49924    1000.00
                     09653    1000.00                                                                    33533    1000.00                                              49938    1000.00
04053    1000.00                          16219    1000.00     21670    1000.00     27650    1000.00                          38811    1000.00     44385CUARTO PREMIO
                     09655    1000.00                                                                    33753    1000.00                                              4995507  1M00IL0.00
04373    1000.00                          16235    1000.00     21745    1000.00     27668    2000.00                          3883492  1M00IL0.00
                     09728    1000.00                                                                    33865    1000.00
04380    1000.00                          16341    1000.00     21773    1000.00     27754    1000.00                                                                   50233    1000.00
                     0991608  1M00IL0.00                                                                 3393945  1M00IL0.00  39133    1000.00
04448    1000.00                          16345    1000.00     21794    1000.00     27763    1000.00                                                                   50255    1000.00
                                                                                                                              39183    1000.00
04687    1000.00     10064    1000.00     16359    1000.00     21831    1000.00     27796    1000.00     34047    1000.00                          C$25,000.00         50343    1000.00
                                                                                                                              39321    1000.00
04730    1000.00     10078    1000.00     16451    1000.00     21831    1000.00     2792586  1M00IL0.00  34078    1000.00                          JINOTEGA            50556    1000.00
                                                                                                                              39429    1000.00
04749    1000.00     10175    1000.00     16554    1000.00     2182527  1M00IL0.00  28116    1000.00     34079    1000.00                                              50705    1000.00
                                                                                                                              39453    1000.00
04808    1000.00     10480    1000.00     16636    1000.00                          28192    1000.00     34092    1000.00                          44675  1000.00      50775    2000.00
                                                               22350    1000.00                                               39455    1000.00     44713  1000.00
04873    1000.00     10630    1000.00     16671    1000.00                          28289    1000.00     34191    1000.00                                              50804    1000.00
                                                               22363    1000.00                                               39538    2000.00     44728  1000.00
04939    1000.00                                                                                                                                                       50958    1000.00

NOTA: LOS BILLETES TERMINADOS EN 1941 GANAN C$4,800.00, LOS TERMINADOS EN 941 GANAN C$2,400.00, LOS TERMINADOS EN 41 GANAN

C$1,200.00, LOS TERMINADOS EN 1 GANAN C$600.00. TODOS LOS NUMEROS DE LA PRESENTE LISTA Y QUE A LA VEZ TENGAN TERMINACIONES

DEL PREMIO MAYOR TIENEN DERECHO AL PREMIO Y A LA TERMINACION. SE EXCEPTUA AL PREMIO MAYOR EN TODAS LAS TERMINACIONES.

         ESTA LISTA ES GRATIS · VISITE WWW.LOTERIANACIONAL.COM.NI
