                                                        SORTEO              EXTRAORDINARIO                    Nº     1500

                                                                                                                                            MANAGUA

                                                        5,000,000Córdobas                                                                   16 DE FEBRERO

                                                                                                                                                         2010

                                                                                                                                            CADUCIDAD

                                                                                                                                            27 DE MAYO

                                                                                                                                                         2010

                                                                                                                                            LISTA OFICIAL

01     MIL      08042  1200.00      14482  1200.00      20     MIL          25339  1200.00    31075  1200.00  35586  1200.00         41385  1200.00      46890  1200.00

01037  2000.00  08067  1200.00      14545  2000.00      20276  1200.00      25383  1200.00    31309  1200.00  35647  1200.00         41433  1200.00      46941  2000.00

01337  1200.00  08083  1200.00      14777  1200.00      20309  1200.00      25549  1200.00    31361  1200.00  35710  1200.00         41613  1200.00      46983  1200.00
                                                                                                                                                         47     MIL
01377  1200.00  08277  1200.00      14788  1200.00      20520  1200.00      25553  1200.00    31388  1200.00  35717  1200.00         41686  1200.00

01380  3000.00  08447  1200.00      14792  1200.00      20542  1200.00      25644  1200.00    31410  1200.00  35736  1200.00         41748  1200.00      47173  1200.00

01484  1200.00  08517  1200.00      14824  1200.00      20557  1200.00      25778  1200.00    31418  1200.00  35743  1200.00         41828  1200.00      47185  1200.00
                                    15     MIL
01584  1200.00  08663  1200.00                          20739  1200.00      25779  1200.00    31467  1200.00  35760  1200.00         41871  1200.00      47252  1000.00
                                                                                                              36     MIL
01723  1200.00  08672  1200.00      15142  1200.00      20887  1200.00      25789  1200.00    31543  3000.00                         41888  1200.00      47253  1000.00
                                                                            26     MIL
01728  1200.00  08753  1200.00      15336  1200.00      20934  1200.00                        31546  1200.00  36086  1200.00         41995  2000.00      47254  2,000.00
                                                                                                                                     42     MIL
01796  1200.00  08800  1200.00      15344  1200.00      20970  1200.00      26049  2000.00    31555  1200.00  36202  1200.00
                                                        21     MIL                                                                                       PREMIO
01818  1200.00  08828  1200.00      15374  1200.00                          26348  1200.00    31565  1200.00  36455  1200.00         42007  1200.00
                                                                                                                                                         47255MAYOR
01897  1200.00  08871  1200.00      15384  1200.00      21054  2000.00      26405  1200.00    31670  1200.00  36456  1200.00         42030  1200.00
02     MIL                                                                                    32     MIL
                08884  1200.00      15385  1200.00      21265  1200.00      26505  1200.00                    36482  1200.00         42043  1200.00

02273  1200.00  08916  1200.00      15457  1200.00      21406  1200.00      26507  1200.00    32073  1200.00  36737  2000.00         42066  1200.00
                09     MIL
02356  1200.00                      15529  1200.00      21454  3000.00      26658  1200.00    32182  1200.00  36788  1200.00         42353  1200.00

02435  1200.00  09105  1200.00      15539  1200.00      21507  1200.00      26724  1200.00    32249  1200.00  36873  1200.00         42387  1200.00

02436  1200.00  09270  1200.00      15575  1200.00      21558  1200.00      26737  1200.00    32254  1200.00  36885  1200.00         42598  1200.00

02454  2000.00  09335  1200.00      15578  1200.00      21565  1200.00      26807  1200.00    32356  1200.00  36973  1200.00         42666  1200.00
                                                                                                              37     MIL
02486  1200.00  09367  1200.00      15598  1200.00      21609  1200.00      26836  1200.00    32377  1200.00                         42726  1200.00

02499  1200.00  09388  1200.00      15641  1200.00      21617  1200.00      26856  1200.00    32405  1200.00  37076  1200.00         42968  1200.00
                                                                            27     MIL
02696  1200.00  09495  1200.00      15738  1200.00      21676  1200.00                        32432  1200.00  37133  1200.00         42990  1200.00      C$ 5,000,000.00
                                    16     MIL          22     MIL                                                                   43     MIL
02731  1200.00  09508  1200.00                                              27182  1200.00    32458  1200.00  37318  1200.00

02895  1200.00  09534  1200.00      16097  1200.00                          27195  1200.00    32532  1200.00  37415  1200.00         43035  1200.00
03     MIL
                09565  1200.00      16212  1200.00      22057TERCER PREMIO  27345  1200.00    32563  1200.00  37427  1200.00         43418  1200.00
                                                                                                                                                         VENDIDO POR LA
03120  1200.00  09649  1200.00      16275  1200.00                          27356  1200.00    32576  1200.00  37511CUARTO PREMIO     43474  1200.00
                                                                                                                                                         CONCESIONARIA
03258  1200.00  09672  1200.00      16288  10,000.00                        27427  1200.00    32593  1200.00                         43578  1200.00
                                                                                                                                                         R-172 MARIA INES
03356  1200.00  09716  1200.00      16315  1200.00                          27738  1200.00    32596  1200.00                         43587  1200.00
                                                                                                                                                         AGUILAR RUIZ
03386  2000.00  09774  1200.00      16426  1200.00                          27843  1200.00    32637  1200.00                         43646  1200.00
                10     MIL                                                  28     MIL                                                                         RIVAS
03476  1200.00                      16449  1200.00                                            32793  1200.00
                                                                                                              CCH$IN25A,0N0D0E.0G0A  43673TERCER PREMIO
03524  2000.00  10078  1200.00      16548  1200.00      C$50,000.00         28055  1200.00    32818  1200.00

03607  1200.00  10083  1200.00      16549  1200.00      RIVAS               28180  1200.00    32961  1200.00

03824  1200.00  10234  1200.00      16592  1200.00                          28238  1200.00    32998  1200.00                                             47256  2,000.00
                                                                                              33     MIL
03874  1200.00  10242  1200.00      16648  1200.00                          28255  1200.00                    37683  1200.00                             47257  1000.00
                                                                                                              38     MIL
03972  1200.00  10449  1200.00      16694  1200.00      22079  1200.00      28275  1200.00    33051  1200.00                                             47258  1000.00
04     MIL
                10464  1200.00      16837  1200.00      22172  1200.00      28275  1200.00    33105  1200.00  38062  1200.00                             47259  1200.00
                                                                                                                                     C$50,000.00
04047  1200.00  10535  1200.00      16859  1200.00      22345  1200.00      28388  1200.00    33146  1200.00  38107  1200.00                             47266  1200.00
                                    17     MIL
04163  1200.00  10555  1200.00                          22397  1200.00      28462  1200.00    33330  1200.00  38387  2000.00         MATAGALPA           47286  1200.00

04267  1200.00  10684  1200.00      17047  1200.00      22409  2000.00      28524  1200.00    33340  1200.00  38536  1200.00                             47326  1200.00

04334  1200.00  10773  1200.00      17380  1200.00      22494  1200.00      28534  1200.00    33483  2000.00  38577  1200.00                             47376  1200.00

04375  1200.00  10777  1200.00      17409  1200.00      22595  1200.00      28559  1200.00    33550  1200.00  38664  1200.00         43722  1200.00      47439  1200.00

04447  1200.00  10852  1200.00      17433  1200.00      22627  1200.00      28573  1200.00    33555  1200.00  38852  1200.00         43845  1200.00      47494  1200.00
                                                                                                              39     MIL
04482  1200.00  10989  1200.00      17496  1200.00      22672  1200.00      28588  1200.00    33578  1200.00                         43846  1200.00      47551  2000.00
                11     MIL
04609  1200.00                      17503  1200.00      22738  1200.00      28745  1200.00    33642  1200.00  39034  1200.00         44     MIL          47743  1200.00

04856  1200.00  11168  1200.00      17535  1200.00      22858  1200.00      28750  1200.00    33702  2000.00  39037  1200.00         44041  1200.00      47757  1200.00

04931  1200.00  11301  1200.00      17547  1200.00      22896  1200.00      28777  1200.00    33782  1200.00  39041  1200.00         44376  1200.00      47768  3000.00
                                                        23     MIL                            34     MIL
04944  2000.00  11357  1200.00      17578  1200.00                          28787  2000.00                    39144  1200.00         44592  1200.00      47774  1200.00
05     MIL
                11407  1200.00      17583  1200.00      23179  1200.00      28824  1200.00    34001  2000.00  39231  1200.00         44603  1200.00      47775  1200.00

05192  1200.00  11490  1200.00      17768  1200.00      23191  1200.00      28944  1200.00    34017  1200.00  39272  1200.00         44639  1200.00      47944  1200.00
                                                                            29     MIL
05205  1200.00  11508  2000.00      17925  1200.00      23245  1200.00                        34277  2000.00  39330  1200.00         44655  1200.00      47954  1200.00
                                    18     MIL
05403  1200.00  11545  1200.00                          23299  1200.00      29056  1200.00    34355  1200.00  39344  1200.00         44781  3000.00      47957  1200.00

05481  1200.00  11564  1200.00      18046  1200.00      23395  1200.00      29246  1200.00    34358  1200.00  39401  1200.00         44839  1200.00      48     MIL

05497  1200.00  11622  1200.00      18292  3000.00      23431  1200.00      29266  1200.00    34382  1200.00  39498  1200.00         44945  2000.00      48180  1200.00

05600  1200.00  11666  1200.00      18342  1200.00      23444  1200.00      29272  1200.00    34446  1200.00  39546  1200.00         45     MIL          48382  1200.00

05608  1200.00  11841  1200.00      18459  1200.00      23446  1200.00      29308  1200.00    34455  1200.00  39548  1200.00
                12     MIL                                                                                                           45057  1200.00      48410  1200.00
05665  1200.00                      18574  1200.00      23478  1200.00      29322  2000.00    34503  1200.00  39614  1200.00
                                                                                                                                     45163  1200.00      48418  1200.00
05709  1200.00  12057  1200.00      18590  1200.00      23491  1200.00      29354  1200.00    34559  1200.00  39639  1200.00
                                                                                                                                     45172  1200.00
05766  1200.00  12066  1200.00      18685  1200.00      23504  1200.00      29369  1200.00                    39694  1200.00                             48457  1200.00
                                                                                              SEGUNDO                                45233  1200.00
05878  1200.00  12070  1200.00      18797  1200.00      23539  1200.00      29381  1200.00                    39701  1200.00                             48516  1200.00
                                                                                                                                     45334  1200.00
05894  1200.00  12083  1200.00      18853  1200.00      23743  1200.00      29430  1200.00    34564PREMIO     39783  1200.00                             48524  1200.00

05945  1200.00  12172  1200.00      18875  1200.00      23758  1200.00      29445  1200.00                    39786  1200.00         45372  1200.00      48532  1200.00

05954  1200.00  12345  1200.00      18895  2000.00      23856  1200.00      29529  1200.00                    39802  1200.00         45451  1200.00      48555  2000.00
06     MIL
                12499  1200.00      18997  1200.00      23872  1200.00      29533  1200.00                    39819  2000.00         45568  1200.00      48584  1200.00
                                    19     MIL          24     MIL
06109  1200.00  12759  1200.00                                              29553  1200.00                    39979  1200.00         45639  1200.00      48720  1200.00
                                                                                                              40     MIL
06135  1200.00  12774  1200.00      19047  1200.00      24025  1200.00      29594  1200.00                                           45845  1200.00      48738  1200.00

06169  1200.00  12862  1200.00      19115  1200.00      24027  1200.00      29632  1200.00                    40091  1200.00         45909  2000.00      48740  1200.00

06322  1200.00  12895  1200.00      19206CUARTO PREMIO  24039  1200.00      29744  1200.00    C$400,000.00    40230  1200.00         46     MIL          48766  1200.00
                13     MIL
06344  1200.00                                          24295  1200.00      29754  1200.00    MANAGUA         40258  2000.00         46006  1200.00      48825  1200.00

06352  1200.00  13139  1200.00                          24360  1200.00      29815  1200.00                    40323  1200.00         46033  1200.00      48835  1200.00

06396  1200.00  13142  1200.00                          24377  1200.00      29913  1200.00                    40351  1200.00         46096  1200.00      48930  1200.00
                                                                            30     MIL
06507  1200.00  13221  1200.00                          24382  1200.00                        34567  1200.00  40388  2000.00         46172  1200.00      48950  1200.00
                                    CM$A25N,0A0G0U.0A0
06543  1200.00  13236  1200.00                          24406  1200.00      30040  1200.00    34588  1200.00  40402  1200.00         46267  2000.00      48979  3000.00

06702  1200.00  13307  1200.00                          24428  1200.00      30134  1200.00    34806  2000.00  40436  1200.00         46356  1200.00      49     MIL

06712  1200.00  13562  1200.00                          24473  1200.00      30151  1200.00    34859  1200.00  40460  1200.00         46366  1200.00      49037  1200.00

06955  1200.00  13576  1200.00      19378  1200.00      24495  1200.00      30272  1200.00    34955  1200.00  40548  1200.00         46440  1200.00      49331  1200.00
07     MIL                                                                                    35     MIL
                13585  1200.00      19417  1200.00      24496  1200.00      30297  1200.00                    40630  1200.00         46457  1200.00      49885  1200.00

07092  1200.00  13733QUINTO PREMIO  19557  1200.00      24549  1200.00      30337  1200.00    35025  1200.00  40695  1200.00         46473  1200.00      49929  1200.00

07145  1200.00                      19560  1200.00      24647  1200.00      30355  1200.00    35130  1200.00  40752  1200.00         46551  1200.00      49958  1200.00

07216  2000.00  C$20,000.00         19575  1200.00      24676  1200.00      30392  15,000.00  35134  1200.00  40774  1200.00         46575  1200.00      50     MIL

07253  1200.00  GRANADA             19576  1200.00      24686  1200.00      30445  1200.00    35153  1200.00  40786  10,000.00       46579  1200.00      50047  1200.00

07258  1200.00                      19588  1200.00      24794  1200.00      30456  1200.00    35189  1200.00  40787  1200.00         46593  1200.00
                                                        25     MIL                                                                                       50047  1200.00
07274  1200.00  13881  1200.00      19600  1200.00                          30536  1200.00    35202  1200.00  40803  1200.00         46604  1200.00
                14     MIL                                                                                                                               50134  1200.00
07720  1200.00                      19700  2000.00      25151  2000.00      30538  1200.00    35235  1200.00  40836  1200.00
                                                                                                                                     46679  1200.00      50278  1200.00
07746  1200.00  14019  1200.00      19796  1200.00      25178  1200.00      30559  1200.00    35347  1200.00  40847  1200.00
                                                                                                              41     MIL             46722  1200.00      50554  1200.00
07899  1200.00  14026  1200.00      19806  1200.00      25200  1200.00      30679  1200.00    35371  1200.00
                                                                                                                                     46765  2000.00
07975  1200.00  14252  1200.00      19835  1200.00      25234  1200.00      30755  1200.00    35505  1200.00  41230  1200.00                             50782  2000.00
08     MIL                                                                  31     MIL                                               46807  1200.00
                14344  1200.00      19846  1200.00      25244  1200.00                        35585  1200.00  41355  1200.00                             50835  1200.00
                                                                                                                                     46882  1200.00
08011  1200.00  14380  1200.00      19944  1200.00      25296  1200.00      31014  1200.00    35585  1200.00  41368  1200.00                             50980  1200.00

NOTA: LOS BILLETES TERMINADOS EN 7255 GANAN C$6,400.00, LOS TERMINADOS EN 255 GANAN C$3,200.00, LOS TERMINADOS EN 55 GANAN

C$1,600.00, LOS TERMINADOS EN 5 GANAN C$800.00. TODOS LOS NUMEROS DE LA PRESENTE LISTA Y QUE A LA VEZ TENGAN TERMINACIONES

DEL PREMIO MAYOR TIENEN DERECHO AL PREMIO Y A LA TERMINACION. SE EXCEPTUA AL PREMIO MAYOR EN TODAS LAS TERMINACIONES.

       ESTA LISTA ES GRATIS · VISITE WWW.LOTERIANACIONAL.COM.NI
