                                                        SORTEO                 ORDINARIO                Nº  1501

                                                                                                                                        MANAGUA

                                                        3,500,000Córdobas                                                               23 DE FEBRERO

                                                                                                                                                 2010

                                                                                                                                        CADUCIDAD

                                                                                                                                        03 DE JUNIO

                                                                                                                                                 2010

                                                                                                                                        LISTA OFICIAL

01     MIL          05577  1000.00  10370  1000.00      15676  1000.00  22561  1000.00      28639  1000.00  34356  1000.00       38972  1000.00  44707  1000.00
                                                                                                                                 39     MIL
01071  1000.00      05667  1000.00  10451  1000.00      15708  1000.00  22597  1000.00      28645  1000.00  34481  1000.00                       44873  1000.00
                                                                                                                                                 45     MIL
01093  1000.00      05685  1000.00  10466  2000.00      15775  2000.00  22679  1000.00      28656  1000.00  34482  1000.00       39009  1000.00

01125  1000.00      05709  1000.00  10689  1000.00      15953  1000.00  22897  1000.00      28688  3000.00  34483  2,000.00      39069  1000.00  45167  1000.00

01157  1000.00      05764  1000.00  10792  1000.00      15965  1000.00  22916  1000.00      28747  1000.00  PREMIO               39084  1000.00  45227  1000.00
                                                        16     MIL
01167  1000.00      05785  1000.00  10927  1000.00                      22980  1000.00      28822  1000.00  34484MAYOR           39137  1000.00  45270  1000.00
                                                                        23     MIL
01243  1000.00      05879  1000.00  10948  1000.00      16235  1000.00                      28827  1000.00                       39314  1000.00  45425  1000.00
                    06     MIL      11     MIL
01263  1000.00                                          16247  1000.00  23001  2000.00      28855  1000.00                       39425  1000.00  45450  1000.00

01447  1000.00      06018  1000.00  11130TERCER PREMIO  16296  1000.00  23002  1000.00      28930  2000.00                       39453  1000.00  45504  1000.00

01458  1000.00      06061  2000.00                      16352  1000.00  23227  1000.00      28977  1000.00                       39607  1000.00  45743  2000.00

01560  1000.00      06179  3000.00                      16413  1000.00  23369  1000.00      28982  1000.00                       39857  1000.00  45770  1000.00

01607  1000.00      06227  1000.00                      16510  1000.00  23426  1000.00      28983  1000.00                       39878  1000.00  45788  2000.00
                                                                                            29     MIL
01646  1000.00      06255  1000.00                      16628  1000.00  23441  1000.00                                           39931  1000.00  45944  1000.00

01699  1000.00      06273  1000.00                      16717  1000.00  23533  1000.00      29117  1000.00                       39959  1000.00  45951  1000.00
                                                                                                                                 40     MIL
01743  1000.00      SEGUNDO                             16770  1000.00  23946  1000.00      29300  1000.00                                       46     MIL

01922  1000.00      06370PREMIO     C$50,000.00         16843  1000.00  23981  1000.00      29324  1000.00  C$ 3,500,000.00      40035  1000.00  46017  1000.00
                                                                        24     MIL
01925  1000.00                      MANAGUA             16931  1000.00                      29405  1000.00                       40057  1000.00  46025  1000.00

01957  1000.00                                          16970  1000.00  24095  2000.00      29414  1000.00                       40238  1000.00  46052  1000.00

01964  1000.00                                          16994  1000.00  24125  1000.00      29442  1000.00  VENDIDO POR EL       40352  1000.00  46102  1000.00
02     MIL                                              17     MIL
                                    11205  1000.00                      24206  1000.00      29518  1000.00  CONCESIONARIO D-886  40689  1000.00  46234  1000.00

02206  1000.00                      11275  1000.00      17137  3000.00  24213  1000.00      29635  1000.00  JORGE ELUTERIO       40774  1000.00  46248  1000.00

02294  1000.00      C$300,000.00    11391  1000.00      17155  1000.00  24277  1000.00      29638  1000.00  ESCALANTE            40799  1000.00  46300  1000.00

02323  1000.00                      11422  1000.00      17177  1000.00  24352  1000.00      29717  1000.00  MANAGUA              40907  1000.00  46559  1000.00

02361  1000.00      CHINANDEGA      11467  1000.00      17177  1000.00  24597  1000.00      29781  1000.00                       40977  1000.00  46597  1000.00

02374  1000.00                      11555  1000.00      17198  2000.00  24763  1000.00      29907  1000.00                       40979  1000.00  46612  1000.00
                                                                                            30     MIL
02383CUARTO PREMIO                  11652  1000.00      17272  1000.00  24805  1000.00                      34485  2,000.00      40996  1000.00  46619  1000.00
                                                                                                                                 41     MIL
                    QUINTO PREMIO   11775  1000.00      17517  1000.00  24852  1000.00      30165  1000.00  34486  1000.00                       46692  1000.00
                    06439
                                    11806  1000.00      17622  1000.00  24909  1000.00      30176  1000.00  34487  1000.00       41053  1000.00  46775  1000.00
                                                                        25     MIL
                                    11823  1000.00      17665  1000.00                      30226  1000.00  34492  1000.00       41063  1000.00  46799  1000.00

C$25,000.00                         11856  2000.00      17676  1000.00  25163  1000.00      30242  1000.00  34683  1000.00       41073  1000.00  46907  1000.00

                    C$20,000.00     11929  1000.00      17884  1000.00  25207  1000.00      30456  1000.00  34819  1000.00       41149  1000.00  46956  1000.00
                                                        18     MIL
MANAGUA             JUIGALPA        11986  1000.00                      25228  1000.00      30459  1000.00  34929  1000.00       41265  1000.00  47     MIL

                                    11987  1000.00      18216  1000.00  25342  1000.00      30492  2000.00  34996  1000.00       41297  1000.00
                                    12     MIL                                                              35     MIL                           47127  1000.00
02513  1000.00                                          18438  1000.00  25347  1000.00      30848  1000.00                       41423  1000.00
                                                                                                                                                 47143  1000.00
02689  1000.00      06616  1000.00  12116  1000.00      18504  1000.00  25376  1000.00      30907  1000.00  35122  1000.00       41430  1000.00
                                                                                                                                                 47149  1000.00
02694  1000.00      06617  1000.00  12193  1000.00      18557  1000.00  25408  1000.00      30908  1000.00  35182  1000.00       41441  1000.00

02719  1000.00      06688  1000.00  12194  1000.00      18603  1000.00  25466  1000.00      30922  1000.00  35350  1000.00       41585  1000.00  47252  1000.00

02794  1000.00      06702  1000.00  12205  1000.00      18613  1000.00  25478  1000.00      30937  1000.00  35367  1000.00       41707  1000.00  47264  1000.00
                    07     MIL                                                              31     MIL
02958  1000.00                      12277  1000.00      18622  1000.00  25487  1000.00                      35519  1000.00       41763  1000.00  47357  1000.00

02979  1000.00      07150  1000.00  12310  1000.00      18670  1000.00  25488  1000.00      31113  1000.00  35611  1000.00       41806  1000.00  47478  1000.00
03     MIL
                    07258  1000.00  12336  1000.00      18689  1000.00  25496  1000.00      31120  1000.00  35726  1000.00       41813  1000.00  47623  1000.00

03036  1000.00      07321  1000.00  12779  1000.00      18888  1000.00  25604  1000.00      31128  1000.00  35768  1000.00       41821  1000.00  47625  1000.00

03157  1000.00      07508  1000.00  12840  1000.00      18968  1000.00  25615  1000.00      31284  1000.00  35857  1000.00       42     MIL      47757  1000.00
                                                        19     MIL
03225  1000.00      07518  2000.00  12933  1000.00                      25749  1000.00      31327  1000.00  35927  1000.00       42192  2000.00  47867  1000.00
                                                                                                            36     MIL
03229  1000.00      07529  1000.00  12957  1000.00      19233  1000.00                      31507  1000.00                       42235  1000.00  47913  1000.00
                                    13     MIL                          25778TERCER PREMIO
03470  1000.00      07590  1000.00                      19283  1000.00                      31514  1000.00  36101  1000.00       42298  1000.00  48     MIL

03593  1000.00      07696  1000.00  13018  1000.00      19420  1000.00                      31560  2000.00  36132  1000.00       42386  3000.00  48060  1000.00

03624  1000.00      07738  1000.00  13136  1000.00      19428  1000.00                      31569  1000.00  36170  2000.00       42407  1000.00  48070  1000.00

03655  1000.00      07860  1000.00  13224  1000.00      19606  1000.00                      31605  1000.00  36289  3000.00       42525  1000.00  48141  1000.00

03658  2000.00      07917  2000.00  13277  1000.00      19616  1000.00                      31657  1000.00  36329  1000.00       42529  1000.00  48249  1000.00
                    08     MIL
03676  1000.00                      13407  1000.00      19647  1000.00                      31672  1000.00  36333  1000.00       42676  1000.00  48392  1000.00

03677  1000.00      08102  1000.00  13425  1000.00      19678  1000.00  C$50,000.00         31695  1000.00  36447  1000.00       42722  2000.00  48475  1000.00

03692  1000.00      08148  1000.00  13448  1000.00      19743  1000.00  MANAGUA             31877  1000.00  36514  1000.00       42812  1000.00  48515  1000.00
                                                                                            32     MIL
03728  1000.00      08331  2000.00  13495  2000.00      19777  1000.00                                      36556  1000.00       42887  1000.00  48690  1000.00
                                                        20     MIL
03860  1000.00      08477  1000.00  13549  1000.00                                          32097  1000.00  36582  1000.00       42953  2000.00  48726  1000.00

03875  1000.00      08502  1000.00  13671  1000.00      20184  1000.00  25795  1000.00      32137  1000.00  36672  1000.00       42964  1000.00  48737  1000.00
                                                                        26     MIL
03910  1000.00      08537  1000.00  13740  1000.00      20192  1000.00                      32260  1000.00  36824  1000.00       43     MIL      48742  1000.00
04     MIL                                                                                                  37     MIL
                    08687  1000.00  13749  1000.00      20255  1000.00  26239  1000.00      32262  1000.00                       43060  1000.00  48974  1000.00

04146  1000.00      08744  1000.00  13778  1000.00      20266  1000.00  26260  10,000.00    32329  1000.00  37144  1000.00       43246  2000.00  48989 10,000.00

04241  1000.00      08776  1000.00  13867  1000.00      20326  1000.00  26282  1000.00      32363  1000.00  37209  1000.00       43261  1000.00  49     MIL

04330  1000.00      08866  1000.00  13882  1000.00      20390  1000.00  26342  1000.00      32424  1000.00  37215  1000.00       43377  1000.00  49012  1000.00
                                    14     MIL
04380  1000.00      08966  2000.00                      20454  1000.00  26712  1000.00      32464  1000.00  37296  1000.00       43473  1000.00  49085  1000.00

04446  1000.00      08968  2000.00  14020  1000.00      20539  1000.00  26725  2000.00      32489  1000.00  37333  1000.00       43483  1000.00  49226  1000.00

04451  1000.00      08998  1000.00  14027  1000.00      20641  1000.00  26980  1000.00      32568  1000.00  37618  1000.00       43573  1000.00  49253  2000.00
                    09     MIL                                          27     MIL
04469  1000.00                      14076  1000.00      20668  2000.00                      32706  1000.00  37702  1000.00       43607  1000.00  49265  1000.00

04473  1000.00      09084  1000.00  14099  1000.00      20675  1000.00  27016  1000.00      32760  1000.00  37710  1000.00       43633  1000.00

04653  1000.00      09179  1000.00  14244  1000.00      20725  1000.00  27070  1000.00      32763  1000.00  37712  1000.00       43665  1000.00  49300CUARTO PREMIO

04662  1000.00      09286  1000.00  14301  1000.00      20873  1000.00  27295  1000.00      32851  1000.00  37970  15,000.00     43747  1000.00

04727  1000.00      09292  1000.00  14358  1000.00      20941  1000.00  27335  1000.00      32904  1000.00  37970  1000.00       43766  1000.00
                                                                                            33     MIL      38     MIL
04778  1000.00      09356  1000.00  14438  1000.00      20980  1000.00  27359  1000.00                                           43772  1000.00
                                                        21     MIL
04837  1000.00      09397  1000.00  14513  1000.00                      27412  1000.00      33035  1000.00  38014  1000.00       43868  1000.00  C$25,000.00

04948  1000.00      09437  2000.00  14788  1000.00      21030  1000.00  27605  1000.00      33168  1000.00  38107  1000.00       43983  1000.00  MASAYA
05     MIL
                    09512  1000.00  14825  1000.00      21064  1000.00  27689  1000.00      33184  1000.00  38215  1000.00       44     MIL

05127  3000.00      09613  1000.00  14907  1000.00      21147  1000.00  27713  2000.00      33228  1000.00  38440  1000.00       44036  1000.00  49562  1000.00

05133  1000.00      09615  1000.00  14911  1000.00      21190  1000.00  27781  1000.00      33267  1000.00  38484  1000.00       44089  1000.00  49610  1000.00

05142  1000.00      09656  1000.00  14917  1000.00      21227  1000.00  27873  2000.00      33273  1000.00  38555  1000.00       44127  2000.00  49952  1000.00

05179  1000.00      09749  1000.00  14918  1000.00      21319  1000.00  27917  1000.00      33308  1000.00  38629  1000.00                       50     MIL
                                                                        28     MIL                                               44181  1000.00
05238  1000.00      09762  1000.00  14948  1000.00      21609  1000.00                      33513  1000.00  38635  1000.00                       50122  1000.00

05252  1000.00      09806  1000.00  14990  1000.00      21614  1000.00  28079  1000.00      33561  1000.00  38682  1000.00       44271  1000.00  50146  1000.00
                                    15     MIL
05258  1000.00      09842  1000.00                      21721  1000.00  28124  1000.00      33570  1000.00  38718  1000.00       44323  1000.00  50296  1000.00

05355  1000.00      09883  1000.00  15093  1000.00      22     MIL      28128  1000.00      33696  2000.00  38723  1000.00       44417  1000.00  50306  1000.00
                    10     MIL
05382  2000.00                      15217  1000.00      22042  1000.00  28155  1000.00      33720  1000.00  38814  1000.00       44464  1000.00  50403  1000.00
                                                                                            34     MIL
05444  1000.00      10026  1000.00  15222  1000.00      22050  1000.00  28235  1000.00                      38840  1000.00       44492  1000.00
                                                                                                                                                 50478  1000.00
05447  2000.00      10077  1000.00  15245  1000.00      22181  1000.00  28264  1000.00      34127  1000.00  38903  1000.00       44613  1000.00
                                                                                                                                                 50742  1000.00
05461  2000.00      10104  1000.00  15274  1000.00      22401  1000.00  28363  1000.00      34151  1000.00  38938  1000.00       44660  1000.00
                                                                                                                                                 50845  1000.00
05497  1000.00      10227  1000.00  15403  1000.00      22422  1000.00  28468  1000.00      34209  1000.00  38962  1000.00       44686  1000.00

05547  1000.00      10241  1000.00  15565  1000.00      22474  1000.00  28511  3000.00      34285  1000.00  38968  1000.00       44695  1000.00  50880  1000.00

NOTA: LOS BILLETES TERMINADOS EN 4484 GANAN C$4,800.00, LOS TERMINADOS EN 484 GANAN C$2,400.00, LOS TERMINADOS EN 84 GANAN

C$1,200.00, LOS TERMINADOS EN 4 GANAN C$600.00. TODOS LOS NUMEROS DE LA PRESENTE LISTA Y QUE A LA VEZ TENGAN TERMINACIONES

DEL PREMIO MAYOR TIENEN DERECHO AL PREMIO Y A LA TERMINACION. SE EXCEPTUA AL PREMIO MAYOR EN TODAS LAS TERMINACIONES.

       ESTA LISTA ES GRATIS · VISITE WWW.LOTERIANACIONAL.COM.NI
