                                                     SORTEO                   ORDINARIO                        Nº  1502

                                                                                                                                          MANAGUA

                                                     3,500,000Córdobas                                                                    02 DE MARZO

                                                                                                                                                       2010

                                                                                                                                          CADUCIDAD

                                                                                                                                          10 DE JUNIO

                                                                                                                                                       2010

                                                                                                                                          LISTA OFICIAL

01     MIL           C$20,000.00     11034  1000.00  17752  1000.00    24494  1000.00      29887  1000.00      34510   1000.00     40553  1000.00      45784  1000.00
                                                                                           30     MIL
01077  1000.00       GRANADA         11093  1000.00  17755  1000.00    24527  1000.00                          34544   1000.00     40652  1000.00      45818  2000.00
                                                                                                                                                       46     MIL
01153  1000.00                       11245  1000.00  17827  1000.00    24582  1000.00      30046  1000.00      34565   1000.00     40697  1000.00

01215  1000.00       05519  2000.00  11367  1000.00  17832  1000.00    24593  1000.00      30062  1000.00      34667   1000.00     40732  1000.00      46143  1000.00

01250  1000.00       05646  1000.00  11423  1000.00  17878  1000.00    24596  1000.00      30063  1000.00      34802   1000.00     40766  1000.00      46158  1000.00

01324  1000.00       05745  1000.00  11536  1000.00  17898  1000.00    24712  1000.00      30143  1000.00      34864   1000.00     40824  1000.00      46203  1000.00
                                                                                                                   35  MIL
01355  1000.00       05776  1000.00  11551  1000.00  17943  1000.00    24723  1000.00      30148  1000.00                          40867  1000.00      46335  1000.00
                                                                                                                                   41     MIL
01593  1000.00       05837  2000.00  11580  1000.00  17947  1000.00    24744  1000.00      30168  1000.00      35028   1000.00                         46438  1000.00
                                                     18     MIL
01657  1000.00       05837  1000.00  11660  1000.00                    24775  1000.00      30350  1000.00      35063   1000.00     41017  1000.00      46438  1000.00

01674  1000.00       06     MIL      11771  1000.00  18105  1000.00    24827  1000.00      30433  1000.00      35155   1000.00     41108  1000.00      46456  1000.00

01874  1000.00       06024  1000.00  11784  1000.00  18146  1000.00    24846  1000.00      30477  1000.00      35162   1000.00     41335  1000.00      46545  3000.00
02     MIL                                                             25     MIL
                     06416  3000.00  11824  1000.00  18215  1000.00                        30504  1000.00      35286   1000.00     41415  1000.00      46675  1000.00

02055  1000.00       06446  1000.00  11935  1000.00  18249  1000.00    25108  1000.00      30656  1000.00      35438   1000.00     41425  1000.00      46758  1000.00
                                     12     MIL
02147  1000.00       06565  1000.00                  18320  1000.00    25145  1000.00      30676  1000.00      35442   1000.00     41481  1000.00      46768  1000.00

02185  1000.00       06636  1000.00  12003  1000.00  18545  1000.00    25287  1000.00      30755  1000.00      35545   1000.00     41515  1000.00      46895  1000.00

02203  1000.00       06755  1000.00  12005  1000.00  18557  1000.00    25485  1000.00      30825  1000.00      35584   1000.00     41608  1000.00      47     MIL

02215  1000.00       06899  1000.00  12061  1000.00  18580  1000.00    25492  1000.00      30842  1000.00      35587   1000.00     41638  1000.00      47143  1000.00

02347  2000.00       06907  1000.00  12324  1000.00  18604  1000.00    25548  1000.00      30852  1000.00      35607   1000.00     41747  1000.00      47222  1000.00

02425  1000.00       06973  1000.00  12391  1000.00  18650  1000.00    25947  1000.00      30870  3000.00      35715   1000.00     41787  1000.00      47257  1000.00
                                                                       26     MIL
02486  1000.00       06992  2000.00  12463  1000.00  18652  1000.00                        30905  1000.00      35768   1000.00     41793  1000.00      47447  1000.00
                     07     MIL
02497  1000.00                       12521  1000.00  18767  1000.00    26025  1000.00      30945  1000.00      35805   1000.00     41803  1000.00      47457  1000.00
                                                                                           31     MIL              36  MIL
02607  1000.00       07023  1000.00  12540  1000.00  18773  1000.00    26051  1000.00                                              41817  1000.00      47470  1000.00

02787  1000.00       07133  1000.00  12723  2000.00  18798  1000.00    26052  1000.00      31168  1000.00      36035   1000.00     41836CUARTO PREMIO  47584  1000.00
03     MIL
                     07186  1000.00  12723  1000.00  18833  1000.00    26147  2000.00      31219  1000.00      36035   1000.00
                                                     19     MIL                                                                                        47665  1000.00
03000  1000.00       07323  1000.00  12751  1000.00                    26235  1000.00      31230  1000.00      36047   1000.00
                                     13     MIL                                                                                                        47732  2000.00
03041  1000.00       07337  1000.00                  19149  1000.00    26495  1000.00      31267  1000.00      36494   1000.00
                     07345                                                                                                                             47746  1000.00
03156  1000.00              1000.00  13009  1000.00  19184  1000.00    26503  1000.00      31355  1000.00      36534   1000.00
                     07355  2000.00                                                                                                                    47834  1000.00
03277  2000.00       07441           13015  1000.00  19243  1000.00    26517  1000.00      31484  1000.00      36553   1000.00     C$25,000.00
                            1000.00
03288  1000.00       07497  2000.00  13237  1000.00  19265  1000.00    26582  1000.00      31531  1000.00      36565   1000.00     MANAGUA             47857  1000.00

03297  1000.00                       13387  1000.00  19371  1000.00    26766  1000.00      31535  1000.00      36728   2000.00                         47907  1000.00
                     07530  1000.00                                                                                                                    48     MIL
03353  1000.00                       13426  3000.00  19395  2000.00    26779  1000.00      31540  1000.00      36737   1000.00
                     07543  1000.00
03430  1000.00                       13575  1000.00  19522  1000.00    26990  1000.00      31555  2000.00      36743   1000.00     41846  1000.00      48075  1000.00
                     07576  1000.00                                    27     MIL                                                  42     MIL
03451  1000.00                       13675  1000.00  19713  1000.00                        31573  1000.00      36752   1000.00                         48140  1000.00
                     07614  1000.00
03452  1000.00       07674           13692  1000.00  19985  1000.00    27297  1000.00      31578  1000.00      36755   1000.00     42126  1000.00      48254  1000.00
                            1000.00                  20     MIL
03453  2,000.00      07769  1000.00  13764  1000.00                    27336  1000.00      31631  1000.00      36837   1000.00     42177  1000.00      48436  1000.00

PREMIO                               13783  3000.00  20003  15,000.00  27373  1000.00      31735  1000.00      36968   1000.00     42197  1000.00      48438  1000.00
                     07948  1000.00                                                                                37  MIL
03454MAYOR           08     MIL      13817  1000.00  20035  1000.00    27377  1000.00      31782  1000.00                          42254  1000.00      48588  1000.00
                                     14     MIL
                     08025  1000.00                  20042  1000.00    27425  1000.00      31837  1000.00      37052   1000.00     42287  1000.00      48734  1000.00

                     08137  1000.00  14000  1000.00  20348  1000.00    27428  1000.00      31843  1000.00      37128   1000.00     42340  1000.00      48770  1000.00
                                                                                           32     MIL
                     08195  1000.00  14025  1000.00  20351  1000.00    27457  1000.00                          37140   1000.00     42363  1000.00      48817  1000.00

                     08308  1000.00  14097  1000.00  20417  1000.00    27497  2000.00      32112  1000.00      37347   1000.00     42505  1000.00      48846  1000.00

                     08407  1000.00  14132  1000.00  20523  1000.00    27526  2000.00      32144  1000.00      37355   1000.00     42584  1000.00      48885  1000.00
                                                     21     MIL
                     08436  1000.00  14167  2000.00                    27533  1000.00      32155  1000.00      37424   1000.00     42586  1000.00      49     MIL

                     08440  1000.00  14353  1000.00  21045  1000.00    27570  1000.00      32327  1000.00      37431   1000.00     42639  1000.00      49022  1000.00

                     08465  1000.00  14385  1000.00  21136  1000.00    27636  1000.00      32362  1000.00      37435   1000.00     42648  1000.00      49029  1000.00

                     08513  1000.00  14553  1000.00  21544  1000.00    27707  2000.00      32495  1000.00      37463   1000.00     42659  2000.00      49088  2000.00
                                                                                                                   38  MIL
C$ 3,500,000.00      08550  1000.00  14616  1000.00  21649  1000.00    27736  1000.00      32538  1000.00                          42756  1000.00      49104  1000.00

                     08586  1000.00  14619  1000.00  21692  1000.00    27807  1000.00      32645  1000.00      38005   1000.00     42780  1000.00      49305  1000.00

                     08843  1000.00  14655  1000.00  21874  1000.00    27817  1000.00      32732  1000.00      38035   1000.00     42783  1000.00      49337  1000.00

VENDIDO POR EL       08897  1000.00  14758  1000.00  21885  1000.00    27823  1000.00      32738  1000.00      38454   1000.00     42813  1000.00      49355  1000.00

CONCESIONARIO G-584  08911  1000.00  14762  1000.00  21946  1000.00    27887  1000.00      32798  1000.00      38503   1000.00     42838  1000.00
                                     15     MIL      22     MIL                                                                                        49418  1000.00
ABELARDO ANTONIO     09     MIL                                        27923  1000.00      32973  1000.00      38562   1000.00     42880  1000.00
                                                                       28     MIL                                                                      49426  1000.00
REYES CAMPOS         09220  1000.00  15045  1000.00  22097  1000.00                        32985  1000.00      38643   1000.00     42927  1000.00
                                                                                           33     MIL                                                  49433  1000.00
GRANADA              09428  1000.00  15174  1000.00  22153  1000.00    28062  1000.00                          38778   1000.00     42958
                                                                                                                                          1000.00      49463  1000.00
                     09518  1000.00  15331  1000.00  22165  1000.00    28226  1000.00      33138  1000.00      38885   1000.00     43     MIL

                     09532  1000.00  15448  1000.00  22185  1000.00    28325  1000.00      33270  1000.00      38927   1000.00     43082  1000.00      49516  1000.00

03455  2,000.00      09537  1000.00  15455  1000.00  22213  1000.00    28326  2000.00      33352  1000.00      38931   1000.00                         49548  1000.00
                                                                                                                   39  MIL         43184  1000.00
03456  1000.00       09543  1000.00  15466  1000.00  22366  2000.00    28338  1000.00                                                                  49550  1000.00
                                                                                           33384TERCER PREMIO                      43347
03457  1000.00       09558  1000.00  15487  1000.00  22370  1000.00    28468  1000.00                          39049   1000.00            1000.00      49626  3000.00

03489  1000.00       09734  1000.00  15524  1000.00  22411  1000.00    28544  1000.00                          39138   1000.00     43383  1000.00      49658 10,000.00

03783  1000.00       09741  1000.00  15534  1000.00  22541  1000.00    28547  1000.00                          39225   1000.00     43388  1000.00      49678  1000.00

03812  1000.00       09842  1000.00  15536  1000.00  22542  1000.00    28612  1000.00                          39266   1000.00     43463  2000.00      49713  1000.00

03845  2000.00       09888  1000.00  15553  1000.00  22634  1000.00    28764  1000.00                          39357   1000.00     43497  2000.00      49746  1000.00

03890  1000.00       09907  1000.00  15587  1000.00  22728  1000.00    28783  1000.00                          39367   1000.00     43643  1000.00      49775  1000.00
04     MIL
                     09997  1000.00  15823  1000.00  22735  1000.00    28829  1000.00      C$50,000.00         39455   3000.00     43645  1000.00      49799  2000.00

04013  1000.00       10     MIL      15829  1000.00  22837  1000.00    28889  2000.00                          39535   1000.00     43666  2000.00      49815  1000.00

04107  1000.00       10085  1000.00  15877  1000.00  22909  1000.00    28957  1000.00      LEON                39536   1000.00     43684  1000.00      49840  1000.00
                                                     23     MIL        29     MIL
04198  1000.00       10514  1000.00  15880  1000.00                                                            39603   2000.00     43705  1000.00      49884  1000.00

04333  1000.00       10521  1000.00  15908  1000.00  23045  1000.00    29239  1000.00                          39731   1000.00     43858  1000.00      50     MIL

04356  1000.00       10527  1000.00  15958  1000.00  23188  1000.00    29428  1000.00      33435  1000.00      39894   1000.00     43977  1000.00      50032  1000.00
                                                                                                                   40  MIL
04440  2000.00       10576  1000.00  15973  1000.00  23396  1000.00    29434TERCER PREMIO  33522  1000.00                          44     MIL          50353  1000.00

04520  1000.00       10607  1000.00  15982  1000.00  23429  1000.00                        33544  1000.00      40032   1000.00     44063  1000.00      50387  1000.00
                                     16     MIL
04603  1000.00       10628  1000.00                  23453  1000.00                        33630  1000.00      40032   1000.00     44104  1000.00      50405  1000.00

04622  1000.00       10719  1000.00  16363  2000.00  23527  1000.00                        33737  1000.00      40145CUARTO PREMIO  44156  1000.00      50512  2000.00

04627  1000.00       10990  1000.00  16469  1000.00  23573  1000.00                        33747  1000.00                          44245  1000.00      50514  1000.00
                     11     MIL
04693  1000.00                       16485  1000.00  23584  1000.00                        33811  1000.00                          44285  1000.00
                                                                                                                                                       50524  2000.00
04837  1000.00       SEGUNDO         16506  2000.00  23586  1000.00                        33828  1000.00                          44933  1000.00
                                                                                                                                                       50553  1000.00
04963  1000.00       11006PREMIO     16712  1000.00  23685  1000.00    C$50,000.00         33873  1000.00          C$25,000.00     45     MIL
                                                                                                                                                       50556  1000.00
04983  1000.00                       16858  1000.00  23731  1000.00    MANAGUA             34     MIL
05     MIL                           17     MIL                                                                                    45275  1000.00
                                                     23843  1000.00                        34026  1000.00          MANAGUA                             50606  1000.00
05004  1000.00                                       24     MIL                                                                    45361  1000.00
                                     17056  1000.00                                        34031  1000.00                                              50847  1000.00
05068  1000.00                                                                                                                     45483  1000.00
                                     17140  1000.00  24004  1000.00    29437  1000.00      34130  1000.00      40222   1000.00                         50875  1000.00
05225  1000.00                                                                                                                     45557  1000.00
                                     17307  1000.00  24024  1000.00    29458  1000.00      34185  1000.00      40325   1000.00                         50907  2000.00
05355  1000.00                                                                                                                     45579  1000.00
                     C$300,000.00    17504  1000.00  24237  1000.00    29489  1000.00      34304  1000.00      40415   1000.00                         50915  1000.00
                                                                                                                                   45585  1000.00
05457QUINTO PREMIO                   17552  1000.00  24258  1000.00    29731  1000.00      34427  1000.00      40456   10,000.00                       50945  1000.00

                     MANAGUA         17557  1000.00  24342  1000.00    29765  1000.00      34439  1000.00      40508   1000.00     45624  1000.00      50969  1000.00

                                     17634  1000.00  24373  1000.00    29792  1000.00      34465  1000.00      40552   1000.00     45682  1000.00      50994  1000.00

NOTA: LOS BILLETES TERMINADOS EN 3454 GANAN C$4,800.00, LOS TERMINADOS EN 454 GANAN C$2,400.00, LOS TERMINADOS EN 54 GANAN

C$1,200.00, LOS TERMINADOS EN 4 GANAN C$600.00. TODOS LOS NUMEROS DE LA PRESENTE LISTA Y QUE A LA VEZ TENGAN TERMINACIONES

DEL PREMIO MAYOR TIENEN DERECHO AL PREMIO Y A LA TERMINACION. SE EXCEPTUA AL PREMIO MAYOR EN TODAS LAS TERMINACIONES.

       ESTA LISTA ES GRATIS · VISITE WWW.LOTERIANACIONAL.COM.NI
