VALOR DEL BILLETE: C$ 30000 · VALOR DEL VIGÉSIMO: C$ 1500                                                                SORTEO                 ORDINARIO                Nº  1503

                                                                                                                                                                                                        MANAGUA

                                                                                                                         3,500,000Córdobas                                                              09 DE MARZO

                                                                                                                                                                                                                   2010

                                                                                                                                                                                                        CADUCIDAD

                                                                                                                                                                                                        17 DE JUNIO

                                                                                                                                                                                                                   2010

                                                           EFECTUVAERNSCEE::  09  DE  MJUANRIZOO, ,22001100                                                                                             LISTA OFICIAL
                                                                                  DE
                                                                              17

01       MIL         06474                                 1000.00                    12878                  2000.00     16450  1000.00  23986  1000.00      29305  1000.00  35242CUARTO PREMIO  40340  1000.00    45786  1000.00

01039    1000.00     06579                                 1000.00                    1291536                1M00IL0.00  16452  1000.00  24     MIL          29327  1000.00                      40371  1000.00    45838  1000.00

01047    2000.00     06717                                 1000.00                    13287                  1000.00     16508  1000.00  24011  1000.00      29329  1000.00                      40400  1000.00    45858  1000.00
                                                                                                                                                             29428  1000.00                      40452  1000.00
01250    1000.00     06738                                 1000.00                                                       16849  1000.00  24141  1000.00      29467  1000.00                      40523  1000.00    45897  1000.00
                                                                                      13301                  1000.00
01252    1000.00     06880                                 1000.00                                                       16925  1000.00  24316  1000.00                                                            45940  1000.00
                                                                                                                         17     MIL                          29551  1000.00                      40534  1000.00
01255    1000.00     0690879                               1M00IL0.00                 13331                  1000.00                     24368  1000.00                      C$25,000.00                           45995  1000.00
                                                                                                                                                             29595  1000.00                      40535  1000.00    46     MIL
01308    1000.00                                                                      13459                  1000.00     17048  1000.00  24397  1000.00                      MASAYA
                                                                                                                                         24456  1000.00      29614  2000.00                      40540  1000.00
01468    1000.00     07146                                 2000.00                    13565                  1000.00     17119  2000.00                      29645  1000.00                      40626  1000.00    46010  1000.00
                                                                                                                                         24543  1000.00
01478    1000.00     07191                                 1000.00                    13671                  1000.00     17140  1000.00  24563  1000.00      29789  1000.00                      40644  1000.00    46025  1000.00

01486    1000.00     07284                                 1000.00                    13709                  1000.00     17246  1000.00  24566  1000.00      29813  1000.00  35357TERCER PREMIO  40657  1000.00    46051  1000.00

01637    1000.00     07377                                 1000.00                    13747                  1000.00     17425  1000.00                      29841  1000.00                      40738  1000.00    46099  1000.00
                                                                                                                         17542  1000.00
01776    1000.00     07384                                 1000.00                    13748                  1000.00     17733  1000.00  24649TERCER PREMIO  30     MIL                          40897  1000.00    46141  1000.00

0180122  1M00IL0.00  07397                                 1000.00                    13748                  1000.00     17754  1000.00                      30327  1000.00                      41     MIL        46147  1000.00

                     07475                                 1000.00                    13749                  2,000.00    17888  1000.00                      30382  1000.00                      41007  1000.00    46148  1000.00

02091    1000.00     07492                                 1000.00                    PREMIO                             17900  1000.00                      30385  1000.00                      41155  1000.00    46165  1000.00

02099    1000.00     07554                                 1000.00                    13750MAYOR                         18     MIL                          30400  1000.00  C$50,000.00         41159  1000.00    46204  1000.00

02254    2000.00     07659                                 1000.00                                                       18090  1000.00                      30430  1000.00  LEON                SEGUNDO           46281  1000.00

02268    1000.00     07745                                 1000.00                                                       18354  1000.00                      30442  2000.00                      41165PREMIO       46311  1000.00

02540    1000.00     07759                                 1000.00                                                       18356  1000.00  C$50,000.00         30604  1000.00                                        46475  2000.00

02557    1000.00     07784                                 1000.00                                                       18375  1000.00                      30850  1000.00  35383  1000.00                        46546  1000.00

02588    1000.00     07796                                 1000.00                                                       18501  1000.00  CHINANDEGA          30892  2000.00  35388  2000.00                        46566  1000.00

02597    1000.00     07845                                 1000.00                                                       18509  1000.00                      31     MIL      35397QUINTO PREMIO                    46794  1000.00

02730    1000.00     07956                                 2000.00                                                       18816  1000.00  24676  1000.00      31130  1000.00                                        46849  1000.00

02794    1000.00     0790883                               1M00IL0.00                                                    18828  1000.00  24761  1000.00      31245  1000.00                                        46882  1000.00
                                                                                                                                                                                                                   47     MIL
02804    1000.00                                                                                                         18910  1000.00  24986  1000.00      31543  1000.00                      C$300,000.00
                     08134                                 10,000.00                  C$ 3,500,000.00                                    25     MIL                                                                47036  1000.00
0290235  1M00IL0.00                                                                                                      18969  1000.00                      31645  1000.00  C$20,000.00
                     08171                                 1000.00                                                                       25015  1000.00                                                            47105  1000.00
                                                                                                                         18985  1000.00                      31645  1000.00  OCOTAL              MANAGUA
03022    1000.00     08175                                 1000.00                                                       19     MIL      25053  1000.00                                                            47142  1000.00
                                                                                                                                                             31878  1000.00
03030    1000.00     08209                                 1000.00                    VENDIDO POR LA                                     25105  1000.00                                          41196  1000.00    47220  1000.00
                                                                                                                         19022  1000.00                      31940  1000.00  35401  3000.00
03050    1000.00     08276                                 1000.00                    CONCESIONARIA H-180                                25110  1000.00      32     MIL                          41204  1000.00    47227  1000.00
                                                                                                                         19055  1000.00                                      35548  1000.00
03196    1000.00     08328                                 1000.00                    JUANA GONZALEZ                     19069  1000.00  25171  1000.00      32113  1000.00                      41293  2000.00    47263  1000.00
                                                                                                                                                                             35596  1000.00
03212    1000.00     08415                                 1000.00                    AGUIRRE.                           19098  1000.00  25233  1000.00      32275  1000.00  35814  1000.00      41383  1000.00    47284  1000.00

03493    1000.00     08442                                 1000.00                    MASAYA                             19212  1000.00  25234  1000.00      32363  1000.00  35817  2000.00      41513  1000.00    47312  1000.00

03537    2000.00     08505                                 1000.00                                                       19241  1000.00  25330  1000.00      32368  1000.00  35880  2000.00      41694  1000.00    47407  1000.00

03589    1000.00     08511                                 10,000.00                  13751                  2,000.00    19283  1000.00  25425  1000.00      32509  3000.00  35925  1000.00      41892  1000.00    47466  2000.00

03630    2000.00     08542                                 1000.00                    13752                  1000.00     19407  1000.00  25452  1000.00      32574  1000.00  35986  1000.00      42     MIL        47556  1000.00

03637    1000.00     08545                                 1000.00                                                       19480  1000.00  25542  1000.00      32575  1000.00  36     MIL          42067  1000.00    47763  1000.00
                                                                                      13753                  1000.00                                                                                               48     MIL
03807    1000.00     08638                                 1000.00                                                       19524  1000.00  25632  1000.00      32674  1000.00  36050  1000.00      42081  1000.00
                                                                                      13783                  1000.00                                                                                               48005  1000.00
03837    1000.00     08653                                 1000.00                                                       19554  1000.00  25711  1000.00      32703  1000.00  36052  1000.00      42263  1000.00
                                                                                      13805                  3000.00                                                                                               48030  1000.00
03899    1000.00     08655                                 2000.00                                                       19597  1000.00  25794  1000.00      32750  1000.00  36052  1000.00      42509  1000.00
                                                                                      1381145                1M00IL0.00                  26     MIL                                                                48038  1000.00
03956    1000.00     08681                                 1000.00                                                       19628  1000.00                      32837  1000.00  36270  1000.00      42555  1000.00
                                                                                                                                                                                                                   48038  1000.00
0390845  1M00IL0.00  08742                                 1000.00                    14088                  1000.00     19647  1000.00  26027  1000.00      32912  1000.00  36359  1000.00      42726  1000.00
                                                                                                                                                                                                                   48386  1000.00
                     08829                                 1000.00                    14152                  1000.00     19654  1000.00  26036  1000.00      32977  1000.00  36395  1000.00      42838  1000.00
                                                                                                                                         26077  1000.00                                                            48570  1000.00
04043    1000.00     08848                                 1000.00                    14168                  1000.00     19759  1000.00                      33     MIL      36603  1000.00      42974  1000.00
                                                                                                                                         26083  1000.00                                          43     MIL        48638  1000.00
04061    1000.00     0890498                               1M00IL0.00                                                    19773  1000.00                      33044  1000.00  36633  1000.00
                                                                                      14220                  1000.00     19846  1000.00  26185  1000.00                                          43065  1000.00    48660  1000.00
04076    1000.00                                                                                                                                             33134  1000.00  36735  1000.00
                                                                                      14289                  1000.00     20     MIL      26286  1000.00                                          43147  1000.00    48685  1000.00
04086    1000.00     09157                                 1000.00                                                                                           33185  1000.00  36797  3000.00
                                                                                      14305                  1000.00     20155  1000.00  26366  1000.00                      36849  1000.00      43188  1000.00    48783  1000.00
                     09264                                 1000.00                                                                                           33186  1000.00
04119    1000.00                                                                      14388                  1000.00     20248  1000.00  26367  1000.00                      36948  1000.00      43225  1000.00    48889  1000.00
                                                                                                                                                             33208  1000.00
04158    1000.00     09277                                 1000.00                    14397                  1000.00     20270  3000.00  26470  1000.00                      36977  1000.00      43326  1000.00    48892  1000.00
                                                                                                                                                             33365  1000.00
04160    1000.00     09320                                 1000.00                    14542                  1000.00     20275  1000.00  26725  1000.00                      37     MIL          43346  1000.00    48988  1000.00
                                                                                                                                                             33376  1000.00                                        49     MIL
04166    2000.00     09397                                 1000.00                    14615                  1000.00     20429  1000.00  26726  1000.00                      37122  3000.00      43427  1000.00
                                                                                                                                                             33388  2000.00                                        49094  1000.00
04179    1000.00     09411                                 1000.00                                                       20516  1000.00  26767  1000.00                      37209  1000.00      43497  1000.00
                                                                                      14816CUARTO PREMIO                                                     33450  1000.00                                        49152  1000.00
04180    1000.00     09541                                 2000.00                                                       20592  1000.00  26774  1000.00                      37604  1000.00      43509  1000.00
                                                                                                                                         27     MIL          33573  1000.00                                        49174  1000.00
04194    1000.00     09557                                 1000.00                                                       20642  1000.00                                      37855  1000.00      43635  2000.00
                                                                                                                                                             33710  1000.00                                        49249  1000.00
04194    1000.00     09645                                 1000.00                                                       20825  1000.00  27146  1000.00                      38     MIL          43735  1000.00
                                                                                                                                         27273  1000.00      33744  1000.00                                        49277  1000.00
04283    1000.00     09695                                 1000.00                                                       20860  1000.00                                      38029  1000.00      43785  1000.00
                                                                                                                                         27318  1000.00      33755  1000.00                      44     MIL        49413  1000.00
04294    1000.00     0981200                               1M00IL0.00                                                    20900  1000.00                                      38127  3000.00
                                                                                      C$25,000.00                        21     MIL      27333  1000.00      33780  1000.00                                        49466  1000.00
04308    1000.00                                                                                                                                                             38201  1000.00      44015  2000.00
                     10233                                 1000.00                                                       21068  1000.00  27381  1000.00      33785  1000.00                                        49506  1000.00
04335    1000.00                                                                      CHINANDEGA                                                                             38213  1000.00      44035  1000.00
                     10268                                 1000.00                                                       21237  1000.00  27659  2000.00      33859  1000.00                                        49508  1000.00
04424    1000.00                                                                                                                                                             38281  1000.00      44048  1000.00
                     10319                                 1000.00                                                       21576  1000.00  27835  1000.00      33908  1000.00                                        49527  1000.00
04445    1000.00                                                                      14965                  1000.00                                                         38436  1000.00      44240  1000.00
                     10423                                 1000.00                    15                     MIL         21591  2000.00  27840  1000.00      33924  1000.00                                        49541  1000.00
04486    1000.00                                                                                                                                                             38542  1000.00      44262  1000.00
                     10476                                 1000.00                                                       21624  2000.00  27888  1000.00      33948  1000.00                                        49558  1000.00
04532    1000.00                                                                      15033                  1000.00                                                         38688  1000.00      44291  1000.00
                     10524                                 1000.00                                                       21939  1000.00  27981  1000.00      33993  1000.00                                        49622  1000.00
04533    1000.00                                                                      15040                  1000.00                                         34     MIL      38723  1000.00      44343  1000.00
                                                                                                                         22     MIL      28     MIL                                                                49674  1000.00
04648    1000.00     10618                                 1000.00                    15248                  1000.00                                         34003  1000.00  38837  1000.00      44436  1000.00
                                                                                                                         22128  1000.00  28012  1000.00                                                            49760  1000.00
04777    1000.00     10630                                 1000.00                    15287                  1000.00                                         34019  1000.00  38986  1000.00      44477  1000.00
                                                                                                                         22162  1000.00  28046  1000.00                      39     MIL                            49776  1000.00
04825    1000.00     10743                                 1000.00                    15319                  1000.00                                         34035  1000.00                      44557  1000.00
                                                                                                                         22375  1000.00  28087  1000.00                                                            49918  2000.00
04891    1000.00     10758                                 1000.00                    15331                  1000.00                                         34138  1000.00  39035  1000.00      44569  1000.00
                                                                                                                         22532  1000.00  28165  1000.00                                                            49927  1000.00
04894    1000.00     10813                                 1000.00                    15332                  1000.00                                         34306  1000.00  39067  1000.00      44658  1000.00    50     MIL
                                                                                                                         22640  1000.00  28200  1000.00                      39217  1000.00
04907    1000.00     1081714                               1M00IL0.00                 15467                  1000.00                                         34354  1000.00                      44785  1000.00    50103  1000.00
                                                                                                                         22759  1000.00  28274  1000.00                      39249  2000.00
04955    1000.00                                                                      15490                  1000.00                                         34480  1000.00                      44874  15,000.00  50123  1000.00
                                                                                                                         22934  1000.00  28284  1000.00                      39267  1000.00
0490853  1M00IL0.00  11027                                 1000.00                    15546                  1000.00                                         34546  1000.00                      44988  1000.00    50160  1000.00
                                                                                                                         22936  1000.00  28333  1000.00                      39408  1000.00      45     MIL
                     11170                                 1000.00                    15586                  1000.00                                         34650  1000.00                                        50207  1000.00
                                                                                      15784                  1000.00     22954  1000.00  28355  1000.00                      39440  1000.00
05002    2000.00     11200                                 1000.00                                                       23     MIL                          34685  1000.00                      45117  1000.00    50236  1000.00
                                                                                      15840                  1000.00                     28448  1000.00                      39455  1000.00
05073    1000.00     11468                                 1000.00                                                                                           34733  1000.00                      45130  1000.00    50259  1000.00
                                                                                      15845                  1000.00     23028  1000.00  28457  1000.00                      39459  1000.00
05136    1000.00     11681                                 1000.00                                                                                           34764  1000.00                      45284  1000.00    50268  1000.00
                                                                                      15916                  1000.00     23042  1000.00  28569  1000.00                      39473  1000.00
05235    1000.00     1171422                               1M00IL0.00                                                                                        34788  1000.00                      45429  1000.00    50480  1000.00
                                                                                      15996                  1000.00     23056  1000.00  28711  1000.00                      39609  1000.00
05241    1000.00                                                                                                                                             34947  1000.00                      45475  1000.00    50502  1000.00
                     12263                                 1000.00                    16                     MIL         23104  2000.00  28714  1000.00                      39811  1000.00
05309    1000.00                                                                                                                                             35     MIL                          45478  1000.00    50510  1000.00
                     12266                                 1000.00                    16058                  1000.00     23305  1000.00  28872  1000.00                      39850  1000.00
05665    1000.00                                                                                                                                             35003  1000.00                      45584  1000.00    50653  1000.00
                     12317                                 1000.00                    16208                  1000.00     23416  1000.00  28954  1000.00                      39868  1000.00
0580561  1M00IL0.00                                                                                                                                          35005  1000.00                      45629  1000.00    50704  1000.00
                     12368                                 1000.00                    16235                  1000.00     23577  1000.00  28986  1000.00                      39957  1000.00
                                                                                                                                         29     MIL          35038  1000.00                      45687  1000.00    50771  1000.00
                     12546                                 1000.00                    16237                  1000.00     23882  2000.00                                      40     MIL
06140    1000.00                                                                                                                                             35087  1000.00                      45704  1000.00    50789  1000.00
                     12653                                 1000.00                    16267                  1000.00     23887  1000.00  29029  1000.00                      40044  1000.00
06213    1000.00                                                                                                                                             35149  2000.00                      45716  1000.00    50813  1000.00
                     12721                                 2000.00                    16318                  1000.00     23931  2000.00  29083  1000.00                      40181  1000.00
06266    2000.00                                                                                                                         29276  1000.00      35172  1000.00                      45720  1000.00    50889  1000.00
                                                                                      16394                  1000.00     23969  1000.00                                      40335  1000.00

NOTA: LOS BILLETES TERMINADOS EN 3750 GANAN C$4,800.00, LOS TERMINADOS EN 750 GANAN C$2,400.00, LOS TERMINADOS EN 50 GANAN

C$1,200.00, LOS TERMINADOS EN 0 GANAN C$600.00. TODOS LOS NUMEROS DE LA PRESENTE LISTA Y QUE A LA VEZ TENGAN TERMINACIONES

DEL PREMIO MAYOR TIENEN DERECHO AL PREMIO Y A LA TERMINACION. SE EXCEPTUA AL PREMIO MAYOR EN TODAS LAS TERMINACIONES.

         ESTA LISTA ES GRATIS · VISITE WWW.LOTERIANACIONAL.COM.NI
