                                                          SORTEO            EXTRAORDINARIO                      Nº     1504

                                                                                                                                       MANAGUA

                                                          5,000,000Córdobas                                                            16 DE MARZO

                                                                                                                                                    2010

                                                                                                                                       CADUCIDAD

                                                                                                                                       24 DE JUNIO

                                                                                                                                                    2010

                                                                                                                                       LISTA OFICIAL

01     MIL            06     MIL      12983  1200.00      18670  1200.00    24     MIL          27411  1200.00  33411  1200.00  39383  1200.00      45287  1200.00
                                      13     MIL
01018  1200.00        06201  1200.00                      18899  1200.00    24090  1200.00      27450  1200.00  33568  1200.00  39487  1200.00      45371  1200.00

01213  1200.00        06214  1200.00                      18935  1200.00    24113  1200.00      27534  1200.00  33657  1200.00  39687  1200.00      45377  1200.00
                                                          19     MIL
01266  1200.00        06416  1200.00  13178TERCER PREMIO                    24241  1200.00      27540  1200.00  33734  1200.00  39808  2000.00      45634  1200.00

01349  1200.00        06524  1200.00                      19072  1200.00    24279  1200.00      27664  1200.00  33868  1200.00  39855  1200.00      45722  2000.00

01404  1200.00        06612  1200.00                      19143  2000.00    24444  1200.00      27673  1200.00  33956  1200.00  39902  1200.00      45964  1200.00

01480  1200.00        06728  1200.00                      19143  1200.00    24448  1200.00      27699  1200.00  33960  1200.00  39947  1200.00      46     MIL
                                                                                                                                40     MIL
01490  1200.00        06832  1200.00                      19215  1200.00    24463  1200.00      27762  1200.00  33987  1200.00                      46146  1200.00
                                                                                                                34     MIL
01535  1200.00        06863  1200.00                      19296  1200.00    24504  1200.00      27788  1200.00                  40049  1200.00      46204  1200.00

01653  1200.00        06867  1200.00  C$50,000.00         19383  1200.00    24525  2000.00      27921  1200.00  34203  1200.00  40056  1200.00      46221  1200.00

01772  1200.00        06905  1200.00                      19403  1200.00    24728  1200.00      27988  1200.00  34249  1200.00  40105  1200.00      46347  1200.00
                      07     MIL                                                                28     MIL
01932  1200.00                        MANAGUA             19457  1200.00    24731  1200.00                      34437  1200.00  40244  1200.00      46364  1200.00
02     MIL
                      07097  1200.00                      19485  1200.00    24912  1200.00      28067  1200.00  34479  2000.00  40283  1200.00      46417  1200.00

02147  1200.00        07159  1200.00                      19545  1200.00    24963  1200.00      28086  1200.00  34499  1200.00  40284  1200.00      46429  1200.00

02189  1200.00        07183  1200.00  13231  1200.00      19581  1200.00    24982  1200.00      28183  1200.00  34667  1200.00  40342  1200.00      46438  1200.00
                                                                            25     MIL
02357  1200.00        07277  1200.00  13303  1200.00      19713  1200.00                        28307  1200.00  34675  1200.00  40554  1200.00      46531  1200.00

02359  1200.00        07296  2000.00  13322  1200.00      19713  1200.00    25014  1200.00      28366  1200.00  34751  2000.00  40625  1200.00      46597  1200.00

02417  2000.00        07404  1200.00  13496  1200.00      19859  1200.00    25062  1200.00      28400  1200.00  34862  1200.00  40741  1200.00      46628  1200.00
                                                                                                                35     MIL
02464  1200.00        07431  1200.00  13531  1200.00      19863  1200.00    25075  1200.00      28512  1200.00                  40773  1200.00      46663  1200.00

02530  1200.00        07449  1200.00  13552  1200.00      19903  1200.00    25114  1200.00      28610  1200.00  35108  1200.00  40778  1200.00      46678  1200.00
                                                          20     MIL
02533  1200.00        07498  1200.00  13568  1200.00                        25213  1200.00      28715  1200.00  35120  1200.00  41     MIL          46824  1200.00

02558  1200.00        07624  2000.00  13658  1200.00      20001  1200.00    25214  1200.00      28764  1200.00  35127  2000.00  41120  1200.00      46826  1200.00

02568  1200.00        07624  1200.00  13682  1200.00      20047  1200.00    25245  1200.00      28827  1200.00  35170  1200.00  41120  1200.00      46907  1200.00

02650  1200.00        07928  2000.00  13949  1200.00      20075  1200.00    25287  1200.00      28845  1200.00  35257  1200.00  41164  1200.00      47     MIL
                                      14     MIL
02835  1200.00        07943  1200.00                      20083  1200.00    25303  1200.00      28879  1200.00  35299  1200.00  41274  1200.00
                      08     MIL                                                                                                                    47005  1200.00
02836  1200.00                        14102  1200.00      20248  1200.00    25343  1200.00      28905  1200.00  35325  2000.00  41561  1200.00
                                                                                                                                                    47060  1200.00
02844  1200.00        08533  1200.00  14154  1200.00      20275  1200.00    25346  1200.00      28907  1200.00  35351  1200.00  41576  1200.00

02857  2000.00        08602  1200.00  14422  1200.00      20369  1200.00    25404  2000.00      28988  1200.00  35415  2000.00  41749  1200.00      47138  1200.00

02862  1200.00        08642  1200.00  14423  1200.00      20379  1200.00    25405  1200.00      28991  1200.00  35528  1200.00                      47174  1200.00
                                                                                                29     MIL                      41793  1200.00
02889  1200.00        08648  1200.00  14452  1200.00      20612  2000.00    25480  2000.00                      35626  1200.00                      47201  2000.00
                                                                                                                                41836  1200.00
02933  1200.00        08669  1200.00  14835  1200.00      20659  1200.00    25498  1200.00      29311  1200.00  35819  1200.00                      47204  1200.00
03     MIL                                                                                                                      41854  1200.00
                      08690  1200.00  14886  1200.00      20678  1200.00    25506  1200.00      29406  1200.00  35956  1200.00  42     MIL          47219  1200.00
                                      15     MIL                                                                36     MIL
03093  1200.00        08723  1200.00                      20836  1200.00    25582  1000.00      29594  1200.00                                      47266  1200.00
                                                                                                                                42049  1200.00
03374  1200.00        08839  1200.00  15017  2000.00      20895  1200.00    25583  1000.00      29900  1200.00  36019  1200.00                      47270  1200.00
                                                          21     MIL
03420  1200.00        08896  1200.00  15059  1200.00                        25584  2000.00      29928  1200.00  36074  1200.00  42056  1200.00      47303  1200.00
                                                                                                30     MIL
03823  1200.00        08897  1200.00  15089  1200.00      21136  1200.00    PREMIO                                              42092  1200.00      47319  1200.00
                      09     MIL                                                                                SEGUNDO
03881  1200.00                        15125  1200.00      21138  1200.00    25585MAYOR          30047  1200.00                  42274CUARTO PREMIO  47324  1200.00
                                                                                                                36169PREMIO
03932  1200.00        09210  1200.00  15159  1200.00      21210  1200.00                        30092  1200.00                                      47384  1200.00

03941  1200.00        09368  1200.00  15185  1200.00      21306  1200.00                        30122  1200.00                                      47497  1200.00

03960  1200.00        09391  1200.00  15256  1200.00      21306  1200.00                        30187  1200.00                                      47627  1200.00
04     MIL
                      09452  1200.00  15679  1200.00      21364  1200.00                        30200  1200.00                                      47728  1200.00

04006  2000.00        09580  1200.00  15735  1200.00      21378  1200.00                        30430  1200.00                  C$25,000.00         47767  1200.00

04043  1200.00        09765  1200.00  15738  1200.00      21407  2000.00                        30465  1200.00                                      47825  1200.00

04199  1200.00        09779  1200.00  15868  1200.00      21438  1200.00                        30523  1200.00                  RIVAS               47846  1200.00

04251  1200.00        09973  2000.00                      21440  1200.00                        30548  1200.00  C$400,000.00                        47857  1200.00
                      10     MIL      15875TERCER PREMIO
04325  1200.00                                            21447  1200.00                        30559  1200.00                  42325  1200.00      47914  1200.00

04383  1200.00        10062  1200.00                      21450  1200.00    C$ 5,000,000.00     30725  1200.00  MATAGALPA       42382  1200.00      47936  1200.00

04446  1200.00        10153  1200.00                      21452  1200.00                        30733  1200.00                  42623  1200.00      47965  1200.00

04476  1200.00        10165  1200.00                      21459  1200.00                        30939  1200.00                  42829  1200.00
                                                                                                31     MIL                                          47974  1200.00
04514  3000.00        10352  1200.00                      21495  1200.00                                        36284  1200.00  42945  1200.00      48     MIL
                                                                            VENDIDO POR EL      31004  1200.00
04603  1200.00        10387  3000.00                      21720  1200.00                                        36384  1200.00  42997  1200.00
                                                                            CONCESIONARIO       31011  1200.00                                      48248  1200.00
04855  1200.00        10517  1200.00  C$50,000.00         21837  1200.00                                        36516  1200.00  43     MIL
                                                                            A-935 EDDY ABSALON  31088  1200.00                                      48272  1200.00
04869  1200.00        10597  1200.00                      21999  1200.00                                        36547  1200.00
                                      JINOTEGA                              MANZANAREZ          31228  1200.00                  43127  1200.00
04884  1200.00        10685  1200.00                      22     MIL                                            36580  1200.00                      48376  1200.00
05     MIL                                                                  MANAGUA             31267  1200.00                  43174  1200.00
                      10700  1200.00                      22064  1200.00                                        36740  1200.00                      48395  1200.00
                                      15973  1200.00                                            31321  1200.00                  43202  10,000.00
05020  1200.00        10700  1200.00                      22116  1200.00                                        36774  1200.00                      48417  1200.00
                                      16     MIL                                                31504  1200.00                  43264  1200.00
05029  1200.00        10728  1200.00                      22169  1200.00                                        36871  1200.00                      48491  1200.00
                                      16118  1200.00                                            31511  1200.00                  43329  1200.00
05030  1200.00        10759  1200.00                      22185  1200.00    25586  2000.00                      36986  1200.00                      48644  1200.00
                                      16125  1200.00                                            31511  1200.00  37     MIL      43532  1200.00
05055  1200.00        10875  1200.00                      22242  1200.00    25587  1000.00                                                          48753  1200.00
                                      16221  1200.00                                            31535  1200.00                  43749  3000.00
05057CUARTO PREMIO    10883  1200.00                      22277  1200.00    25588  1000.00                      37127  1200.00                      48810  1200.00
                      11     MIL      16224  1200.00                                            31554  1200.00                  43753  1200.00
                                                          22314  1200.00    25688  1200.00                      37203  1200.00                      48817  1200.00
                                      16274  1200.00                                            31610  1200.00                  43775  1200.00
                      11013  2000.00                      22326  1200.00    25691  1200.00                      37290  1200.00                      48850  1200.00
                                      16274  1200.00                                            31704  1200.00
                      11021  1200.00                      22356  1200.00    25732  1200.00                      37315  1200.00  43835  1200.00      49     MIL
                                      16612  2000.00                        26     MIL          31715  1200.00
                      11272  1200.00                      22359  1200.00                                        37468  1200.00  43869  1200.00      49083  1200.00
MC$A2T5A,G00A0L.0P0A                  16649  1200.00                        26007  1200.00      31939  2000.00
                      11292  1200.00                      22495  1200.00                                        37468  1200.00  43952  1200.00      49367  1200.00
                                      16745  1200.00                        26016  1200.00      31960  1200.00
                      11301  1200.00                      22698  1200.00                                        37698  1200.00  43967  1200.00      49372  1200.00
                                      16773  1200.00                        26173  1200.00      31975  1200.00                  44     MIL
                      11321  1200.00  17     MIL          22785  1200.00    26195               32     MIL      37824  1200.00                      49471  1200.00
                                                                                   1200.00
05155  1200.00        11447  1200.00  17096  1200.00      22819  1200.00    26226  3000.00      32325  1200.00  37860  1200.00  44055  1200.00      49584  1200.00

05189  1200.00        11652  1200.00  17346  1200.00      22834  2000.00    26303  1200.00      32340  1200.00  37927  1200.00  44067  1200.00      49596  1200.00

05210  1200.00        11662  1200.00                      22874  1200.00    26621  1200.00      32348  1200.00  37955  1200.00  44138  1200.00      49600  1200.00

05214  1200.00        11674  2000.00  17370QUINTO PREMIO  22880  1200.00    26768  1200.00      32372  1200.00  38     MIL      44149  1200.00      49655  1200.00

05275  1200.00        11686  1200.00                      23     MIL        26936  1200.00      32483  1200.00  38054  1200.00  44352  1200.00      49692  1200.00

05375  3000.00        11752  1200.00  C$20,000.00         23062  1200.00    26985  1200.00      32546  1200.00  38116  1200.00  44396  1200.00

05466  1200.00        11909  1200.00  MANAGUA             23094  2000.00    27     MIL                          38217  1200.00  44410  1200.00      49704  1200.00
                      12     MIL                                                                32652  1200.00
05481  1200.00                                            23218  1200.00                                        38257  1200.00  44417  1200.00      49744  1200.00
                      12008  1200.00  17412  1200.00                        27031  1200.00      32692  1200.00
05518  2000.00                                            23226  10,000.00  27066                               38305  1200.00  44478  1200.00      49831  2000.00
                      12056  1200.00  17488  1200.00                               1200.00      32764  1200.00
05576  2000.00                                            23256  1200.00    27068  2000.00                      38321  1200.00  44654  1200.00      49970  1200.00
                      12057  1200.00  17714  1200.00                                            32912  1200.00                                      50     MIL
05586  1200.00                                            23258  1200.00    27071  1200.00      32967           38415  1200.00  44678  1200.00
                      12235  1200.00  17727  1200.00                                                   1200.00                                      50039  1200.00
05732  1200.00                                            23284  1200.00    27082  1200.00      33     MIL      38459  1200.00  44726  1200.00
                      12241  1200.00  17762  1200.00                                                                                                50126  1200.00
05804  1200.00        12270  1200.00  17913  1200.00      23442  1200.00    27126  2000.00      33055  1200.00  38545  1200.00  44794  1200.00
                                                                                                                                                    50364  1200.00
05842  1200.00        12273  1200.00  17971  1200.00      23484  3000.00    27169  1200.00      33061  2000.00  38693  1200.00  44800  1200.00
                                                                                                                                                    50416  1200.00
05905  1200.00        12365  1200.00  17985  1200.00      23526  1200.00    27185  1200.00      33166  1200.00  38924  1200.00  44864  1200.00
                                                                                                                                                    50517  1200.00
05931  1200.00        12397  1200.00  18     MIL          23616  2000.00    27196  1200.00      33185  1200.00  38928  1200.00  44868  1200.00

05950  1200.00        12404  1200.00  18213  15,000.00    23671  1200.00    27273  1200.00      33306  1200.00  39     MIL      44933  1200.00      50525  1200.00

05966  1200.00        12554  1200.00  18285  1200.00      23824  1200.00    27325  1200.00      33308  1200.00  39043  1200.00  45     MIL          50626  1200.00

05985  1200.00        12559  1200.00  18523  1200.00      23863  1200.00    27326  1200.00      33342  1200.00  39268  1200.00  45001  1200.00      50748  1200.00

05993  3000.00        12790  1200.00  18563  1200.00      23987  1200.00    27334  1200.00      33350  1200.00  39372  1200.00  45010  1200.00      50801  1200.00

NOTA: LOS BILLETES TERMINADOS EN 5585 GANAN C$6,400.00, LOS TERMINADOS EN 585 GANAN C$3,200.00, LOS TERMINADOS EN 85 GANAN

C$1,600.00, LOS TERMINADOS EN 5 GANAN C$800.00. TODOS LOS NUMEROS DE LA PRESENTE LISTA Y QUE A LA VEZ TENGAN TERMINACIONES

DEL PREMIO MAYOR TIENEN DERECHO AL PREMIO Y A LA TERMINACION. SE EXCEPTUA AL PREMIO MAYOR EN TODAS LAS TERMINACIONES.

       ESTA LISTA ES GRATIS · VISITE WWW.LOTERIANACIONAL.COM.NI
