                                                        SORTEO                     ORDINARIO              Nº  1505

                                                                                                                                     MANAGUA

                                                        3,500,000Córdobas                                                            23 DE MARZO

                                                                                                                                                  2010

                                                                                                                                     CADUCIDAD

                                                                                                                                     01 DE JULIO

                                                                                                                                                  2010

                                                                                                                                     LISTA OFICIAL

01     MIL      06754  1000.00      11853  1000.00      17428  1000.00      21660  1000.00    27521  1000.00  33282  1000.00  39804  1000.00      45168  1000.00

01028  1000.00  06783  1000.00      11890  1000.00      17508  1000.00      21687  1000.00    27636  1000.00  33330  1000.00  39878  1000.00      45487  1000.00
                07     MIL                                                                                                    40     MIL
01112  1000.00                      11949QUINTO PREMIO  17573  1000.00      21781  1000.00    27655  1000.00  33416  1000.00                      45564  1000.00
                                                                            22     MIL
01136  1000.00  07039  1000.00                          17597  1000.00                        27695  1000.00  33476  2000.00  40031  1000.00      45641  1000.00

01548  1000.00  07155  1000.00                          17641  1000.00      22052  10,000.00  27825  1000.00  33493  1000.00  40079  1000.00      45680  1000.00

01741  1000.00  07371  1000.00                          17674  1000.00      22213  1000.00    27828  1000.00  33613  1000.00  40097  1000.00      45735  1000.00

01814  1000.00  07521  1000.00      C$20,000.00         17758  1000.00      22261  1000.00    27855  2000.00  33623  1000.00  40220  1000.00      45746  1000.00
                                                        18     MIL
01830  1000.00  07530  1000.00                                              22271  1000.00    27900  2000.00  33651  1000.00  40296  1000.00      46     MIL

01945  1000.00  07543  1000.00      MANAGUA             18044  1000.00      22314  1000.00    27975  1000.00  33686  2000.00  40324  2000.00      46073  1000.00
                                                                                              28     MIL
01997  1000.00  07595  2000.00                          18258  2000.00      22315  1000.00                    33778  1000.00  40325  1000.00      46077  3000.00
02     MIL
                07730  1000.00      11973  1000.00      18372CUARTO PREMIO  22611  1000.00    28053  1000.00  33805  1000.00  40477  1000.00      46236  1000.00
                                    12     MIL
02035  1000.00  07817  1000.00                                              22643  1000.00    28073  1000.00  33808  1000.00  40546  1000.00      46244  1000.00

02053  1000.00  07835  2000.00      12015  1000.00                          22645  1000.00    28149  1000.00  33875  1000.00  40576  1000.00
                                                                                                              34     MIL                          46295  1000.00
02056  1000.00  07852  1000.00      12040  1000.00                          22647  2000.00    28155  1000.00                  40670  1000.00
                                                                                                                                                  46327  1000.00
SEGUNDO         07939  1000.00      12297  1000.00                          22691  1000.00    28189  1000.00  34002  1000.00  40710  1000.00

02067PREMIO     07978  1000.00      12345  1000.00      C$25,000.00         22863  1000.00    28296  1000.00  34067  1000.00  40712  2000.00      46416  1000.00
                08     MIL
                                    12401  1000.00                          22887  1000.00    28313  1000.00  34329  1000.00  40736  2000.00      46496  1000.00
                                                                            23     MIL                                        41     MIL
                08024  2000.00      12413  1000.00      GRANADA                               28313  1000.00  34448  1000.00                      46585  1000.00

                08202  1000.00      12425  1000.00                          23033  1000.00    28335  1000.00  34473  1000.00  41212  1000.00      46901  1000.00

                08303  1000.00      12548  1000.00      18416  1000.00      23051  1000.00    28429  1000.00  34522  1000.00  41247  1000.00      46945  1000.00

                08325  1000.00      12593  1000.00      18453  2000.00      23284  1000.00    28470  1000.00  34557  1000.00  41311  2000.00      47     MIL

                08342  1000.00      12607  1000.00      18483  1000.00      23356  1000.00    28497  1000.00  34763  1000.00  41345  1000.00      47039  1000.00

C$300,000.00    08753  1000.00      12637  1000.00      18495  1000.00      23420  1000.00    28705  1000.00  34829  1000.00  41395  1000.00      47052  1000.00

                08780  3000.00      12842  1000.00      18641  1000.00      23582  1000.00    28757  1000.00  34993  1000.00  41441  1000.00      47083  2000.00
MASAYA                                                                                                        35     MIL
                08790  10,000.00    12853  1000.00      18699  1000.00      23616  1000.00    28816  1000.00                  41691  1000.00      47114  1000.00
                09     MIL
                                    12988  1000.00      18728  1000.00      23617  1000.00    28881  1000.00  35049  1000.00  41760  1000.00      47234  1000.00
                                    13     MIL
02070  1000.00  09014  1000.00                          18740  1000.00      23671  1000.00    28883  1000.00  35075  1000.00  41768  1000.00      47283  1000.00

02075  1000.00  09103  1000.00      13046  1000.00      18845  1000.00      23751  1000.00    28887  1000.00  35167  1000.00  41801  1000.00
                                                        19     MIL                            29     MIL                                          47395  1000.00
02197  1000.00  09255  1000.00      13233  1000.00                          23775  1000.00                    35241  1000.00  41832  1000.00
                                                                                                                                                  47557  1000.00
02277  1000.00  09292  1000.00      13254  1000.00      19091  1000.00      23836  1000.00    29056  1000.00  35326  2000.00  41837  1000.00
                                                                                                                                                  47612  1000.00
02328  1000.00  09389  1000.00      13270  1000.00      19158  1000.00      23888  1000.00    29202  1000.00  35369  1000.00  41930  1000.00

02417  1000.00  09390  1000.00      13366  1000.00      19181  1000.00      23922  1000.00    29246  1000.00  35555  1000.00  41935  1000.00      47643  1000.00
                                                                            24     MIL
02462  1000.00  09391  2000.00      13381  1000.00      19295  1000.00                        29378  1000.00  35599  1000.00  41956  1000.00      47728 15,000.00
                                                                                                                              42     MIL
02482  1000.00  PREMIO              13424  1000.00      19303  1000.00      24003  1000.00    29579  1000.00  35642  1000.00                      47739  1000.00

02610  1000.00  09392MAYOR          13526  1000.00      19318  1000.00      24047  1000.00    29684  1000.00  35688  1000.00                      47798  1000.00

02627  1000.00                      13586  1000.00      19446  1000.00      24063  1000.00    29729  1000.00  35693  1000.00  42048TERCER PREMIO  47821  1000.00

02815  1000.00                      13617  1000.00      19561  1000.00      24108  1000.00    29755  1000.00  35696  1000.00                      47985  1000.00

02876  1000.00                      13803  1000.00      19577  1000.00      24126  1000.00    29906  1000.00  35698  1000.00                      48     MIL
03     MIL
                                    13848  1000.00      19852  1000.00      24210  1000.00    29915  1000.00  35762  1000.00                      48003  1000.00
                                    14     MIL                                                                36     MIL
03008  1000.00                                          19946  1000.00      24448  1000.00    29994  1000.00                                      48012  1000.00
                                                        20     MIL                            30     MIL
03048  2000.00                      14037  1000.00                          24475  1000.00                    36229  1000.00                      48057  1000.00

03275  1000.00                      14062  1000.00      20042  1000.00      24616  1000.00    30009  1000.00  36292  1000.00  C$50,000.00         48119  1000.00

03312  1000.00                      14329  1000.00      20085  1000.00      24812  1000.00    30096  1000.00  36329  1000.00                      48146  1000.00

03502  1000.00                      14532  1000.00      20258  1000.00      24817  1000.00    30142  1000.00  36365  1000.00  BLUEFIELDS          48154  1000.00

03627  1000.00  C$ 3,500,000.00     14548  1000.00      20311CUARTO PREMIO  24906  1000.00    30243  1000.00  36441  1000.00
                                                                            25     MIL                                                            48240  1000.00
03715  1000.00                      14682  1000.00                                            30298  1000.00  36503  1000.00

03732  1000.00                      14763  1000.00                          25033  1000.00    30476  1000.00  36581  2000.00  42423  1000.00      48324  1000.00

03798  2000.00  VENDIDO POR LA      14784  1000.00                          25061  1000.00    30566  1000.00  36606  1000.00  42542  1000.00      48387  1000.00

03809  1000.00  CONCESIONARIA       14864  1000.00                          25113  1000.00    30681  1000.00  36735  1000.00  42563  1000.00      48416  1000.00

03821  1000.00  K-121 GLORIA        14941  1000.00      C$25,000.00         25124  1000.00    30772  1000.00  36816  1000.00  42580  1000.00      48431  1000.00
                                    15     MIL
03888  1000.00  GUTIERREZ GONZALEZ                                          25142  1000.00    30800  2000.00  36835  1000.00  42715  1000.00      48463  1000.00

03958  1000.00  JINOTEPE            15019  1000.00      MANAGUA             25162  2000.00    30800  1000.00  36844  1000.00  42743  1000.00      48503  1000.00

03975  1000.00                      15050  1000.00                          25181  2000.00    30833  1000.00  36986  1000.00  42810  1000.00      48510  1000.00
04     MIL                                                                                                    37     MIL
                                    15121  1000.00      20372  1000.00      25200  1000.00    30856  1000.00                  42816  1000.00      48632  1000.00
                                                                                              31     MIL
04265  1000.00  09393  2,000.00     15185  1000.00      20411  1000.00      25319  1000.00                    37004  1000.00  42836  1000.00      48695  1000.00

04270  1000.00  09394  1000.00      15450  1000.00      20480  1000.00      25388  1000.00    31075  1000.00  37082  1000.00  42856  1000.00      48823  1000.00
                                                                                                                              43     MIL
04284  1000.00  09395  1000.00      15574  1000.00      20482  1000.00      25466  2000.00    31124  1000.00  37083  1000.00                      48848  1000.00

04311  1000.00  09485  1000.00      15577  1000.00      20486  1000.00      25614  1000.00    31214  2000.00  37153  2000.00  43076  1000.00      48894  1000.00

04324  1000.00  09524  1000.00      15613  1000.00      20583  1000.00      25665  1000.00    31387  1000.00  37183  1000.00  43190  1000.00      48919  3000.00

04337  1000.00  09751  1000.00      15641  1000.00      20665  2000.00      25694  1000.00    31400  1000.00  37399  1000.00  43213  1000.00      49     MIL
                10     MIL
04363  1000.00                      15690  1000.00      20675  1000.00      25747  1000.00    31476  2000.00  37424  1000.00  43217  1000.00

04409  1000.00  10105  1000.00      15699  1000.00      20711  1000.00      25850  1000.00    31565  1000.00  37472  2000.00  43286  1000.00      49097  2000.00

04456  1000.00  10347  1000.00      15780  1000.00      20746  1000.00      25855  1000.00    31622  2000.00  37566  1000.00  43377  1000.00      49287  1000.00

04458  1000.00  10489  1000.00      15786  1000.00      20831  1000.00      25895  1000.00    31640  1000.00  37661  1000.00  43381  1000.00      49308  1000.00
                                                        21     MIL
04716  1000.00  10542  1000.00      15795  1000.00                          25974  2000.00    31813  1000.00  37711  1000.00  43579  1000.00      49320  1000.00
                                                                                              32     MIL
04879  1000.00  10549  1000.00      15826  1000.00      21017  1000.00      25980  1000.00                    37731  1000.00  43771  1000.00      49368  1000.00
                                                                            26     MIL
04980  1000.00  10550  2000.00      15875  1000.00      21029  1000.00                        32097  1000.00  37857  1000.00  43778  1000.00      49423  1000.00
05     MIL
                10590  1000.00      15905  1000.00      21086  1000.00      26086  1000.00    32097  1000.00  37892  1000.00                      49457  1000.00
                                                                                                                              43833  2000.00
05053  1000.00  10610  1000.00      15918  1000.00      21103  1000.00      26150  1000.00    32127  1000.00  37955  1000.00                      49462  1000.00
                                                                                                              38     MIL      43967  1000.00
05283  1000.00  10743  1000.00      15982  1000.00      21178  1000.00      26215  1000.00    32136  1000.00                  44     MIL          49488  1000.00
                                    16     MIL
05336  1000.00  10771  1000.00                          21276  1000.00      26233  1000.00    32146  1000.00  38313  1000.00                      49966  1000.00

05340  1000.00  10776  1000.00      16034  1000.00      21329  1000.00      26351  3000.00    32181  1000.00  38316  1000.00  44017  1000.00      49978  1000.00

05385  1000.00  10820  1000.00      16069  1000.00      21353TERCER PREMIO  26360  1000.00    32208  1000.00  38411  1000.00  44109  1000.00      50     MIL

05427  1000.00  10896  2000.00      16073  1000.00                          26455  1000.00    32225  2000.00  38677  1000.00  44202  1000.00      50037  1000.00

05667  1000.00  10976  1000.00      16111  1000.00                          26509  1000.00    32355  1000.00  38680  3000.00  44223  1000.00      50083  1000.00

05804  1000.00  10978  1000.00      16178  1000.00                          26621  1000.00    32402  1000.00  38708  1000.00  44337  1000.00
                11     MIL
05807  1000.00                      16239  1000.00                          26787  1000.00    32425  1000.00  38716  1000.00  44497  1000.00      50125  1000.00

05817  1000.00  11062  1000.00      16296  1000.00                          26898  1000.00    32476  1000.00  38898  1000.00  44536  1000.00      50151  1000.00
                                                                            27     MIL
05872  1000.00  11100  1000.00      16306  3000.00                                            32562  1000.00  38920  1000.00  44611  1000.00      50153  1000.00
                                                                                                              39     MIL
05921  1000.00  11277  1000.00      16469  1000.00      C$50,000.00         27029  1000.00    32660  1000.00                  44642  1000.00      50238  1000.00
06     MIL
                11283  1000.00      16630  1000.00                          27074  1000.00    32668  1000.00  39214  1000.00  44800  1000.00      50367  1000.00

06079  1000.00  11406  1000.00      16764  1000.00      MANAGUA             27124  1000.00    32816  1000.00  39218  1000.00  44940  1000.00      50419  1000.00
                                    17     MIL
06246  1000.00  11462  1000.00                                              27190  1000.00    32903  1000.00  39280  1000.00                      50655  1000.00
                                                                                              33     MIL                      44992  1000.00
06349  1000.00  11482  1000.00      17024  1000.00                          27241  1000.00                    39416  1000.00  45     MIL          50674  1000.00

06518  1000.00  11485  1000.00      17218  1000.00      21385  1000.00      27312  1000.00    33008  1000.00  39481  1000.00  45006  1000.00      50688  1000.00

06629  1000.00  11499  1000.00      17364  1000.00      21537  1000.00      27316  1000.00    33022  1000.00  39567  1000.00                      50775  1000.00

06687  1000.00  11629  1000.00      17383  1000.00      21562  1000.00      27321  3000.00    33064  1000.00  39648  1000.00  45084  1000.00      50850  1000.00

06735  1000.00  11809  1000.00      17412  1000.00      21606  1000.00      27365  1000.00    33165  1000.00  39678  1000.00  45160  1000.00

NOTA: LOS BILLETES TERMINADOS EN 9392 GANAN C$4,800.00, LOS TERMINADOS EN 392 GANAN C$2,400.00, LOS TERMINADOS EN 92 GANAN

C$1,200.00, LOS TERMINADOS EN 2 GANAN C$600.00. TODOS LOS NUMEROS DE LA PRESENTE LISTA Y QUE A LA VEZ TENGAN TERMINACIONES

DEL PREMIO MAYOR TIENEN DERECHO AL PREMIO Y A LA TERMINACION. SE EXCEPTUA AL PREMIO MAYOR EN TODAS LAS TERMINACIONES.

       ESTA LISTA ES GRATIS · VISITE WWW.LOTERIANACIONAL.COM.NI
