                                                          SORTEO          EXTRAORDINARIO                       Nº     1506

                                                                                                                                      MANAGUA

                                                          5,000,000Córdobas                                                           06 DE ABRIL

                                                                                                                                                   2010

                                                                                                                                      CADUCIDAD

                                                                                                                                      15 DE JULIO

                                                                                                                                                   2010

                                                                                                                                      LISTA OFICIAL

01     MIL          05548  1200.00      11156  1200.00    17633  1200.00  22173  1200.00                       33823  1200.00  39637  1200.00      44970  1200.00

01033  1200.00      05604  1200.00      11507  2000.00    17778  1200.00  22180  1200.00  C$ 5,000,000.00      33855  1200.00  39649  1200.00      45     MIL
                    06     MIL
01135  1200.00                          11576  1200.00    17875  1200.00  22296  1200.00                       33886  1200.00  39770  1200.00      45045  1200.00
                                        11593  1200.00                                                         33924  1200.00  39779  1200.00
01191  1200.00      06111CUARTO PREMIO  11654  1200.00    17902  1200.00  22335  1200.00                       33957  1200.00  39792  1200.00      45091  1200.00
01228  2000.00                                                            22350  2000.00
                                                          17981  1200.00                  VENDIDO POR EL       34     MIL                          45144  1200.00
01271  1200.00                          11668  1200.00    18     MIL      22482  1200.00                                       39880  1200.00
                                                                                          CONCESIONARIO                        40     MIL          45197  1200.00

01290  1200.00                          11705  1200.00    18025  1200.00  22497  1200.00  I-034 DENIS ALFONSO  34070  1200.00                      45199  1200.00

01315  1200.00                          11725  2000.00    18071  1200.00  22503  1200.00  PRAVIA               34184  1200.00  40138  1200.00

01630  1200.00      CM$A25N,0A0G0U.0A0  11909  1200.00    18148  1200.00  22505  1200.00  OCOTAL                               40204  1200.00      45264  1200.00

01683  1200.00                          12     MIL        18196  1200.00  22929  1200.00                       SEGUNDO         40220  1200.00      45299  1200.00

01812  1200.00                          12126  1200.00    18228  1200.00  22931  1200.00                       34383PREMIO     40439  1200.00      45369  1200.00
                                                                          22939  1200.00
01962  2000.00      06167  1200.00      12157  1200.00    18241  1200.00                  28534  2000.00                       40575  1200.00      45406  1200.00
02     MIL          06289  1200.00      12326  1200.00                    22940  1200.00                                       40634  1200.00
                                                          18286  1200.00                  28535  1000.00                                           45431  1200.00
02107  1200.00      06404  1200.00      12342  1200.00                    22986  1200.00                                       40660  1200.00
                                                          18323  1200.00  23     MIL      28536  1000.00                                           45443  1200.00
02116  1200.00      06509  1200.00      12385  1200.00    18438  1200.00                                                       40925  1200.00
                    06759  1200.00                                        23131  1200.00  28552  1200.00                       41     MIL          45489  1200.00
02153  1200.00                          12571  1200.00    18446  1200.00
                    06856  1200.00      12581  1200.00                    23324  1200.00  28665  1200.00                       41032  1200.00      45630  1200.00
02165  2000.00                                            18532  1200.00                  28669  1200.00
02167  1200.00      06976  1200.00      12706  1200.00                    23332  1200.00                                       41093  1200.00      45648  1200.00
                                                          18537  1200.00                  28732  1200.00
02272  1200.00      07     MIL          12734  1200.00    18674  1200.00  23346  1200.00                                       41116  1200.00      45760  1200.00
                                                                                          28838  1200.00
02347  1200.00      07011  1200.00      12760  1200.00    18688  1200.00  23349  1200.00  28906  1200.00       C$400,000.00    41121  1200.00      45787  1200.00

02506  1200.00      07020  1200.00      12860  1200.00    18750  1200.00  23485  1200.00  28979  1200.00                       41220  1200.00      45943  1200.00
                                                                          23828  1200.00                                                           46     MIL
02635  1200.00      07057  1200.00      12906  1200.00    18797  1200.00  23849  1200.00  29     MIL           LEON            41223  1200.00
                    07093  1200.00      13     MIL
02689  1200.00                                            18825  1200.00  23960  1200.00  29154  1200.00                       41253  1200.00      46153  1200.00
                    07128  1200.00      13331  1200.00                                                                         41258  3000.00
02701  1200.00      07139  1200.00                        18873  1200.00  23965  1200.00  29180  1200.00                                           46173  1200.00
02765  2000.00                          13343  10,000.00                                                       34430  1200.00  41381  1200.00
                    07201  1200.00      13359  1200.00    18892  1200.00  24     MIL      29194  1200.00       34447  1200.00                      46193  1200.00
02777  10,000.00                                          18997  1200.00                                                       41382  1200.00
                    07238  1200.00      13408  1200.00    19     MIL      24048  1200.00  29354  1200.00       34549  1200.00  41493  1200.00      46231  1200.00
02883  1200.00
02916  1200.00      07251  1200.00      13426  3000.00                    24109  1200.00  29694  1200.00       34847  1200.00  41660  1200.00      46317  2000.00
                                                          19072  1200.00                  29811  1200.00
02925  1200.00      07336  2000.00      13446  1200.00    19267  1200.00  24247  1200.00                       34908  1200.00  41728  1200.00      46352  1200.00
                                                                                          29858  1200.00
02937  1200.00      07381  1200.00      13485  1200.00    19279  1200.00  24375  1200.00  30     MIL           34999  1200.00  41836  1200.00      46424  1200.00
                                                                          24376  1200.00
02958  1200.00      07394  1200.00      13504  1200.00    19329  1200.00  24544  1200.00  30109  1200.00       35     MIL      41839  1200.00      46861  1200.00
                                                                                                                               42     MIL
03     MIL          07679  1200.00      13592  1200.00    19414  1200.00  24679  1200.00  30200  2000.00       35057  3000.00                      46873  1200.00
                    07691  1200.00
03028  1200.00      07717  1200.00      13763  1200.00    19415  1200.00  24804  1200.00  30255  1200.00       35106  1200.00  42093  1200.00      47     MIL

03071  1200.00      07806  1200.00      13781  1200.00    19478  1200.00  24953  1200.00  30325  1200.00       35133  1200.00  42219  1200.00      47015  1200.00
                                                                                                               35483  1200.00  42437  1200.00
03163  1200.00      07947  1200.00      13844  1200.00    19571  1200.00  25     MIL      30537  1200.00                                           47078  1200.00
                                        14     MIL                                                             35562  1200.00  42439  1200.00
03223  2000.00      07948  1200.00                        19649  1200.00  25026  1200.00  30555  1200.00                                           47180  1200.00
03373  1200.00                          14004  1200.00                                                         35600  1200.00  42448  1200.00
                    07955  1200.00      14162  1200.00    19725  1200.00  25032  1200.00  30712  1200.00       35824  1200.00  42495  1200.00      47197  1200.00
03396  1200.00                                            19735  2000.00
03543  1200.00      08     MIL          14261  1200.00                    25264  1200.00  30728  1200.00       35843  1200.00  42535  1200.00      47306  1200.00
                                                          19844  1200.00                  30842  1200.00
03567  1200.00      08015  1200.00      14279  1200.00    19865  3000.00  25285  1200.00                       36     MIL      42535  1200.00      47327  1200.00
                                                                          25369  1200.00  30921  1200.00
03574  1200.00      08214  1200.00      14587  1200.00    19872  1200.00                  31     MIL           36021  1200.00  42716  2000.00      47538  1200.00
                    08240  1200.00                                        25444  1200.00
03576  1200.00                          14633  1200.00    19964  1200.00  25531  1200.00  31002  1200.00       36038  1200.00  42750  1200.00      47570  1200.00
                    08285  1200.00
03644  1200.00      08290  1200.00      14644  1200.00    20     MIL      25540  1200.00  31015  1200.00       36144  2000.00  42756  1200.00      47645  1200.00

03666  1200.00      08327  1200.00      14646  1200.00    20080  1200.00  25777  1200.00  31271  1200.00       36417  1200.00  42870  1200.00      47657  1200.00
                                        14676  1200.00                                                         36455  1200.00
03673  1200.00      08383  1200.00      14705  15,000.00  20107  1200.00  25799  1200.00  31278  1200.00       36508  1200.00  42945  1200.00      47868  1200.00
                                                                                                                               42949  1200.00
03888  1200.00      08506  1200.00      14792  1200.00    20125  1200.00  25906  1200.00  31335  1200.00       36513  1200.00  42963  1200.00      47904  1200.00
03919  1200.00
03949  1200.00      08531  1200.00      14836  1200.00    20193  1200.00  25929  2000.00  31335  1200.00       36648  1200.00  43     MIL          47907  1200.00
                                                          20193  1200.00
03981  1200.00      08550  1200.00      14941  1200.00    20196  1200.00  26     MIL      31370  2000.00       36751  1200.00  43003  1200.00      48     MIL

04     MIL          08668  1200.00      14982  1200.00    20238  1200.00  26111  2000.00  31400  1200.00       36966  1200.00  43083  1200.00      48014  1200.00
                                                                          26313  1200.00
04064  1200.00      08710  1200.00      15     MIL        20325  1200.00  26335  1200.00  31445  1200.00       36993  1200.00  43095  1200.00      48153  1200.00
                                                                                          31485  1200.00
04088  2000.00      08873  1200.00      15009  1200.00    20391  1200.00  26345  1200.00  31529  1200.00       37     MIL                          48220  1200.00
                    08915  1200.00                                                                                             43282CUARTO PREMIO
04215  1200.00      08934  1200.00      15068  1200.00    20399  1200.00  26532  1200.00  31534  1200.00       37000  1200.00                      48267  1200.00

04347  1200.00      09     MIL          15146  1200.00    20420  1200.00  26580  1200.00  31565  2000.00       37015  1200.00                      48320  2000.00
                                        15194  1200.00
04373  1200.00      09168  1200.00      15344  1200.00    20458  1200.00  26641  2000.00  31622  1200.00       37223  1200.00                      48393  1200.00

04387  1200.00      09215  1200.00      15443  1200.00    20483  1200.00  26808  1200.00  31627  1200.00       37328  1200.00                      48416  1200.00

04411TERCER PREMIO  09306  1200.00      15458  1200.00    20501  1200.00  26920  1200.00  31687  1200.00       37384  1200.00                      48730  1200.00

                    09317  1200.00      15479  1200.00    20506  1200.00  26945  1200.00  31975  1200.00       37505  1200.00  C$25,000.00         48860  2000.00
                                                                          27     MIL
                    09387  1200.00      15503  1200.00    20584  1200.00                  32     MIL           37578  1200.00  JUIGALPA            49     MIL

                    09409  1200.00      15566  1200.00    20603  1200.00  27034  1200.00  32008  1200.00       37582  1200.00                      49155  1200.00

                    09455  1200.00      15620  1200.00    20686  1200.00  27164  2000.00  32026  1200.00       37944  1200.00  43365  1200.00      49160  1200.00

                    09474  1200.00      15623  1200.00    20812  1200.00  27164  1200.00  32067  1200.00       37977  1200.00  43371  1200.00      49168  1200.00

                    09602  1200.00                        20822  1200.00  27388  1200.00  32124  1200.00       37993  1200.00
                                        15635  1200.00                                                         38     MIL      43587  1200.00      49170  1200.00
C$50,000.00         09644  1200.00                        20868  1200.00  27557  1200.00  32194  1200.00
                                        15698  1200.00                    27739  1200.00                       38031  1200.00  43598  1200.00      49190  1200.00
                    09664  1200.00                        20872  1200.00                  32394  1200.00                       43659  1200.00
                                        15865  1200.00    20880  1200.00  27750  1200.00                       38036  1200.00                      49343  1200.00
                    09855  1200.00      15869  1200.00                                    32432  1200.00                       43733  1200.00
PUERTO                                                    20907  1200.00  27805  1200.00  32579  1200.00       38036  1200.00                      49611  1200.00
                    09868  3000.00      15891  1200.00                    27853  1200.00                                       43837  1200.00
CABEZAS             09878  1200.00                        20967  1200.00                  32594  1200.00       38067  1200.00                      49680  1200.00
                                        15926  1200.00    21     MIL      27872  1200.00                                       44     MIL
                    09888  1200.00      16     MIL                                        32753  1200.00       38100  1200.00                      49788  1200.00
                                                                          27885  1200.00                                       44232  1200.00
                    09998  1200.00      16095  1200.00    21111  1200.00  28     MIL      32835  2000.00       38121  1200.00  44247  1200.00      50     MIL
04451  1200.00
04717  1200.00      10     MIL          16369  1200.00    21133  2000.00                  32836  1200.00       38145  1200.00  44294  1200.00      50043  1200.00
                                                          21143  1200.00  28141  2000.00
04723  1200.00      10012  1200.00      16373  1200.00                    28300  1200.00  32962  1200.00       38238  1200.00                      50133  1200.00
                                                          21210  1200.00                                                       44810  1200.00
04813  1200.00      10128  1200.00      16499  1200.00                    28368  1200.00  32979  1200.00       38296  1200.00                      50281  2000.00
                                                          21354  1200.00
04831  1200.00      10155  1200.00      16577  1200.00    21354  1200.00  28384  2000.00  32995  1200.00       38416  1200.00                      50298  2000.00
                                                                                          33     MIL
04887  1200.00      10209  1200.00      16602  1200.00    21359  1200.00  28530  1000.00                       38486  1200.00  44821TERCER PREMIO  50377  1200.00

04898  1200.00      10612  2000.00      16801  1200.00    21378  1200.00  28531  1000.00  33009  1200.00       38515  1200.00                      50388  1200.00

04911  1200.00      10782  1200.00      16943  1200.00    21415  1200.00  28532  2000.00  33138  1200.00       38689  1200.00

04944  2000.00      10787  1200.00      17     MIL                                        33272  1200.00       38816  1200.00                      50405  1200.00
                                                          21441  1200.00  28533PREMIO                          39     MIL
05     MIL          10866  1200.00      17078  1200.00                                    33294  1200.00                                           50422  2000.00
                    10965  1200.00                        21547  1200.00  MAYOR                                39053  1200.00
05003  1200.00                          17101  1200.00    21556  1200.00                  33296  1200.00                                           50466  1200.00
                    10968  2000.00                                                        33306  1200.00       39079  1200.00
05178  1200.00                          17145  1200.00    21584  1200.00                                                       C$50,000.00         50527  1200.00
                    10976  1200.00                                                        33353  1200.00       39100  1200.00
05196  1200.00      11     MIL          17184  1200.00    21627  1200.00                                                                           50640  1200.00
                                                                                          33365  1200.00       39274  1200.00
05249  3000.00                          17238  1200.00    21767  1200.00                                                       MANAGUA             50718  1200.00
                    11134  2000.00                                                        33445  1200.00       39274  1200.00
05251  1200.00                          17309  1200.00    21828  1200.00                                                                           50748  1200.00
                    11147QUINTO PREMIO                                                    33449  1200.00       39384  1200.00
05363  1200.00                          17346  1200.00    22     MIL                                                           44836  1200.00      50800  1200.00
                                                                                          33591  1200.00       39518  2000.00
05364  1200.00                          17382  3000.00    22059  1200.00                                                                           50888  1200.00
                    CM$2A0S,0A00Y.A00   17419  1200.00                                    33649  1200.00       39554  1200.00  44899  1200.00
05479  1200.00                                            22090  1200.00                                                                           50898  1200.00
                                                                                          33776  1200.00       39570  1200.00  44943  1200.00

NOTA: LOS BILLETES TERMINADOS EN 8533 GANAN C$6,400.00, LOS TERMINADOS EN 533 GANAN C$3,200.00, LOS TERMINADOS EN 33 GANAN

C$1,600.00, LOS TERMINADOS EN 3 GANAN C$800.00. TODOS LOS NUMEROS DE LA PRESENTE LISTA Y QUE A LA VEZ TENGAN TERMINACIONES

DEL PREMIO MAYOR TIENEN DERECHO AL PREMIO Y A LA TERMINACION. SE EXCEPTUA AL PREMIO MAYOR EN TODAS LAS TERMINACIONES.

       ESTA LISTA ES GRATIS · VISITE WWW.LOTERIANACIONAL.COM.NI
