                                                      SORTEO                 ORDINARIO                Nº  1507

                                                                                                                                     MANAGUA

                                                      3,500,000Córdobas                                                              13 DE ABRIL

                                                                                                                                                  2010

                                                                                                                                     CADUCIDAD

                                                                                                                                     22 DE JULIO

                                                                                                                                                  2010

                                                                                                                                     LISTA OFICIAL

01     MIL        SEGUNDO             10689  1000.00  17759  1000.00  23271  1000.00      28356  1000.00  33887  2000.00      40264  1000.00      46391  1000.00

01016  1000.00    06180PREMIO         10757  1000.00  17777  1000.00  23347  1000.00      28370  1000.00  33888  1000.00      40752  1000.00      46424  1000.00

01224  1000.00                        10963  1000.00  17870  1000.00  23393  1000.00      28413  3000.00  33962  1000.00      40777  1000.00      46504  1000.00
                                      11     MIL                                                          34     MIL
01263  1000.00                                        17876  1000.00  23460  1000.00      28456  1000.00                      40844CUARTO PREMIO  46515  1000.00
                                                      18     MIL
01274  1000.00                        11050  1000.00                  23533  1000.00      28487  1000.00  34178  2000.00                          46547  2000.00

01477  1000.00                        11137  1000.00  18091  1000.00  23540  1000.00      28625  1000.00  34199  1000.00                          46943  3000.00

01616  2000.00                        11144  1000.00  18348  1000.00  23676  1000.00      28637  1000.00  34323  1000.00                          46951  1000.00

01646  1000.00    C$300,000.00        11384  1000.00  18401  1000.00  23798  1000.00      28653  1000.00  34338  1000.00                          47     MIL

01657  1000.00                        11432  1000.00  18436  1000.00  23838  1000.00      28811  1000.00  34513  1000.00                          47467  1000.00
                                                                                          29     MIL
01666  1000.00    CHINANDEGA          11517  1000.00  18451  1000.00  23916  1000.00                      34562  1000.00      C$25,000.00         47613  1000.00

01778  1000.00                        11569  1000.00  18459  1000.00  23942  1000.00      29043  1000.00  34605  1000.00      MANAGUA             47713  1000.00
                                                                      24     MIL
01795  1000.00    06266  1000.00      11605  1000.00  18616  1000.00                      29279  1000.00  34650  1000.00                          47769  1000.00

01836  2000.00    06457  1000.00      11648  1000.00  18745  1000.00  24064  1000.00      29446  2000.00  34733  1000.00                          47873  1000.00

01910  1000.00    06627  1000.00      11838  1000.00  18792  1000.00  24123  1000.00      29480  1000.00  34925  1000.00      40915  1000.00      47936  1000.00

01964  1000.00    06721  1000.00      11874  1000.00  18841  1000.00  24149  1000.00      29506  1000.00  34926  1000.00      40963  1000.00      47971  1000.00
                                      12     MIL                                                          35     MIL
02     MIL        06761  1000.00                      18921  1000.00  24331  1000.00      29518  2000.00                      40985  1000.00      48     MIL
                                                                                                                              41     MIL
02031  1000.00    06790  1000.00      12047  1000.00  18951  1000.00  24345  3000.00      29554  1000.00  35127  1000.00                          48024  1000.00
                                                      19     MIL
02097  1000.00    06817  1000.00      12075  1000.00                  24346  1000.00      29571  1000.00  35141  1000.00      41007  1000.00      48112  1000.00

02120  1000.00    06870  1000.00      12103  1000.00  19026  1000.00  24396  1000.00      29572  1000.00  35167  1000.00      41039  1000.00      48189  2000.00

02171  1000.00    07     MIL          12227  1000.00  19047  1000.00  24455  1000.00      29654  2000.00  35411  1000.00      41076  1000.00      48256  2000.00

02237  1000.00    07011  1000.00      12332  1000.00  19301  1000.00  24476  1000.00      29924  1000.00  35605  1000.00      41081  1000.00      48329  1000.00

02305  1000.00    07082  1000.00      12488  1000.00  19324  1000.00  24497  1000.00      29936  1000.00  35613  1000.00      41282  2000.00      48371  1000.00

02311  1000.00    07100  1000.00      12660  1000.00  19426  1000.00  24515TERCER PREMIO  29962  1000.00  35653  1000.00      41408  1000.00      48453  1000.00

                  07177  1000.00      12726  1000.00  19500  1000.00                      29967  1000.00  35700  1000.00      41494  1000.00      48471  1000.00
                                                                                          30     MIL
02451  2000.00    07280  1000.00      12768  1000.00  19600  1000.00                                      35819  1000.00      41518  1000.00
                                                                                                          36     MIL                              48484  1000.00
02466  1000.00    07283  1000.00      12782  1000.00  19760  1000.00                      30004  1000.00                      41530  1000.00
                                                      20     MIL                                                                                  48600  1000.00
02512  1000.00    07286  1000.00      12942  1000.00                                      30027  1000.00  36060  1000.00      41570  1000.00
                                                                                                                                                  48732  1000.00
02578  1000.00    07385  1000.00      12945  1000.00  20014  1000.00                      30121  1000.00  36070  1000.00      41586  1000.00
                                      13     MIL                                                                                                  48789  1000.00
02709  1000.00    07477  1000.00                      20077  1000.00                      30411  2000.00  36223  1000.00      41599  1000.00
                                                                                                                                                  48992  1000.00
02752  1000.00    07500CUARTO PREMIO  13141  1000.00  20117  1000.00  C$50,000.00         30490  1000.00  36298  1000.00      41616  1000.00      49     MIL

02796  1000.00                        13156  1000.00  20218  1000.00                      30662  2000.00                      41640  1000.00

02796  1000.00                        13193  1000.00  20298  1000.00  OCOTAL              30839  1000.00  36411TERCER PREMIO  41643  1000.00      49038  1000.00

02893  1000.00                        13215  1000.00  20361  1000.00                      30910  1000.00                      41718  1000.00      49120  1000.00

02894  1000.00    C$25,000.00         13228  1000.00  20417  1000.00                      30923  1000.00                      41784  1000.00      49167  1000.00
                                                                                                                              42     MIL
02973  1000.00    MANAGUA             13252  1000.00  20428  1000.00  24548  1000.00      30987  1000.00                                          49252  1000.00
                                                                                          31     MIL
03     MIL                            13385  1000.00  20548  1000.00  24622  1000.00                                          42056  2000.00      49284  1000.00

03000  1000.00    07506  1000.00      13421  1000.00  20604  1000.00  24754  1000.00      31064  2000.00                      42133  1000.00      49350  1000.00

03097  1000.00    07611  1000.00      13650  1000.00  20706  1000.00  24788  1000.00      31067  1000.00  C$50,000.00         42377  1000.00      49478  1000.00

03113  1000.00    07735  1000.00      13745  1000.00  20737  1000.00  24892  1000.00      31095  1000.00                      42530  1000.00      49570  1000.00
                                                                      25     MIL
03176  1000.00    07836  1000.00      13792  1000.00  20867  1000.00                      31167  1000.00                      42608  1000.00      49578  1000.00
                                      14     MIL
03204  1000.00    07870  1000.00                      20873  1000.00  25099  1000.00      31171  1000.00  GRANADA             42695  1000.00      49657  1000.00

03233  2000.00    07897  1000.00      14195  2000.00  20879  1000.00  25173  3000.00      31269  1000.00                      42762  1000.00      49661  1000.00

03334  1000.00    07982  1000.00      14340  1000.00  20910  1000.00  25180  1000.00      31311  1000.00                      42787  1000.00      49747  1000.00

03382  1000.00    08     MIL          14572  1000.00  20959  1000.00  25247  1000.00      31403  1000.00  36430  1000.00      42984  2000.00      49805  1000.00

03392  1000.00    08158  1000.00      14757  1000.00  20969  1000.00  25285  1000.00      31413  1000.00  36513  1000.00      43     MIL          49806  1000.00
                                                      21     MIL
03486  1000.00    08233  1000.00      14788  1000.00                  25323  1000.00      31549  1000.00  36598  1000.00      43047  1000.00      49807  1000.00

                  08248  1000.00      14887  1000.00  21105  1000.00  25456  1000.00      31617  1000.00  36668  1000.00      43063  1000.00      49807  2,000.00
03589  10,000.00                      15     MIL
                  08315  1000.00                      21122  1000.00  25485  1000.00      31668  1000.00  36683  1000.00      43064  1000.00
                                                                                                                                                  PREMIO
03611  1000.00    08431  1000.00      15141  1000.00  21398  1000.00  25565  1000.00      31713  1000.00  36707  1000.00      43272  1000.00      49808MAYOR

03793  1000.00    08469  1000.00      15202  1000.00  21503  1000.00  25635  1000.00      31726  1000.00  36844  15,000.00    43397  1000.00

03843  1000.00    08539  1000.00      15260  1000.00  21621  2000.00  25711  1000.00      31788  2000.00  36977  2000.00      43401  1000.00

03888  1000.00    08563  1000.00      15299  1000.00  21743  1000.00  25841  1000.00      31833  1000.00  36986  1000.00      43448  1000.00
                                                                                                          37     MIL
03955  1000.00    08767  1000.00      15325  1000.00  21789  1000.00  25851  1000.00      31839  1000.00                      43484  1000.00

03982  2000.00    08777  1000.00      15397  2000.00  21800  1000.00  25857  1000.00      31844  1000.00  37048  1000.00      43541  1000.00

04     MIL        08847  1000.00      15407  3000.00  21829  1000.00  25933  1000.00      31850  1000.00  37139  1000.00      43642  1000.00

04110  1000.00    08930  1000.00      15529  1000.00  21874  1000.00  25983  1000.00      31948  1000.00  37158  1000.00      43874  2000.00
                                                                      26     MIL
04188  2000.00    08943  1000.00      15741  1000.00  21876  1000.00                      31965  1000.00  37297  1000.00      43947  1000.00

04202  1000.00    08967  1000.00      15867  1000.00  21908  1000.00  26023  1000.00      31994  1000.00  37320  1000.00      43994  1000.00      C$ 3,500,000.00
                                                                                          32     MIL
04245  1000.00    09     MIL          15874  1000.00  21913  1000.00  26044  1000.00                      37389  1000.00      44     MIL

04373  1000.00    09004  1000.00      15973  2000.00  21999  1000.00  26068  3000.00      32258  1000.00  37610  1000.00
                                      16     MIL      22     MIL                                                              44213  1000.00
04478  1000.00    09104  1000.00                                      26117  1000.00      32272  1000.00  37774  1000.00                          NO FUE VENDIDO.
                                                                                                                              44295  1000.00
04731  1000.00    09130  10,000.00    16043  1000.00  22019  1000.00  26122  1000.00      32316  1000.00  37960  1000.00                          POR ACUMULACION EL
                                                                                                                                                  SORTEO 1508 DEL 20 DE
                  09215  1000.00      16075  1000.00  22045  1000.00  26276  1000.00      32347  1000.00  38     MIL          44433  1000.00      ABRIL 2010 TENDRA UN
04817  1000.00
05     MIL        09539  1000.00      16099  1000.00  22080  1000.00  26378  3000.00      32348  1000.00  38096  1000.00      44539  1000.00      PREMIO MAYOR DE
                                                                                                                                                  C$ 5,250,000.00 POR
                                      16127  1000.00  22116  1000.00  26457  1000.00      32360  1000.00  38212  1000.00      44615  1000.00      EL PRECIO DE C$300
05061  1000.00    09742  1000.00                                                                                                                        EL BILLETE.
                                      16152  2000.00  22208  1000.00  26625  1000.00      32431  1000.00  38252  1000.00      44676  1000.00
05118  1000.00    09797  2000.00                                                                                              45     MIL          JINOTEPE
                                      16171  1000.00  22213  1000.00  26722  2000.00      32477  1000.00  38337  1000.00
05177  1000.00    09964  1000.00
                                      16213  1000.00  22392  1000.00  26846  1000.00      32510  1000.00  38352  1000.00      45016  1000.00
05178  1000.00    09965  1000.00
                                      16267  1000.00  22427  1000.00  26918  1000.00      32536  1000.00  38382  1000.00      45060  1000.00      49809  2,000.00
                  09974  1000.00                                      27     MIL
05184  1000.00    10     MIL          16317  1000.00  22489  1000.00                      32572  1000.00  38502  1000.00      45078  1000.00      49810  1000.00

05208  1000.00    10058  1000.00      16394  1000.00  22523  1000.00  27028  1000.00      32613  1000.00  38594  1000.00      45216  1000.00      49811  1000.00

05220  1000.00    10096  1000.00      16428  1000.00  22527  1000.00  27085  1000.00      32670  1000.00  38616  1000.00      45320  1000.00      49821  1000.00

05228  1000.00    10244  1000.00      16471  1000.00  22624  1000.00  27128  1000.00      32913  1000.00  38693  1000.00      45387  1000.00      49850  1000.00

05381  1000.00                        16476  1000.00  22637  1000.00  27323  1000.00      32926  1000.00  38702  1000.00      45456  1000.00      49855  1000.00
                  QUINTO PREMIO                                                           33     MIL
05393  1000.00    10345               16512  1000.00  22677  1000.00  27394  1000.00                      38828  1000.00      45547  1000.00      49857  1000.00

05395  1000.00                        16541  2000.00  22741  1000.00  27458  1000.00      33027  1000.00  38934  1000.00      45580  1000.00      50     MIL
                                                                                                          39     MIL
05547  1000.00                        16625  1000.00  22768  1000.00  27662  1000.00      33213  1000.00                      45586  1000.00      50043  1000.00

05567  1000.00    C$20,000.00         16643  1000.00  22771  1000.00  27675  1000.00      33224  1000.00  39159  1000.00      45594  2000.00      50219  1000.00

05604  1000.00                        16846  1000.00  22780  1000.00  27844  1000.00      33321  1000.00  39253  1000.00      45734  1000.00      50342  1000.00

05746  1000.00    MANAGUA             16877  1000.00  22814  1000.00  27945  1000.00      33324  1000.00  39285  1000.00      45868  1000.00      50363  1000.00

05854  1000.00                        16963  1000.00  22918  1000.00  27947  1000.00      33393  1000.00  39755  1000.00      46     MIL          50386  1000.00
                                                      23     MIL
05909  1000.00    10372  1000.00      16976  1000.00                  27948  1000.00      33408  1000.00  39807  1000.00      46002  1000.00      50413  1000.00
                                      17     MIL                      28     MIL
05914  1000.00    10385  2000.00                      23039  1000.00                      33483  1000.00  39828  1000.00                          50449  1000.00
                                                                                                                              46064  1000.00
05981  1000.00                        17172  1000.00  23072  2000.00  28109  1000.00      33546  1000.00  39954  1000.00                          50499  1000.00
                  10494  1000.00                                                                          40     MIL          46275  1000.00
06     MIL                            17185  1000.00  23077  1000.00  28156  1000.00      33686  1000.00                                          50625  1000.00
                  10529  1000.00                                                                                              46315  1000.00
06068  1000.00                        17211  1000.00  23116  1000.00  28172  1000.00      33709  1000.00  40192  2000.00                          50740  1000.00
                  10547  1000.00                                                                                              46350  1000.00
06082  1000.00                        17409  1000.00  23126  1000.00  28178  1000.00      33789  1000.00  40245  1000.00                          50895  1000.00
                  10605  1000.00                                                                                              46378  1000.00
                                      17619  1000.00  23266  1000.00  28261  1000.00      33827  1000.00  40257  1000.00

NOTA: LOS BILLETES TERMINADOS EN 9808 GANAN C$4,800.00, LOS TERMINADOS EN 808 GANAN C$2,400.00, LOS TERMINADOS EN 08 GANAN

C$1,200.00, LOS TERMINADOS EN 8 GANAN C$600.00. TODOS LOS NUMEROS DE LA PRESENTE LISTA Y QUE A LA VEZ TENGAN TERMINACIONES

DEL PREMIO MAYOR TIENEN DERECHO AL PREMIO Y A LA TERMINACION. SE EXCEPTUA AL PREMIO MAYOR EN TODAS LAS TERMINACIONES.

NOTA: POR ACUMULACION EL SORTEO No. 1508 A VERIFICARSE EL 20 DE ABRIL DEL 2010 TENDRA UN

    PREMIO MAYOR DE C$ 5,250,000.00 POR EL PRECIO DE C$ 300.00 EL BILLETE Y C$ 15.00 EL VIGESIMO
