                                                  SORTEO                  ORDINARIO                         Nº  1508

                                                                                                                                      MANAGUA

                                                  5,250,000Córdobas                                                                   20 DE ABRIL

                                                                                                                                                 2010

                                                                                                                                      CADUCIDAD

                                                                                                                                      29 DE JULIO

                                                                                                                                                 2010

                                                                                                                                      LISTA OFICIAL

01     MIL      07444  1000.00    13671  2000.00  19623  1000.00   PREMIO               30426  1000.00      35211   1000.00    41     MIL        46149  1000.00

01021  1000.00  07647  1000.00    13857  1000.00  19636  1000.00   26613MAYOR           30432  1000.00      35227   1000.00    41116  1000.00    46213  1000.00
                07844  1000.00    13891  1000.00
01109  1000.00  07875  1000.00    13894  1000.00  19684  1000.00                        30459  1000.00      35303   1000.00    41128  1000.00    46268  1000.00
                                                                                        30525  1000.00
01128  3000.00  07926  1000.00    13982  1000.00  19772  1000.00                        30531  1000.00      35343   1000.00    41160  2000.00    46342  1000.00
01228  1000.00
                07949  1000.00    14     MIL      19846  1000.00                                            35390   1000.00    41420  1000.00    46362  1000.00
01289  1000.00                                    20     MIL
01519  1000.00  07972  1000.00    14015  1000.00                                        30653TERCER PREMIO  35465   1000.00    41422  1000.00    46424  1000.00
                                                  20073  1000.00
01569  1000.00  07989  1000.00    14036  1000.00  20101  1000.00                                            35604   1000.00    41445  1000.00    46435  1000.00

01636  1000.00  08     MIL        14272  1000.00  20325  1000.00                                            35611   1000.00    41554  1000.00    46463  1000.00

01656  3000.00  08096  1000.00    14279  1000.00  20448  1000.00                                            35613   1000.00    41559  1000.00    46514  1000.00

01698  1000.00  08099  1000.00    14312  1000.00  20536  1000.00                                            35665   1000.00    41561  2000.00    46662  1000.00

01838  1000.00  08168  1000.00    14367  1000.00  20731  1000.00   C$ 5,250,000.00                          35680   10,000.00  41602  1000.00    46688  1000.00

01905  1000.00  08419  1000.00    14403  1000.00  20884  1000.00                        C$50,000.00         35772   1000.00    41673  1000.00    46747  1000.00

01919  1000.00  08445  1000.00    14417  1000.00  20886  1000.00                        MANAGUA             35798   1000.00    41737  1000.00    46783  1000.00

02     MIL      08582  1000.00    14474  1000.00  20940  1000.00   VENDIDO POR EL                           35805   1000.00    41757  1000.00    46798  1000.00

02111  2000.00  08627  1000.00    14752  1000.00  21     MIL       CONCESIONARIO C-415  30889  1000.00      35805   1000.00    41768  1000.00    46823  1000.00

02120  1000.00  08724  1000.00    14787  2000.00  21185  1000.00   DANIEL URRUTIA       31     MIL          35839   1000.00    41917  1000.00    46838TERCER PREMIO
                                  15     MIL                                                                                   42     MIL
02127  2000.00  08738  1000.00                    21249  1000.00   CASTILLO             31063  1000.00      35862   1000.00

02147  1000.00  08775  1000.00    15027  1000.00  21274  1000.00   CHINANDEGA           31263  1000.00      35869   1000.00    42109  1000.00
                                                                                                                36  MIL
02230  1000.00  08825  1000.00    15084  1000.00  21407  1000.00                        31368  1000.00                         42244  1000.00
                08934  3000.00    15153  2000.00
02347  1000.00  08942  1000.00    15302  1000.00  21430  1000.00                        31372  1000.00      36117   1000.00    42294  1000.00
02475  1000.00
02528  1000.00  08984  1000.00    15582  1000.00  21433  1000.00   26614  2,000.00      31446  1000.00      36273   1000.00    42512  1000.00
                                                                   26615  1000.00
02558  1000.00  09     MIL        15693  1000.00  21697  1000.00   26616  1000.00       31486  1000.00      36305   1000.00    42560  10,000.00

02560  1000.00  09082  1000.00    15705  1000.00  21944  1000.00   26646  1000.00       31525  1000.00      36403   1000.00    42614  1000.00    C$50,000.00
                                                  22     MIL
02698  1000.00  09390  1000.00    15724  1000.00                   26653  1000.00       31568  1000.00      36753   1000.00    42931  1000.00    MANAGUA

02727  1000.00  09415  1000.00    15863  1000.00  22081  1000.00   26684  1000.00       31659  1000.00      36796   1000.00    42955  1000.00
                                                                                                                               43     MIL
02803  1000.00  09451  1000.00    15880  2000.00  22098  1000.00   26709  1000.00       31694  1000.00      36815   1000.00
                                                  22237  1000.00
02897  1000.00  09468  1000.00    15882  2000.00                   26788  1000.00       31768  1000.00      36853   1000.00    43017  1000.00    46899  1000.00
                                                  22380  1000.00                                                37  MIL
02953  1000.00  09518  1000.00    15894  1000.00                   27     MIL           31773  1000.00                         43060  1000.00    46968  3000.00
                                                  22604  1000.00                                                                                 47     MIL
02957  1000.00  09551  1000.00    16     MIL                       27200  1000.00       31865  1000.00      37068   1000.00    43102  1000.00
                                                  22678  1000.00
02958  1000.00  09750  1000.00    16110  1000.00  22763  3000.00   27205  1000.00       31869  1000.00      37143   1000.00    43138  1000.00    47125  1000.00

02993  1000.00  09814  1000.00    16270  1000.00  22834  1000.00   27208  1000.00       31898  1000.00      37352   1000.00    43286  1000.00    47179  1000.00

03     MIL      09816  1000.00    16395  2000.00  22835  1000.00   27214  1000.00       31967  1000.00      37408   1000.00    43324  1000.00    47237  1000.00

03020  1000.00  09846  1000.00    16454  1000.00  23     MIL       27309  1000.00       31992  1000.00      37453   1000.00    43475  1000.00    47343  1000.00

03120  1000.00  09944  1000.00    16482  1000.00  23043  1000.00   27357  1000.00       32     MIL          37567   1000.00    43476  2000.00    47382  1000.00
                10     MIL
03515  1000.00                    16701  1000.00  23113  1000.00   27376  1000.00       32020  1000.00      37577   1000.00    43506  1000.00    47455  1000.00

03873  1000.00  10014  1000.00    16709  1000.00  23245  1000.00   27439  1000.00       32048  1000.00      37610   1000.00    43550  1000.00    47472  1000.00
                10092  1000.00    16710  1000.00
03909  1000.00                                    23510  1000.00   27535  1000.00       32150  1000.00      37638   1000.00    QUINTO PREMIO     47496  1000.00
04     MIL      10108  2000.00    16839  1000.00
                                                  23575  1000.00   27535  1000.00       32176  2000.00      37665   1000.00    43676             47503  1000.00
04124  1000.00  10161  1000.00    16846  1000.00
                10200  1000.00    17     MIL      23595  1000.00   27575  1000.00       32229  1000.00      37766   1000.00                      47529CUARTO PREMIO
04156  1000.00
04211  1000.00  10456  1000.00    17017  1000.00  23676  1000.00   27595  1000.00       32261  1000.00      37856   1000.00

04239  1000.00  10457  1000.00    17053  2000.00  23700  1000.00   27706  1000.00       32276  1000.00      37882   1000.00
                                                                   27745  1000.00
04265  1000.00  10562  1000.00    17096  1000.00  23762  1000.00                        32577  1000.00      37921   2000.00    C$20,000.00
                                                                   27784  1000.00                               38  MIL
04325  1000.00  10660  1000.00    17098  1000.00  24     MIL                            32685  1000.00                         MATAGALPA
                                                                   27837  1000.00
04411  1000.00  10839  1000.00    17167  1000.00  24227  1000.00   27993  1000.00       32747  1000.00      38368   1000.00                      C$25,000.00

04459  1000.00  11     MIL        17284  1000.00  24254  1000.00   28     MIL           32767  1000.00      38433   1000.00                      GRANADA

04552  1000.00  11048  1000.00    17285  1000.00  24332  1000.00   28101  1000.00       32986  1000.00      38470   1000.00    43773  1000.00

04592  1000.00  11082  15,000.00  17379  1000.00  24396  1000.00   28113  2000.00       33     MIL          38526   1000.00    43828  2000.00
                                                  24412  1000.00
04631  1000.00  11227  1000.00    17432  1000.00  24427  1000.00   28242  1000.00       33141  1000.00      38815   1000.00    43856  1000.00    47788  1000.00

04660  1000.00  11321  1000.00    17455  1000.00                   28284  1000.00       33148  1000.00      38874   1000.00    43861  1000.00    47796  1000.00
                                                  24459  1000.00                                                39  MIL
04850  1000.00  11323  1000.00    17571  1000.00                   28377  1000.00       33211  1000.00                         43965  1000.00    47825  1000.00
05     MIL                                        24475  1000.00                                                               44     MIL        48     MIL
                11559  1000.00    17892  1000.00  24744  1000.00   28454  1000.00       33224  1000.00      39001   1000.00
                                  18     MIL
05043  1000.00  11564  1000.00                    24788  1000.00   28500  1000.00       33276  2000.00      39051   1000.00    44080  2000.00    48104  1000.00

05053  1000.00  11607  1000.00    18018  1000.00  24849  1000.00   28511  1000.00       33293  1000.00      39132   1000.00    44108  1000.00    48179  1000.00
                11659  1000.00    18061  1000.00
05132  1000.00  11718  1000.00    18070  1000.00  25     MIL       28672  1000.00       33297  1000.00      39133   1000.00    44150  1000.00    48414  1000.00
05199  1000.00
05314  1000.00  12     MIL        18071  1000.00  25010  1000.00   28688  1000.00       33316  1000.00      39223   1000.00    44151  1000.00    48427  1000.00

05342  1000.00  12159  1000.00    18177  1000.00  25026  1000.00   28703  1000.00       33380  1000.00      39259   1000.00    44554  1000.00    48506  1000.00

05364  1000.00  12202  1000.00    18252  1000.00  25082  1000.00   28736  1000.00       33445  1000.00      39270   1000.00    44590  1000.00    48509  1000.00

05458  1000.00  12256  1000.00    18312  1000.00  25167  1000.00   28954  1000.00       33515  1000.00      39348   1000.00    44688  1000.00    48581  1000.00

05548  1000.00  12408  1000.00    18318  1000.00  25272  1000.00   28955  1000.00       33646  1000.00      39404   1000.00    44698  1000.00    48589  1000.00

05550  1000.00  12460  1000.00    18582  1000.00  25343  1000.00   28960  2000.00       33712  1000.00      39431   1000.00    44806  1000.00    48638  1000.00
                                                                   29     MIL                                                  45     MIL
05649  2000.00  12477  1000.00    18592  1000.00  25396  1000.00                        33737  1000.00      39444   1000.00                      48777  1000.00

05661  1000.00  12477  1000.00    18664  1000.00  25426  1000.00   29215CUARTO PREMIO   33745  1000.00      39452   1000.00    45012  1000.00    48943  1000.00

05687  2000.00  12563  1000.00    18705  1000.00  25536  1000.00                        33972  1000.00      39485   3000.00    45015  1000.00    49     MIL

05693  1000.00  12596  2000.00    18775  1000.00  25614  1000.00                        34     MIL          39581   1000.00    45026  1000.00    49018  1000.00

05747  1000.00  12615  2000.00    18865  1000.00  25664  1000.00                        34003  2000.00      39643   1000.00    45029  1000.00    49401  1000.00

05964  1000.00  12840  1000.00    18984  1000.00  25677  1000.00   C$25,000.00          34083  1000.00      39701   1000.00    45083  1000.00    49479  1000.00
                                                                                                                40  MIL
06     MIL      12859  1000.00    19     MIL      25708  1000.00                        34116  1000.00                         45133  1000.00    49485  1000.00
                                                                   MATAGALPA
06473  1000.00  12861  1000.00    19030  1000.00  25729  1000.00                        34166  1000.00      40026   1000.00    45169  1000.00    49685  1000.00
                                                  25740  1000.00
06515  1000.00  12889  1000.00    19039  1000.00  25780  1000.00   29227  1000.00       34195  1000.00      40092   1000.00    45185  1000.00    49721  1000.00

06584  2000.00  12940  1000.00    19050  1000.00  25781  1000.00   29333  1000.00       34252  1000.00      40095   2000.00    45189  1000.00    49760  1000.00
                12946  1000.00    19375  1000.00
06664  1000.00  13     MIL        19432  1000.00  26     MIL       29338  1000.00       34330  1000.00      40302   1000.00    45230  1000.00    49824  1000.00
06725  1000.00
06741  1000.00  13004  1000.00    19486  1000.00  26070  1000.00   29356  1000.00       34360  1000.00      40402   1000.00    45251  1000.00    49921  1000.00

06791  1000.00  13028  1000.00    19528  1000.00  26090  1000.00   29420  1000.00       34457  1000.00      40410   1000.00    45281  1000.00    49947  1000.00

06814  1000.00  13082  1000.00    19537  1000.00  26093  1000.00   29490  1000.00       34565  1000.00      40432   2000.00    45377  1000.00    50     MIL

06816  2000.00  13235  1000.00    SEGUNDO         26138  1000.00   29557  2000.00       34638  1000.00      40633   1000.00    45450  1000.00    50392  1000.00

06844  1000.00  13282  2000.00    19541PREMIO     26238  1000.00   29731  1000.00       34671  1000.00      40649   1000.00    45535  1000.00    50535  1000.00

06894  3000.00  13301  1000.00                    26272  1000.00   29731  1000.00       34909  1000.00      40664   1000.00    45613  1000.00    50592  1000.00

06947  1000.00  13310  1000.00                    26336  1000.00   29828  1000.00       34956  1000.00      40685   1000.00    45650  1000.00    50680  1000.00

07     MIL      13351  1000.00                    26343  1000.00   30     MIL           35     MIL          40692   1000.00    45716  1000.00    50749  1000.00

07249  1000.00  13434  1000.00                    26354  2000.00   30138  1000.00       35098  1000.00      40707   1000.00    45784  1000.00    50842  1000.00

07299  1000.00  13444  1000.00                    26466  1000.00   30220  1000.00       35099  1000.00      40712   1000.00    45865  1000.00    50885  1000.00
                                                                                                                               46     MIL
07301  1000.00  13456  1000.00    C$300,000.00    26610  1000.00   30327  2000.00       35172  1000.00      40780   1000.00
                                                                                                                                                 50975  1000.00
07321  2000.00  13563  1000.00    MANAGUA         26611  1000.00   30356  1000.00       35202  1000.00      40955   1000.00    46016  1000.00
                                                                                                                                                 50998  1000.00
07440  1000.00  13564  2000.00                    26612  2,000.00  30374  1000.00       35203  1000.00      40976   1000.00    46055  1000.00

NOTA: LOS BILLETES TERMINADOS EN 6613 GANAN C$4,800.00, LOS TERMINADOS EN 613 GANAN C$2,400.00, LOS TERMINADOS EN 13 GANAN

C$1,200.00, LOS TERMINADOS EN 3 GANAN C$600.00. TODOS LOS NUMEROS DE LA PRESENTE LISTA Y QUE A LA VEZ TENGAN TERMINACIONES

DEL PREMIO MAYOR TIENEN DERECHO AL PREMIO Y A LA TERMINACION. SE EXCEPTUA AL PREMIO MAYOR EN TODAS LAS TERMINACIONES.

       ESTA LISTA ES GRATIS · VISITE WWW.LOTERIANACIONAL.COM.NI
