                                                      SORTEO                      ORDINARIO                Nº  1509

                                                                                                                                        MANAGUA

                                                      3,500,000Córdobas                                                                 27 DE ABRIL

                                                                                                                                                   2010

                                                                                                                                        CADUCIDAD

                                                                                                                                        05 DE AGOSTO

                                                                                                                                                   2010

                                                                                                                                        LISTA OFICIAL

01     MIL        08449  1000.00      14564  1000.00  21325  1000.00       24814  1000.00      30175  1000.00  35270  3000.00    40701  1000.00    46     MIL

01237  1000.00    08467  1000.00      14621  1000.00  21327  1000.00       24846  1000.00      30243  1000.00  35305  1000.00    40715  1000.00    46036  1000.00
                  08514  1000.00                                           25     MIL
01263  1000.00                        14730  1000.00  21337  1000.00                           30360  1000.00  35439  1000.00    40721  1000.00    46058  1000.00
                  08585  1000.00
01306  1000.00                        14770  1000.00  21366  1000.00       25014  1000.00      30438  1000.00  35450  1000.00    40812  1000.00    46093  2000.00
                  08801  1000.00                                                                                                 41     MIL
01373  1000.00                        14785  1000.00  21391  1000.00       25033  1000.00      30450  1000.00  35482  1000.00                      46106  1000.00
                  08837  1000.00
01377  1000.00    08922  1000.00      14903  1000.00  21392  1000.00       25035  1000.00      30488  1000.00  35572  1000.00    41006  1000.00    46143  1000.00
01538  1000.00
01573  1000.00    08951  1000.00      14909  1000.00  21393  2,000.00      25037  1000.00      30518  1000.00  35724  1000.00    41113  10,000.00  46172  1000.00

                                      14980  1000.00  PREMIO               25069  1000.00      30596  1000.00  35879  1000.00    41349  2000.00    46326  1000.00
01608  1000.00    08953  1000.00                                                                               36     MIL
                                      14985  1000.00                       25128  1000.00      30645  1000.00                    41436  1000.00    46361  1000.00
01651  1000.00    08957  1000.00      15     MIL      MAYOR
                                                      21394                25362  1000.00      30686  1000.00  36006  1000.00    41487  1000.00    46431  1000.00
01768  2000.00    08972  1000.00
                  09     MIL          15085  1000.00                       25365  1000.00      30814  1000.00  36038  2000.00    41516  1000.00    46439  1000.00
01811  1000.00
01866  1000.00    09210  1000.00      15205  2000.00                       25445  1000.00      30829  1000.00  36046  1000.00    41536  1000.00    46497  2000.00

                                      15462  1000.00                       25503  1000.00      30858  1000.00  36093  1000.00    41538  1000.00    46626  1000.00
01880  1000.00    09228  1000.00                                                               31     MIL
                                      15520  1000.00                       25582  1000.00                      36143  1000.00    41539  1000.00    46635  1000.00
01979  1000.00    09375  1000.00
                                      15589  1000.00                       25672  1000.00      31049  1000.00  36198  1000.00    41920  1000.00    46758  1000.00
01990  1000.00    09444  1000.00                                                                                                                   47     MIL
02     MIL                            15610  1000.00                       25866  1000.00      31124  1000.00  36265  1000.00    41937  1000.00
                  09452  1000.00
                  09472  1000.00      15651  1000.00                       TERCER PREMIO       31166  1000.00  36356  1000.00    41971  1000.00    47144  1000.00
02130  1000.00                                                             25899
                                      15793  2000.00                                           31217  1000.00  36489  1000.00    41974  1000.00    TERCER PREMIO
02161  2000.00    09514  1000.00      16     MIL                                                                                 42     MIL        47240
                                                                                               31329  1000.00  36562  1000.00
02205  1000.00    09527  1000.00
                  09566  1000.00      16151  2000.00  C$3,500,000.00                           31337  1000.00  36637  1000.00    42039  1000.00
02243  1000.00
02569  1000.00    09722  2000.00      16178  3000.00                                           31340  1000.00  36668  1000.00    42208  1000.00

02581  1000.00    09825  1000.00      16288  1000.00                                           31374  1000.00  36800  1000.00    42244  1000.00

02777  1000.00    10     MIL          16342  1000.00  VENDIDO POR LA                           31458  1000.00  36908  1000.00    42277  1000.00

02927  1000.00    10224  1000.00      16380  1000.00  CONCESIONARIA D-852  C$50,000.00         31465  1000.00  36925  1000.00    42286  1000.00

02996  1000.00    10247  1000.00      16380  1000.00  MARIA FIDELINA       JUIGALPA            31495  1000.00  36941  1000.00    42326  1000.00    C$50,000.00

03     MIL        10256  1000.00      16435  2000.00  CASTRO LOPEZ                             31496  1000.00  SEGUNDO           42361  1000.00

03075  1000.00    10302  1000.00      16562  1000.00  MANAGUA                                  31535  1000.00  PREMIO            42479  1000.00    RIVAS

03164  1000.00    10335  2000.00      16671  1000.00                       25963  1000.00      31580  1000.00  36994             42712  1000.00
                                                                           26     MIL
03234  1000.00    10347  1000.00      16746  1000.00                                           31581  1000.00                    42828  1000.00
                                                                                                                                 43     MIL
03544  1000.00    10414  1000.00      16806  1000.00  21395  2,000.00      26085  1000.00      31665  2000.00                                      47270  1000.00

03909  1000.00    10459  1000.00      16876  1000.00  21396  1000.00       26433  1000.00      31718  1000.00                    43193  1000.00    47276  1000.00

03979  2000.00    10461  1000.00      16900  1000.00  21397  1000.00       26438  1000.00      31725  1000.00                    43234  1000.00    47282  1000.00

04     MIL        10738  1000.00      16907  1000.00  21510  1000.00       26442  1000.00      31923  1000.00  C$300,000.00      43320  1000.00    47311  1000.00

04001  1000.00    10810  1000.00      16949  1000.00  21586  1000.00       26483  1000.00      31928  1000.00                    43360  1000.00    47325  2000.00
                                      17     MIL
04079  1000.00    11     MIL                          21699  1000.00       26575  1000.00      31939  1000.00  MANAGUA           43444  1000.00    47413  1000.00
                                                                                               32     MIL
04165  1000.00    11322  1000.00      17054  1000.00  21706  1000.00       26679  1000.00                      37     MIL        43558  1000.00    47644  1000.00

04186  1000.00    11480  3000.00      17353  1000.00  21750  1000.00       26892  1000.00      32053  1000.00                    43634  1000.00    47662  1000.00

04443  1000.00    11629  1000.00      17401  1000.00  21755  1000.00       26946  1000.00      32136  1000.00  37030  1000.00    43699  2000.00    47668  1000.00
                                                                           27     MIL
04445  1000.00    11635  1000.00      17476  1000.00  21907  1000.00                           32137  1000.00  37037  1000.00    43832  1000.00    47708  1000.00
                                                      22     MIL
04447  1000.00    11806  1000.00      17492  1000.00                       27053  1000.00      32238  1000.00  37060  1000.00    43838  1000.00    47709  1000.00

04488  1000.00    11816  1000.00      17655  1000.00  22075  1000.00       27337  1000.00      32308  1000.00  37091  1000.00    43847  1000.00    47786  1000.00

04706  1000.00    11898  1000.00      17709  1000.00  22112  1000.00       27344  1000.00      32482  1000.00  37258  1000.00    43860  1000.00    47814  1000.00

04814  1000.00    11943  1000.00      17773  1000.00  22208  1000.00       27362  1000.00      32484  1000.00  37299  1000.00    43861  1000.00    47925  1000.00

04935  15,000.00  12     MIL          17884  1000.00  22258  1000.00       27386  1000.00      32564  2000.00  37354  1000.00    43865  1000.00    47937  1000.00

04959  1000.00    12038  1000.00      17938  1000.00  22277  1000.00       27433  1000.00      32577  1000.00  37378  1000.00    43889  1000.00    47986  1000.00
                                                                                                                                                   48     MIL
05     MIL        12235  2000.00      17944  1000.00  22313  1000.00       27442  1000.00      32623  1000.00  37580  1000.00    43962  1000.00
                                      18     MIL
05048  1000.00    12263  1000.00                      22535  1000.00       27455  1000.00      32637  2000.00  37615  1000.00    43988  1000.00    48004  1000.00
                                                                                                                                 44
05168  1000.00    12340  1000.00      18074  1000.00  22651  1000.00       27466  3000.00      32782  1000.00  37719  1000.00           MIL        48098  1000.00

05239  1000.00    12345  1000.00      18185  1000.00  22693  1000.00       27501  1000.00      32793  1000.00  37788  1000.00    44068  1000.00    48126  1000.00

05326  1000.00    12408  1000.00      18251  1000.00  22760  1000.00       27599  1000.00      32974  1000.00  37853  1000.00    44143  1000.00    48139  1000.00
                                                                                               33     MIL
05353  1000.00    12409  2000.00      18403  1000.00  22835  1000.00       27635  1000.00                      37973  1000.00    44148  1000.00    48392  1000.00
                                                      23     MIL                                               38     MIL
05369  1000.00    12409  1000.00      18476  1000.00                       27813  1000.00      33002  1000.00                    44200  1000.00    48423  1000.00

05382  1000.00    12558  1000.00      18723  1000.00  23045  1000.00       27886  1000.00      33129  1000.00  38025  1000.00    44207  1000.00    48503  1000.00

05553  1000.00    12572  1000.00      18796  1000.00  23075  1000.00       27988  1000.00      33171  1000.00  38032  1000.00    44225  1000.00    48511  1000.00
                                                                           28     MIL
05562  1000.00    12652  1000.00      18856  1000.00  23143  1000.00                           33271  1000.00  38068  2000.00    44402  1000.00    48553  1000.00

05596  1000.00    12681  1000.00      18950  1000.00  23217  1000.00       28007  1000.00      33303  1000.00  38136  1000.00    44416  1000.00    48569  1000.00

05767  1000.00    12936  1000.00      18952  1000.00  23241  1000.00       28012  1000.00      33359  1000.00  38161  1000.00    44491  1000.00    48622  1000.00

06     MIL        12979  1000.00      18954  2000.00  23334  1000.00       28046  1000.00      33438  1000.00  38196  1000.00    44497  1000.00    48778  1000.00
                                      19     MIL
06276  1000.00    13     MIL                          23479  1000.00       28152  1000.00      33476  1000.00  38237  1000.00    44609  1000.00    48979  1000.00

06294  1000.00    13009  1000.00      19048  1000.00  23735  1000.00       28169  2000.00      33576  1000.00  38263  1000.00    44681  2000.00    49     MIL

06297  1000.00    13112  1000.00      19174  1000.00  23746  1000.00       28216  1000.00      33787  1000.00  38276  1000.00    44712  1000.00    49072  1000.00

06407  1000.00    13158  1000.00      19185  1000.00  23823  1000.00       28402  2000.00      33799  1000.00  38353  1000.00    44753  1000.00    49104  1000.00

06466  1000.00    13328  1000.00      19288  1000.00  23878  1000.00       28531  1000.00      33948  1000.00  38448  1000.00    44781  1000.00    49145  1000.00
                                                                                               34     MIL
06588  1000.00    13372  1000.00      19429  1000.00  23926  1000.00       28670  1000.00                      38789  1000.00    CUARTO PREMIO     49163  1000.00

06617  2000.00    13478  1000.00      19471  1000.00  23968  1000.00       28840  2000.00      34018  1000.00  38923  1000.00    44892             49251  1000.00
                                                      24     MIL
06644  1000.00    13495  1000.00      19478  1000.00                       28842  1000.00      34144  1000.00  38933  10,000.00                    49354  1000.00
                                                                                                               39     MIL
06924  1000.00    13650  1000.00      19510  1000.00  24030  1000.00       28913  1000.00      34156  1000.00                                      49405  1000.00

07     MIL        13707  1000.00      19582  1000.00  24056  1000.00       28987  1000.00      34388  1000.00  39322  1000.00                      49469  1000.00

07081  1000.00    13790  1000.00      19861  1000.00  24175  1000.00       29     MIL          34395  1000.00  39391  1000.00                      49484  1000.00

07100  1000.00    13906  1000.00      19950  1000.00  24184  1000.00       29085  1000.00      34445  1000.00  39423  1000.00    C$25,000.00       49533  1000.00

07126  1000.00    13988  1000.00      19997  1000.00  24269  1000.00       29247  1000.00      34487  1000.00  39695  1000.00                      49607  1000.00
                                      20     MIL                                                                                 MANAGUA
07222  1000.00    14     MIL                          24281  1000.00       29303  1000.00      34549  1000.00  39778  1000.00                      49814  1000.00
                                      20161  1000.00
07233  1000.00    14006  1000.00                      24330  1000.00       29330  1000.00      34568  1000.00  39802  1000.00                      49996  1000.00
                                      20292  1000.00
07349  1000.00    14274  2000.00                      24398  1000.00       29398  1000.00      34578  1000.00  39876  1000.00    44982  1000.00    50     MIL
                                      20302  1000.00                                                                             45     MIL
07402  1000.00    14323  1000.00                      QUINTO PREMIO        29429  1000.00      34658  1000.00  39957  1000.00                      50046  1000.00
                                      20325  1000.00
07475  1000.00    14399  1000.00                      24465                29449  1000.00      34743  1000.00  39983  2000.00    45076  1000.00    50077  1000.00
                                      20520  1000.00                                                           40     MIL
07525  1000.00    14411  1000.00                                           29467  1000.00      34771  1000.00                    45123  1000.00    50080  3000.00
                                      20534  1000.00                                                           40000  1000.00
07543  1000.00    14530  1000.00                                           29486  1000.00      34776  1000.00                    45146  3000.00    50127  1000.00
                                      20579  1000.00                                                           40167  1000.00
07663  1000.00    CUARTO PREMIO                                            29733  1000.00      34780  1000.00                    45168  1000.00    50162  1000.00
07739  1000.00    14538               20638  1000.00                                                           40207  1000.00
                                                      C$20,000.00          29812  1000.00      34948  1000.00                    45169  2000.00    50194  1000.00
07811  2000.00                        20828  1000.00                                                           40215  1000.00
                                                      JUIGALPA             29958  2000.00      34963  1000.00                    45324  1000.00    50195  1000.00
07892  1000.00                        20851  1000.00                                           35     MIL      40441  1000.00
08     MIL                                                                 29985  1000.00                                        45336  1000.00    50299  1000.00
                                      20866  1000.00                       30     MIL          35010  1000.00  40450  1000.00
                                                                                                                                 45547  1000.00    50514  1000.00
08138  1000.00                        20956  3000.00  24483  1000.00       30002  1000.00      35074  1000.00  40499  1000.00
08236  1000.00    C$25,000.00         21     MIL                                                                                 45687  1000.00    50571  2000.00
                                                      24586  1000.00       30073  2000.00      35140  1000.00  40597  1000.00
08360  2000.00    JINOTEPE                                                                                                       45772  1000.00    50579  1000.00
                                      21112  1000.00  24588  1000.00       30114  1000.00      35197  1000.00  40655  1000.00
08384  1000.00                                                                                                                   45935  1000.00    50582  1000.00
                                      21145  1000.00  24630  1000.00       30144  1000.00      35254  1000.00  40686  1000.00
                                                                                                                                 45991  1000.00    50849  1000.00

NOTA: LOS BILLETES TERMINADOS EN 1394 GANAN C$4,800.00, LOS TERMINADOS EN 394 GANAN C$2,400.00, LOS TERMINADOS EN 94 GANAN

C$1,200.00, LOS TERMINADOS EN 4 GANAN C$600.00. TODOS LOS NUMEROS DE LA PRESENTE LISTA Y QUE A LA VEZ TENGAN TERMINACIONES

DEL PREMIO MAYOR TIENEN DERECHO AL PREMIO Y A LA TERMINACION. SE EXCEPTUA AL PREMIO MAYOR EN TODAS LAS TERMINACIONES.

       ESTA LISTA ES GRATIS · VISITE WWW.LOTERIANACIONAL.COM.NI
