                                                      SORTEO                 ORDINARIO                Nº  1510

                                                                                                                                 MANAGUA

                                                      3,500,000Córdobas                                                          04 DE MAYO

                                                                                                                                              2010

                                                                                                                                 CADUCIDAD

                                                                                                                                 12 DE AGOSTO

                                                                                                                                              2010

                                                                                                                                 LISTA OFICIAL

01     MIL        07716  1000.00  13765  1000.00      18318  1000.00  25613  1000.00    31992  1000.00    37880  1000.00  41790  2000.00      47505  1000.00
                                                                                        32     MIL
01210  1000.00    07789  1000.00  13814  1000.00      18364  1000.00  25671  1000.00                      37885  1000.00  41923  1000.00      47516  1000.00

01405  1000.00    07810  1000.00  13863  1000.00      18452  1000.00  25753  1000.00    32200  1000.00    37928  2000.00  CUARTO PREMIO       47540  1000.00

01421  2000.00    07824  1000.00  13900  1000.00      18479  2000.00  25831  1000.00    32381  1000.00    37954  1000.00  41989               47766  1000.00
                  08     MIL
01425  1000.00                    13992  1000.00      18705  1000.00  25948  1000.00    32385  1000.00    37957  1000.00                      47797  1000.00
                                  14     MIL                                                              38     MIL
01429  1000.00    08068  1000.00                      18751  1000.00  25975  1000.00    32526  1000.00                                        47846  1000.00
                                                                      26     MIL
01446  1000.00    08169  1000.00  14050  1000.00      18807  1000.00                    32557  1000.00    38016  1000.00                      47899  1000.00

01578  1000.00    08438  1000.00  14077  1000.00      18953  1000.00  26168  1000.00    32586  1000.00    38059  1000.00  C$25,000.00         47961  1000.00
                                                      19     MIL
01704  1000.00    08505  1000.00  14122  1000.00                      26293  1000.00    32658  1000.00    38070  2000.00                      48     MIL
                                                                                                                          MANAGUA
01710  1000.00    08618  1000.00  14131  1000.00      19027  1000.00  26359  1000.00    32821  1000.00    38087  1000.00                      48041  1000.00

01733  1000.00    08744  1000.00  14139  1000.00      19135  1000.00  26412  1000.00    32888  1000.00    38148  1000.00  42     MIL          48077  1000.00

01750  1000.00    08776  2000.00  14180  1000.00      19153  1000.00  26448  1000.00    32955  1000.00    38155  1000.00                      48209  1000.00
                                                                                        33     MIL
01870  1000.00    08789  1000.00  14234  1000.00      19193  1000.00  26584  1000.00                      38191  1000.00  42228  1000.00      48316  1000.00

01943  1000.00    08838  1000.00  14245  1000.00      19217  1000.00  26591  1000.00    33200  1000.00    38239  1000.00  42274  1000.00      48347  2000.00
02     MIL
                  08898  1000.00  14341  1000.00      19218  1000.00  26657  1000.00    33455  1000.00    38274  1000.00  42359  1000.00      48371  1000.00
                  09     MIL
02040  1000.00                    14623  1000.00      19479  2000.00  26700  2000.00    33532  1000.00    38365  1000.00  42415  1000.00      48391  1000.00

02082  1000.00    09096  1000.00  14697  1000.00      19529  1000.00  26837  1000.00    33788  2000.00    38367  1000.00  42657  1000.00      48435  1000.00

02110  1000.00    09135  1000.00  14747  1000.00      19574  1000.00  26923  1000.00    33872  1000.00    38369  1000.00  42672  1000.00      48508  1000.00

02132  1000.00    09166  1000.00  14776  1000.00      19598  1000.00  26941  3000.00    33877  1000.00    38411  1000.00  42701  1000.00      48509  1000.00
                                                                      27     MIL        34     MIL
02137  1000.00    09204  1000.00  14984  1000.00      19634  3000.00                                      38443  1000.00  42969  1000.00
                                  15     MIL                                                                              43     MIL          48510  2000.00
02179  1000.00    09327  1000.00                      19683  1000.00  27072  1000.00    34057  1000.00    38565  1000.00

02283  1000.00    09401  1000.00  15030  1000.00      19697  1000.00  27261  1000.00    34077  1000.00    38587  1000.00  43141  1000.00      PREMIO

02364  1000.00    09437  1000.00  15097  1000.00      19773  1000.00  27344  1000.00    34093  1000.00    38638  1000.00  43152  1000.00      MAYOR

02530  1000.00    09516  1000.00  15141  1000.00      19835  1000.00  27385  1000.00    34560  1000.00    38669  1000.00  43158  1000.00      48511

02601  1000.00    09713  1000.00  15222  1000.00      19897  1000.00  27397  1000.00    34565  1000.00    38775  1000.00  43417  1000.00

02629  10,000.00  09958  1000.00  15228  1000.00      19925  2000.00  27506  1000.00    34623  1000.00    QUINTO PREMIO   43471  1000.00

02741  1000.00    09972  1000.00  15389  1000.00      19962  1000.00  27608  1000.00    34767  1000.00    38792           43629  1000.00
                  10     MIL                          20     MIL
02776  1000.00                    15457  1000.00                      27672  1000.00    34771  1000.00                    43671  1000.00
03     MIL
                  10029  1000.00  15469  1000.00      20118  1000.00  27721  1000.00    34777  1000.00                    43745  1000.00

03027  1000.00    10104  1000.00  15488  2000.00      20121  1000.00  27725  1000.00    34819  1000.00                    43770  1000.00

03061  1000.00    10164  1000.00  15508  1000.00      20135  1000.00  27916  1000.00    SEGUNDO           C$20,000.00     43909  1000.00
                                                                                                                          44     MIL
03131  1000.00    10639  1000.00  15715  2000.00      20428  1000.00  27965  1000.00    PREMIO
                                                                      28     MIL
03156  2000.00    10673  1000.00  15819  1000.00      20566  1000.00                    34831             MATAGALPA       44008  1000.00
                                                                                                                                              C$3,500,000.00
03178  1000.00    10796  1000.00  15922  3000.00      20600  2000.00  28002  1000.00                                      44058  1000.00
                                  16     MIL
03441  1000.00    10863  1000.00                      20652  1000.00  28088  1000.00                                      44222  1000.00

03485  1000.00    10887  1000.00  16076  1000.00      20662  1000.00  28108  1000.00                      38809  1000.00  44227  1000.00
                  11     MIL
03490  1000.00                    16113  1000.00      20868  1000.00  28188  1000.00                      38837  1000.00  44247  1000.00      VENDIDO POR LA
                                                      21     MIL
03566  1000.00    11006  1000.00  16257  1000.00                      28229  1000.00                      38881  1000.00  44347  1000.00      CONCESIONARIA F-157

03664  1000.00    11161  1000.00  16306  1000.00      21078  1000.00  28245  1000.00    C$300,000.00      38894  1000.00  44659  1000.00      MIRNA DEL CARMEN

03727  1000.00    11412  1000.00  TERCER PREMIO       21086  1000.00  28349  1000.00                      38910  1000.00  44971  2000.00            RIZO RIZO
                                                                                                          39     MIL      45     MIL
03737  1000.00    11463  1000.00  16412               21623  1000.00  28373  1000.00    MANAGUA                                                     ESTELI

03810  1000.00    11481  1000.00                      21677  1000.00  28394  1000.00                      39076  1000.00  45058  1000.00

03951  1000.00    11501  1000.00                      21788  1000.00  28405  1000.00    34908  1000.00    39150  1000.00  45081  1000.00
                                                                                        35     MIL
03960  1000.00    11535  1000.00                      21930  1000.00  28406  1000.00                      39237  2000.00  45417  1000.00      48512  2000.00
                                                      22     MIL
03972  1000.00    11543  1000.00                                      28426  1000.00    35044  1000.00    39259  1000.00  45575  1000.00      48513  1000.00

03974  1000.00    11614  1000.00                      22067  1000.00  28618  1000.00    35074  1000.00    39327  1000.00  45765  1000.00      48514  1000.00
04     MIL
                  11655  1000.00  C$50,000.00         22090  1000.00  28729  1000.00    35076  1000.00    39342  1000.00  45790  1000.00      48593  1000.00

04106  1000.00    11661  2000.00                      22121  1000.00  28789  1000.00    35103  1000.00    39343  1000.00  45914  1000.00      48741  1000.00

04261  1000.00    11689  1000.00  JUIGALPA            22292  1000.00  28796  1000.00    35133  1000.00    39485  1000.00  45921  1000.00      48841  1000.00

04311  1000.00    11689  1000.00                      22306  1000.00  28856  1000.00    35212  1000.00    39554  1000.00  45994  1000.00      48965  1000.00
                                                                                                                          46     MIL
04701  1000.00    11712  1000.00                      22351  1000.00  28870  15,000.00  35409  1000.00    39579  1000.00                      49     MIL

04710  1000.00    11738  1000.00  16522  1000.00      22426  1000.00  28918  2000.00    35422  3000.00    39614  1000.00  46043  1000.00
                                                                      29     MIL                                                              49025  1000.00
04830  1000.00    11740  1000.00  16613  1000.00      22475  1000.00                    35443  1000.00    39674  1000.00  46061  2000.00
                                                                                                                                              49065  1000.00
04894  1000.00    11796  1000.00  16724  1000.00      22599  1000.00  29015  1000.00    35465  1000.00    39680  1000.00  46173  1000.00
05     MIL                                                                                                                                    49074  1000.00
                  11833  1000.00  16748  1000.00      22650  1000.00  29142  1000.00    35765  1000.00    39700  1000.00  46255  1000.00

05029  1000.00    11902  1000.00  16844  1000.00      22738  1000.00  29181  1000.00    35797  1000.00    39816  1000.00  46297  1000.00      49081  1000.00

05037  1000.00    11948  1000.00  16845  1000.00      22804  1000.00  29395  1000.00    35851  1000.00    39969  1000.00  46325  1000.00      49122  1000.00
                                                                                                          40     MIL
05053  1000.00    11948  1000.00  16966  1000.00      22807  2000.00  29459  2000.00    35869  1000.00                    46520  1000.00      49241  1000.00
                  12     MIL      17     MIL          23     MIL
05229  1000.00                                                        29551  1000.00    35907  1000.00    40039  1000.00  46571  1000.00      49254  1000.00

05245  2000.00    12023  1000.00  17085  1000.00      23142  1000.00  29775  1000.00    35966  1000.00    40115  1000.00  46779  1000.00      49349  1000.00
                                                                                        36     MIL
05332  1000.00    12152  1000.00  17091  1000.00      23255  2000.00  29864  1000.00                      40137  1000.00  46791  1000.00      49369  1000.00

05424  1000.00    12167  1000.00  17099  1000.00      23312  1000.00  29884  1000.00    36076  1000.00    40237  1000.00  46818  1000.00      49373  1000.00

05486  1000.00    12175  1000.00  17120  3000.00      23391  1000.00  29967  1000.00    36257  1000.00    40278  1000.00  46823  1000.00      49413  1000.00
                                                                      30     MIL
05539  1000.00    12179  3000.00  17123  1000.00      23425  1000.00                    36269  1000.00    40372  1000.00  46823  1000.00      49570  1000.00

05627  1000.00    12182  1000.00  17124  1000.00      23558  1000.00  30198  1000.00    36303  1000.00    40491  1000.00  46850  1000.00      49583  1000.00

05689  1000.00    12364  1000.00  17169  1000.00      23612  1000.00  30248  1000.00    36359  1000.00    40539  1000.00  46922  1000.00      49663  1000.00

05730  1000.00    12409  1000.00  17189  1000.00      23625  1000.00  30298  1000.00    36450  1000.00    40587  1000.00  46937  1000.00      49669  1000.00
                                                                                                                          47     MIL
05747  1000.00    12414  1000.00  17266  1000.00      23690  1000.00  30349  1000.00    36465  1000.00    40617  1000.00                      49726  1000.00

05928  1000.00    12542  1000.00  17357  1000.00      23718  1000.00  30379  1000.00    36588  1000.00    40812  1000.00  47144  1000.00
06     MIL                                                                                                                                    49766  1000.00
                  12611  2000.00  17414  1000.00      23916  1000.00  30393  1000.00    36592  1000.00    40817  1000.00  47272  1000.00
                                                      24     MIL                                                                              49884  1000.00
06013  1000.00    12635  1000.00  17472  1000.00                      30437  1000.00    36769  1000.00    40818  1000.00  47301  1000.00

06118  2000.00    12637  1000.00  17475  1000.00      24116  1000.00  30475  1000.00    36845  1000.00    40961  1000.00  47303  1000.00      49970  1000.00

06143  1000.00    12795  2000.00  17857  1000.00      24249  1000.00  30532  1000.00    36941  1000.00    40985  1000.00                      49976  1000.00
                                                                                                                          TERCER PREMIO       50     MIL
06504  1000.00    12807  1000.00  17897  1000.00      24582  1000.00  30589  1000.00    36965  1000.00    40996  1000.00  47315
                                  18     MIL                                            37     MIL        41     MIL
06610  2000.00    12813  1000.00                      24615  1000.00  30749  1000.00                                                          50020  1000.00

06620  1000.00    12945  1000.00  18008  1000.00      24633  2000.00  30849  1000.00    37003  1000.00    41014  1000.00                      50078  1000.00

06665  1000.00    12947  1000.00  18080  1000.00      24737  1000.00  30857  1000.00    37017  2000.00    41125  1000.00                      50148  1000.00

06829  1000.00    12985  3000.00  18142  1000.00      24994  1000.00  30914  1000.00    37129  1000.00    41134  1000.00                      50269  1000.00
                  13     MIL                          25     MIL
06865  1000.00                    18176  1000.00                      30964  1000.00    37148  1000.00    41186  1000.00                      50273  1000.00

06902  1000.00    13021  1000.00  CUARTO PREMIO       25090  1000.00  30989  1000.00    37414  1000.00    41333  1000.00                      50300  1000.00
                                                                      31     MIL
06998  1000.00    13181  1000.00  18192               25092  1000.00                    37451  1000.00    41341  1000.00  C$50,000.00         50553  1000.00
07     MIL
                  13259  1000.00                      25160  2000.00  31061  1000.00    37506  1000.00    41440  1000.00                      50566  1000.00

07017  2000.00    13322  1000.00                      25295  1000.00  31317  1000.00    37585  2000.00    41442  1000.00  CHINANDEGA          50649  1000.00

07047  2000.00    13357  1000.00                      25355  1000.00  31442  1000.00    37679  1000.00    41521  1000.00                      50681  1000.00

07083  1000.00    13407  1000.00  C$25,000.00         25373  1000.00  31503  1000.00    37689  1000.00    41530  1000.00                      50769  1000.00

07172  1000.00    13539  1000.00  MATAGALPA           25374  1000.00  31619  1000.00    37707  1000.00    41645  1000.00  47370  1000.00      50789  1000.00

07287  1000.00    13569  1000.00                      25438  1000.00  31669  1000.00    37726  1000.00    41667  1000.00  47381  1000.00

07710  1000.00    13679  1000.00                      25538  1000.00  31858  1000.00    37766  10,000.00  41742  1000.00  47435  2000.00      50991  1000.00

NOTA: LOS BILLETES TERMINADOS EN 8511 GANAN C$4,800.00, LOS TERMINADOS EN 511 GANAN C$2,400.00, LOS TERMINADOS EN 11 GANAN

C$1,200.00, LOS TERMINADOS EN 1 GANAN C$600.00. TODOS LOS NUMEROS DE LA PRESENTE LISTA Y QUE A LA VEZ TENGAN TERMINACIONES

DEL PREMIO MAYOR TIENEN DERECHO AL PREMIO Y A LA TERMINACION. SE EXCEPTUA AL PREMIO MAYOR EN TODAS LAS TERMINACIONES.

       ESTA LISTA ES GRATIS · VISITE WWW.LOTERIANACIONAL.COM.NI
