                                                               SORTEO                 ORDINARIO            Nº  1511

                                                                                                                                          MANAGUA

                                                               3,500,000Córdobas                                                          11 DE MAYO

                                                                                                                                                     2010

                                                                                                                                          CADUCIDAD

                                                                                                                                          19 DE AGOSTO

                                                                                                                                                     2010

                                                                                                                                          LISTA OFICIAL

01     MIL          06     MIL             10     MIL          16420  1000.00  21883  1000.00  27671  1000.00  33592  1000.00      39490  1000.00    45687  1000.00

01033  1000.00      06158  1000.00         10000  1000.00      16436  1000.00  21963  1000.00  27685  1000.00  33613  1000.00      39567  2000.00    45784  1000.00

01063  1000.00      06337  1000.00         10039  1000.00      16758  1000.00  21975  1000.00  27699  1000.00  33820  1000.00      39738  1000.00    45862  1000.00
                                                                               22     MIL
01127  1000.00      06559  1000.00         10156  1000.00      16758  1000.00                  27777  1000.00  33933  1000.00      39739  1000.00    45899  2000.00

01283  1000.00      06763  1000.00         10186  1000.00      16799  1000.00  22033  1000.00  27829  1000.00  33985  1000.00      39746  1000.00    45972  1000.00
                                                                                                               34     MIL                            46     MIL
01332  1000.00      06766  1000.00         10235  1000.00      16800  1000.00  22033  1000.00  27844  1000.00                      39771  1000.00

01337  1000.00      06885  1000.00         10485  1000.00      16841  1000.00  22083  1000.00  27862  1000.00  34154  1000.00      39920  1000.00    46003  1000.00
                                                               17     MIL                                                          40     MIL
01358  1000.00      06892  1000.00         10541  1000.00                      22153  1000.00  27961  2000.00  34289  1000.00                        46026  1000.00

01452  1000.00      06974  1000.00         10856  1000.00      17113  1000.00  22282  1000.00  27964  1000.00  34343  1000.00      40105  1000.00    46183  1000.00

01530  1000.00      06996  1000.00         10943  1000.00      17135  1000.00  22401  1000.00  27971  1000.00  34500  1000.00      40110  1000.00    46204  1000.00
                    07     MIL                                                                 28     MIL
01670  1000.00                             10952  1000.00      17274  1000.00  22407  2000.00                  34546  1000.00      40254  1000.00    46235  1000.00

01702  1000.00      07013  1000.00         10974  1000.00      17384  1000.00  22631  1000.00  28077  3000.00  34587  1000.00      40257  1000.00    46244  1000.00
                                           11     MIL
01731  1000.00      07096  1000.00                             17437  1000.00  22639  1000.00  28103  1000.00  34915  1000.00      40284  1000.00    46318  1000.00

01754  1000.00      07156  1000.00         11057  2000.00      17543  1000.00  22657  1000.00  28126  1000.00  34927TERCER PREMIO  40296  1000.00    46496  1000.00

01767  1000.00      07311  1000.00         11121  1000.00      17635  1000.00  22696  1000.00  28138  1000.00                      40407  2000.00    46571  1000.00
02     MIL
                    07328  1000.00         11176  1000.00      17758  1000.00  22832  1000.00  28201  1000.00                      40582  1000.00    46685  1000.00

02068  1000.00      07365  1000.00         11453  2000.00      17810  1000.00  22904  1000.00  28267  1000.00                      40649  1000.00    46831  1000.00
                                                               18     MIL
02135  1000.00      SEGUNDO                11488  1000.00                      22972  3000.00  28288  1000.00                      40723  1000.00    46888  1000.00
                                                                               23     MIL                                                            47     MIL
02265  2000.00      07468PREMIO            11493  1000.00      18229  1000.00                  28458  1000.00                      40760  1000.00
                                                                                                                                                     47103  1000.00
02295  1000.00                             11518  1000.00      18255  1000.00  23147  1000.00  28466  1000.00                      40856  1000.00    47318
                                                                                                                                                            1000.00
02379  1000.00                             11519  1000.00      18255  1000.00  23211  3000.00  28478  1000.00  C$50,000.00         40885  1000.00    47374  1000.00

02493  2000.00                             11551  1000.00      18266  1000.00  23281  1000.00  28509  1000.00                      40994  1000.00
                                                                                                                                   41     MIL        47395  1000.00
02581  1000.00                             11558  1000.00      18295  1000.00  23365  1000.00  28512  1000.00  JUIGALPA
                                                                                                                                                     47406  1000.00
02696  3000.00                             11826  1000.00      18651  1000.00  23434  2000.00  28723  1000.00                      41008  1000.00    47474
                                                                                                                                                            1000.00
02833  1000.00                             11833  1000.00      18757  1000.00  23434  1000.00  28878  1000.00                      41063  1000.00
                                           12     MIL                                                                                                47498  1000.00
02839  1000.00      C$300,000.00                               18932  1000.00  23527  1000.00  28886  1000.00  34943  1000.00      41154  1000.00
03     MIL                                                     19     MIL                                                                            47557  1000.00
                                           12006  1000.00                      23616  2000.00  28974  1000.00  34961  1000.00      41342  1000.00
                                                                                                                                                     47576  1000.00
03119  1000.00      MATAGALPA              12131  1000.00      19098  1000.00  23620  1000.00  28989  1000.00  34965  1000.00      41363  1000.00
                                                                                               29     MIL      35     MIL                            47581  1000.00
03164  1000.00                             12193  1000.00      19107  1000.00  23668  1000.00                                      41393  1000.00
                                                                                                                                                     47612  1000.00
03177  2000.00      07635  2000.00         12209  1000.00      QUINTO PREMIO   23671  1000.00  29092  1000.00  35000  1000.00      41423  1000.00    47689
                                                                                                                                                            1000.00
03270  2000.00      07655  2000.00         12212  2000.00      19115           23719  1000.00  29287  1000.00  35026  1000.00      41575  1000.00    47788  1000.00

03349  1000.00      07685  1000.00         12318  1000.00                      23724  1000.00  29305  1000.00  35029  1000.00      41583  1000.00    47819  1000.00

03487  1000.00      07705  1000.00         12355  1000.00                      23956  1000.00  29319  1000.00  35201  1000.00      41674  2000.00    47848 10,000.00

03538  1000.00      07706  1000.00         12380  2000.00                      23963  2000.00  29342  1000.00  35212  2000.00      41711  1000.00    47859  1000.00
                                                               C$20,000.00     24     MIL
03550  1000.00      07707  2,000.00        12660  2000.00                                      29434  1000.00  35344  1000.00      41734  1000.00    48     MIL

03573  1000.00      PREMIO                 12703  1000.00      MANAGUA         24044  1000.00  29489  1000.00  35374  1000.00      41739  1000.00    48092  2000.00

03638  2000.00      07708MAYOR             12889  1000.00                      24060  1000.00  29567  1000.00  35422  1000.00      41836  1000.00    48186  1000.00
                                           13     MIL
03648  1000.00                                                                 24070  1000.00  29589  1000.00  35462  1000.00      41839  1000.00    48215  1000.00

03651  2000.00                             13406  1000.00      19116  1000.00  24254  1000.00  29847  1000.00  35581  1000.00      41923  1000.00    48317  1000.00

03672  2000.00                             13565  1000.00      19323  1000.00  24370  1000.00  29868  1000.00  35655  1000.00      41992  1000.00    48381  1000.00
                                                                                               30     MIL                          42     MIL
03731  1000.00                             13626  1000.00      19387  1000.00  24388  1000.00                  35727  1000.00                        48435  1000.00

03802  1000.00                             13728  1000.00      19411  1000.00  24432  1000.00  30110  1000.00  35751  1000.00      42005  1000.00    48542  1000.00

03882  1000.00                             13742  1000.00      19459  1000.00  24485  1000.00  30169  1000.00  35897  1000.00      42100  1000.00    48597  1000.00

03985  1000.00                             13807  1000.00      19493  1000.00  24627  1000.00  30225  1000.00  35905  1000.00      42125  1000.00    48629  1000.00
                                                                                                               36     MIL
03985  1000.00                             13813  1000.00      19529  1000.00  24630  1000.00  30338  1000.00                      42248  1000.00    48652  1000.00
04     MIL                                 14     MIL
                    C$ 3,500,000.00                            19570  1000.00  24678  2000.00  30367  1000.00  36029  2000.00      42383  1000.00    48681  1000.00

04062  1000.00                             14022  1000.00      19602  1000.00  24703  1000.00  30387  1000.00  36139  1000.00      42493  1000.00    48737  1000.00

04209  1000.00                             14033  1000.00      19639  1000.00  24721  2000.00  30417  1000.00  36200  1000.00      42553  1000.00    48745  1000.00

04284  1000.00      NO FUE VENDIDO.        14055  1000.00      19711  1000.00  24784  1000.00  30450  1000.00  36318  1000.00      42845  1000.00    48829  1000.00
                    POR ACUMULACION EL                                                                                             43     MIL
04297  1000.00      SORTEO 1512 DEL 18 DE  14057  1000.00      19714  1000.00  24867  1000.00  30617  1000.00  36437  1000.00                        48893  1000.00
                                                                               25     MIL
04324  1000.00      MAYO 2010 TENDRA UN    14239  1000.00      19739  1000.00                  30828  1000.00  36622  1000.00      43003  1000.00    48955  1000.00
                    PREMIO MAYOR DE
04335  1000.00      C$ 6,750,000.00 POR    14355  1000.00      19775  1000.00  25204  1000.00  30927  1000.00  36623  1000.00      43089  1000.00    49     MIL

04336CUARTO PREMIO  EL PRECIO DE C$400     14409  1000.00      19927  1000.00  25250  1000.00  30984  1000.00  36748  1000.00      43107  1000.00    49039  1000.00
                    EL BILLETE.
                                           14413  1000.00      19929  1000.00  25419  1000.00  31     MIL      36755  1000.00      43307  1000.00    49062  1000.00
                    MANAGUA
                                           14426  1000.00      19951  1000.00  25420  1000.00  31315  1000.00  36815  1000.00      43330  1000.00    49108  1000.00

                                           14636  1000.00      19968  1000.00  25433  1000.00  31326  1000.00  36895  1000.00      43368  1000.00    49209  1000.00
                                                                                                               37     MIL
                    07709  2,000.00        14860  1000.00      19978  1000.00  25477  1000.00  31398  1000.00                      43395  2000.00    49250  1000.00

                    07710  1000.00         14962  1000.00      20     MIL      25479  1000.00  31449  1000.00  37043  1000.00      43453  1000.00    49341  1000.00
                                           15     MIL
C$25,000.00         07711  1000.00                             20020  1000.00  25825  1000.00  31528  1000.00  37096  1000.00      43514  1000.00    49452  1000.00

MASAYA              07719  1000.00         15006  1000.00      20168  1000.00  25848  1000.00  31551  1000.00  37130  1000.00      43518  1000.00    49534  1000.00

                    07824  1000.00         15177  1000.00      20306  1000.00  25877  1000.00  31574  1000.00  37170  1000.00      43545  1000.00    49627  1000.00
                                                                               26     MIL
                    07829  1000.00         15232  1000.00      20316  1000.00                  31613  1000.00  37240  1000.00      43575  1000.00
                                                                                                                                   44     MIL        49712TERCER PREMIO
04404  1000.00      07833  1000.00         15344  1000.00      20329  1000.00  26027  1000.00  31633  1000.00  37415  1000.00
                    08     MIL
04454  1000.00                             15415  1000.00      20361  1000.00  26037  1000.00  31683  1000.00  37434  1000.00      44062  1000.00

04524  1000.00      08046  1000.00         15716  1000.00      20365  1000.00  26045  1000.00  31925  1000.00  37557  1000.00      44192  1000.00

04687  1000.00      08154  1000.00         15801  1000.00      20380  1000.00  26057  1000.00  31970  1000.00  37823  1000.00      44241  1000.00
                                                                                               32     MIL
04692  1000.00      08204  1000.00         15903  1000.00      20392  1000.00  26098  1000.00                  37895  1000.00      44345  1000.00

04734  1000.00      08272  1000.00         15918  1000.00      20416  1000.00  26285  1000.00  32050  1000.00  37926  15,000.00    44358  2000.00    C$50,000.00
                                           16     MIL
04766  1000.00      08287  1000.00                             20554  1000.00  26428  1000.00  32118  1000.00  37966  1000.00      44363  1000.00    MASAYA
                                                                                                               38     MIL
04935  1000.00      08296  1000.00         16018  1000.00      20610  1000.00  26470  1000.00  32258  1000.00                      44390  1000.00
                                                                                                               38000  1000.00
04937  1000.00      08337  1000.00         16023  1000.00      20614  1000.00  26631  2000.00  32377  1000.00                      44396  1000.00    49719  1000.00
                                                                                                               38014  1000.00
04938  1000.00      08389  1000.00         16027  1000.00      20837  1000.00  26679  1000.00  32402  1000.00                      44424  1000.00    49724  1000.00
                                                                                                               38089  1000.00
04975  1000.00      08537  1000.00         16072  1000.00      20866  1000.00  26680  1000.00  32415  1000.00                      44437  1000.00    49733  1000.00
                                                                                                               38158  1000.00
05     MIL          08627  1000.00         16074  1000.00      20887  1000.00  26686  1000.00  32514  1000.00                      44449  1000.00    49749  1000.00

05109  1000.00      08646  1000.00         16178  1000.00      20956  1000.00  26727  1000.00  32630  1000.00  38427  1000.00      44597  1000.00    49787  1000.00

05206  1000.00      08939  1000.00         16255  1000.00      21     MIL      26776  1000.00  32666  1000.00  38462  1000.00      44627  1000.00    49804  1000.00

05224  1000.00      08988  1000.00         16329CUARTO PREMIO  21026  3000.00  26801  1000.00  32829  1000.00  38494  1000.00      44763  2000.00    49881  1000.00
                    09     MIL
05324  1000.00                                                 21183  1000.00  26976  1000.00  32859  1000.00  38548  1000.00      44784  1000.00    50     MIL
                                                                               27     MIL
05475  1000.00      09180  1000.00                             21188  1000.00                  32859  1000.00  38567  1000.00      44800  1000.00    50038  1000.00

05501  1000.00      09407  1000.00                             21230  1000.00  27065  1000.00  32901  1000.00  38780  1000.00      44909  1000.00    50082  1000.00
                                                                                                                                   45     MIL
05537  1000.00      09459  1000.00                             21269  2000.00  27142  1000.00  32907  1000.00  38887  1000.00                        50176  1000.00
                                                                                                                                   45017  1000.00
05680  1000.00      09525  1000.00                             21436  1000.00  27351  1000.00  32962  1000.00  38914  1000.00                        50196  1000.00
                                                                                               33     MIL                          45116  10,000.00
05698  1000.00      09608  1000.00         C$25,000.00         21443  1000.00  27365  1000.00                  38917  2000.00                        50447  1000.00
                                                                                                                                   45157  1000.00
05728  1000.00      09630  2000.00         ESTELI              21487  1000.00  27424  1000.00  33147  1000.00  38931  1000.00                        50492  1000.00
                                                                                                               39     MIL          45162  1000.00
05827  1000.00      09634  1000.00                             21520  1000.00  27541  1000.00  33326  1000.00                                        50562  1000.00
                                                                                                                                   45263  1000.00    50880
05879  3000.00      09637  1000.00                             21628  1000.00  27570  1000.00  33389  1000.00  39026  1000.00                        50880  1000.00
                                                                                                                                                            1000.00
05956  3000.00      09715  1000.00         16343  1000.00      21818  1000.00  27579  1000.00  33458  1000.00  39237  1000.00      45662  1000.00

NOTA: LOS BILLETES TERMINADOS EN 7708 GANAN C$4,800.00, LOS TERMINADOS EN 708 GANAN C$2,400.00, LOS TERMINADOS EN 08 GANAN

C$1,200.00, LOS TERMINADOS EN 8 GANAN C$600.00. TODOS LOS NUMEROS DE LA PRESENTE LISTA Y QUE A LA VEZ TENGAN TERMINACIONES

DEL PREMIO MAYOR TIENEN DERECHO AL PREMIO Y A LA TERMINACION. SE EXCEPTUA AL PREMIO MAYOR EN TODAS LAS TERMINACIONES.

NOTA: POR ACUMULACION EL SORTEO No. 1512 A VERIFICARSE EL 18 DE MAYO DEL 2010 TENDRA UN

    PREMIO MAYOR DE C$ 6,750,000.00 POR EL PRECIO DE C$ 400.00 EL BILLETE Y C$ 20.00 EL VIGESIMO
