                                                    SORTEO              EXTRAORDINARIO                      Nº     1512

                                                                                                                                        MANAGUA

                                                    6,750,000Córdobas                                                                   18 DE MAYO

                                                                                                                                                     2010

                                                                                                                                        CADUCIDAD

                                                                                                                                        26 DE AGOSTO

                                                                                                                                                     2010

                                                                                                                                        LISTA OFICIAL

01     MIL          05584  1200.00  11924  1200.00  18379  1200.00      23973  2000.00  29293  1200.00      35641  1000.00       39564  1200.00      44589  1200.00

01043  1200.00      05614  1200.00  11930  1200.00  18570  1200.00      24     MIL      29451  1200.00      35642  2,000.00      39645  1200.00      44741 10,000.00
                                    12     MIL
01156  1200.00      05652  1200.00                  18578  1200.00      24321  1200.00  29566  1200.00      PREMIO               39660  1200.00      44778  1200.00
                    05687  1200.00  12068  1200.00                                      29604  1200.00                           39834  1200.00      44805  1200.00
01243  1200.00      05711  1200.00  12079  1200.00  18617  1200.00      24467  2000.00  29648  1200.00      35643MAYOR           39889  1200.00      44890  1200.00
01258  1200.00
01356  1200.00      05753  3000.00  12206  1200.00  18636  1200.00      24479  1200.00  29649  1200.00                           39929  1200.00      44983  2000.00
                                                                        24493  1200.00
01363  1200.00      05773  1200.00  12390  1200.00  18789  1200.00      24542  1200.00  29739  1200.00                           40     MIL          44986  1200.00
                                                    18934  1200.00
01467  1200.00      05825  2000.00  12436  1200.00  18973  1200.00      24701  1200.00  29826  1200.00                           40031  1200.00      45     MIL

01534  1200.00      05838  1200.00  12540  1200.00  19     MIL          24712  2000.00  29857  1200.00                           40084  1200.00      45003  1200.00

01536  1200.00      05846  1200.00  12578  1200.00  19084  3000.00      24770  1200.00  29872  1200.00                           40142  1200.00      45099  1200.00
                                    12638  1200.00                                                                               40263  1200.00      45197  1200.00
01593  1200.00      05927  1200.00                  19097  1200.00      24779  1200.00  29984  1200.00
                    05940  1200.00  12836  1200.00                                      30     MIL                               40330  1200.00      45199  1200.00
01643  1200.00      06     MIL                      19117  1200.00      24789  1200.00
01699  1200.00                      12937  1200.00                                      30170  1200.00                           40689  1200.00      45495  3000.00
                                                    19397  1200.00      24956  1200.00
01715  1200.00      06094  1200.00  12943  1200.00                      25     MIL      30176  1200.00                           40748  1200.00      45626  2000.00
                                    13     MIL      19490  1200.00
01737  1200.00      06141  1200.00                  19503  1200.00      25028  1200.00  30315  1200.00                           40761  1200.00      45785  1200.00
                    06172  1200.00  13023  1200.00                                      30530  1200.00      C$ 6,750,000.00      40785  1200.00      45799  1200.00
01763  1200.00      06196  1200.00  13088  1200.00  19509  1200.00      25194  1200.00  30680  1200.00                                               45827  1200.00
01768  1200.00                                                                                                                   40800  1200.00
                    06272  1200.00  13093  1200.00  19591  2000.00      25309  1200.00  30713  1200.00                           40997  1200.00      45831  1200.00
01853  1200.00                                                          25346  1200.00
01924  1200.00      06287  1200.00  13158  1200.00  19658  1200.00                      30775  1200.00                           41     MIL          45909  1200.00
                                                    19826  1200.00      25353  1200.00                      VENDIDO POR LA
02     MIL                                                                              31     MIL                                                   46     MIL
                    06301  1200.00  13192  1200.00  19836  1200.00      25356  1200.00                      CONCESIONARIA G-639  41029  1200.00

02202  1200.00      06304  1200.00  13248  1200.00  20     MIL          25430  1200.00  31044  1200.00      KENYA AUXILIADORA    41062  1200.00      46077  1200.00

02228  1200.00      06308  1200.00  13259  1200.00  20148  1200.00      25684  1200.00  31155  1200.00      ALMANZA LOPEZ        41090  2000.00      46088  1200.00

02259  1200.00      06351  1200.00  13284  1200.00  20332  1200.00      25748  1200.00  31315  1200.00      GRANADA              41132  1200.00      46273  1200.00
                    06400  1200.00  13390  1200.00                                      31388  1200.00                           41181  1200.00      46378  1200.00
02345  1200.00      06413  2000.00  13505  1200.00  20383  1200.00      25892  1200.00  31481  1200.00                           41197  1200.00      46388  1200.00
02410  1200.00
02463  1200.00      06571  1200.00  13517  1200.00  20446  1200.00      25922  1200.00  31513  1200.00      35644  2,000.00      41399  2000.00      46401  1200.00
                                                                        25955  2000.00
02675  1200.00      06779  1200.00  13563  1200.00  20525  1200.00      25971  1200.00  31529  1200.00      35645  1000.00       41479  1200.00      46510  1200.00
                                                    20564  1200.00
02759  1200.00      06918  1200.00  13581  1200.00  20582  1200.00      26     MIL      31681  1200.00      35646  1000.00       41585  1200.00      46823  1200.00

02760  1200.00      06934  1200.00  13626  1200.00  20605  1200.00      26154  1200.00  31685  1200.00      35810  1200.00       41591  1200.00      46979  1200.00
                    07     MIL                                                          31700  1200.00      35879  1200.00       41620  1200.00      47     MIL
02775  1200.00                      13661  1200.00  20707  1200.00
                    07084  2000.00  13723  1200.00                      SEGUNDO         31772  1200.00      35962  10,000.00     41626  1200.00
02936  1200.00      07156  1200.00                  20873  1200.00      26181PREMIO                         36     MIL                               QUINTO PREMIO
02965  1200.00                      13785  1200.00                                      31943  1200.00                           41644  1200.00
                                                    20958  1200.00
02995  1200.00      07179  1200.00  13854  1200.00  21     MIL                          31953  1200.00      36037  1200.00                           47040
03     MIL                                                                                                                       41697CUARTO PREMIO
                    07347  1200.00  13861  1200.00  21114  1200.00                      31965  1200.00      36066  1200.00
                    07363  1200.00                                                                          36114  1200.00
03009  1200.00                      13907  1200.00  21133  1200.00                      31984  1200.00
                    07490  1200.00  13951  1200.00                                      32     MIL          36123  1200.00
03095  1200.00                      14     MIL      21135  1200.00                                                                                   C$20,000.00
03182  1200.00      07602  1200.00                                                      32079  1200.00      36148  1200.00
                    07659  1200.00  14040  1200.00  21402  2000.00                      32163  1200.00      36149  1200.00       C$25,000.00         MANAGUA
03282  1200.00                                      21462  1200.00
03307  1200.00      07678  1200.00  14066  1200.00                                      32172  1200.00      36163  1200.00
                    07755  1200.00  14069  3000.00  21532  1200.00                      32241  1200.00      36196  1200.00       MANAGUA             47132  1200.00
03334  1200.00                                      21640  1200.00
03372  2000.00      07774  1200.00  14170  1200.00                                      32308  1200.00      36218  2000.00                           47160  1200.00
                                    14236  1200.00  21773  1200.00      C$400,000.00                        36251  1200.00                           47232  1200.00
03487  1200.00      07811  1200.00                  21800  1200.00                                                               41791  1200.00
                    07844  1200.00  14302  1200.00                                      32438CUARTO PREMIO  36266  1200.00       41861  1200.00      47330  1200.00
03496  1200.00                      14308  1200.00  21813  1200.00      BLUEFIELDS                          36312  1200.00                           47390  2000.00
03626  1200.00      07880  1200.00                                                                                               41943  1200.00
                    07939  1200.00  14377  1200.00  21843  1200.00                                          36331  1200.00       42     MIL          47410  1200.00
03633  1200.00                                      21959  2000.00
03640  1200.00      08     MIL      14442  1200.00                                                          36544  1200.00       42129  1200.00      47664  1200.00
                                                    21970  1200.00      26260  1200.00
03705  1200.00      08233  1200.00  14445  3000.00                      26462  1200.00                      36782  1200.00       42236  1200.00      47818  1200.00
                                                    21992  1200.00
03727  1200.00      08343  1200.00  14535  1200.00  22     MIL          26477  1200.00                      36897  1200.00       42309  1200.00      47897  1200.00
                                                                                        C$25,000.00
03790  3000.00      08534  1200.00  14597  1200.00  22202  1200.00      26479  1200.00  GRANADA             36974  1200.00       42430  1200.00      47934  1200.00
                    08566  1200.00                                                                          37     MIL           42475  1200.00      48     MIL
03899  1200.00                      14730  1200.00  22224  1200.00      26515  1200.00
                    08644  1200.00  15     MIL                                                              37061  1200.00       42575  1200.00      48041  1200.00
03937  1200.00                                      22224  1200.00      26518  1200.00
03938  1200.00      08927  1200.00  15014  1200.00                                      32446  1200.00      37144  1200.00       42651  1200.00      48068  3000.00
04     MIL          08966  1200.00  15031  1200.00  22373  1200.00      26532  1200.00  32510  1200.00      37433  1200.00       42701  1200.00      48286  1200.00
                                                                        26623  1200.00
04097  1200.00      08972  1200.00  15067  1200.00  22551  1200.00      26720  1200.00  32533  1200.00      37477  1200.00       42897  1200.00      48393  1200.00
                                                    22647  1200.00
04104  1200.00      09     MIL      15074  1200.00  22649  1200.00      26936  1200.00  32616  1200.00      37487  1200.00       42931  1200.00      48442  1200.00

04143  1200.00      09029  1200.00  15130  1200.00  22688  1200.00      26988  1200.00  32627  1200.00      37491  1200.00       42974  1200.00      48530  1200.00
                    09059  1200.00  15242  2000.00                      27     MIL      32753  1200.00      37580  1200.00       43     MIL          48568  1200.00
04213  1200.00                                      22720  1200.00
04248  1200.00      09094  2000.00  15272  1200.00                                      32917  1200.00      37707  1200.00       43000  1200.00      48742  1200.00
                    09116  1200.00  15324  1200.00  22827  1200.00      27348  1200.00  33     MIL          37710  1200.00       43139  1200.00      48779  2000.00
04334  1200.00                                                          27380  1200.00
                                                    22874  1200.00
04346  1200.00      09267  1200.00  15553  1200.00  23     MIL          27383  1200.00  33019  1200.00      37782  1200.00       43152  1200.00      48844  1200.00

04452  1200.00      09454  1200.00  15830  1200.00  23048  1200.00      27469  1200.00  33042  1200.00      37800  1200.00       43283  1200.00      48882  1200.00
                    09543  1200.00                                                      33175  1200.00                           43314  1200.00
04550  1200.00                      15845  2000.00  23086  1200.00      27480  1200.00                      37953  1200.00                           48913  1200.00
                    09603  1200.00  15900  1200.00                                      33204  1200.00      38     MIL           43320  1200.00      49     MIL
04594  1200.00                                      23114  1200.00      27487  1200.00
04736  1200.00      09672  1200.00  15978  1200.00                                      33237  1200.00      38052  1200.00       43359  1200.00      49143  1200.00
                    09857  1200.00  16     MIL      23137  1200.00      27488  2000.00  33248  2000.00                           43365  2000.00
04919  1200.00                                                          27591  1200.00                      38115  1200.00                           49154  1200.00
04944  1200.00      09887  1200.00  16271  2000.00  23183  15,000.00                    33389  1200.00                           43377  1200.00
                                                    23188  1200.00      27653  1200.00                      38144  1200.00                           49259  1200.00
04976  1200.00      09915  1200.00  16515  1200.00                                      33473  1200.00                           43394  1200.00
05     MIL                          16614  1200.00  23197  1200.00      27667  1200.00  33653  1200.00      38207  1200.00                           49400  1200.00
                    09954  1200.00                                                                                               43535  1200.00
                    10     MIL      16630  1200.00                      27670  1200.00  33673  1200.00      38216  2000.00       43542  1200.00      49409  1200.00
05001  1200.00                                      23268TERCER PREMIO
05200  1200.00      10029  1200.00  16664  1200.00                      27695  2000.00  33814  1200.00      38235  1200.00       43587  1200.00      49459  1200.00
                                                                        27795  1200.00
05303  1200.00      10149  1200.00  16763  1200.00                      27801  1200.00  33896  1200.00      38258  1200.00       43607  1200.00      49702  1200.00

05336  1200.00      10443  1200.00  16857  1200.00                      27880  1200.00  34     MIL          38301  1200.00       43615  1200.00      49736  1200.00

05377  1200.00      10642  1200.00  16994  1200.00                      27897  1200.00  34125  2000.00      38372  1200.00       43626  1200.00      49780  1200.00

05469  1200.00      10662  1200.00  17     MIL                          28     MIL      34155  1200.00      38408  1200.00       43633  1200.00      49866  1200.00

05480  1200.00      10685  1200.00  17045  1200.00  C$50,000.00         28216  1200.00  34210  1200.00      38485  1200.00       43707  1200.00      49915  1200.00

                                                                                                            38487  1200.00                           49950  1200.00
                    10848  1200.00  17059  1200.00                      28244  2000.00  34331  1200.00                           43738  1200.00      50     MIL
05523TERCER PREMIO  10864  1200.00                                                                          38488  1200.00
                                    17344  2000.00  MANAGUA             28274  1200.00  34472  1200.00                           43824  1200.00      50080  1200.00
                    10870  1200.00                                                                          38702  1200.00       43887  1200.00
                                    17366  1200.00                      28420  1200.00  34512  1200.00                                               50082  1200.00
                    10985  1200.00                                                                          38714  1200.00       44     MIL
                                    17434  1200.00                      28508  1200.00  34529  1200.00                                               50126  1200.00
                    11     MIL                                                                              38722  1200.00       44004  1200.00
                                    17481  1200.00  23335  1200.00      28543  1200.00  34537  1200.00                                               50133  1200.00
                    11287  1200.00                                                                          38732  1200.00       44032  1200.00
                                    17534  1200.00  23378  1200.00      28641  1200.00  34547  1200.00                                               50199  1200.00
                    11289  1200.00                                                                          38854  1200.00       44113  2000.00
                                    17564  1200.00  23404  1200.00      28655  1200.00  34741  2000.00                                               50262  1200.00
C$50,000.00         11295  1200.00                                                                          38886  1200.00       44243  1200.00
                                    17594  1200.00  23551  1200.00      28712  1200.00  34908  1200.00      39     MIL                               50281  1200.00
                    11412  1200.00                  23630  1200.00                      35     MIL                               44245  1200.00
ESTELI                              17630  1200.00                      28886  1200.00                      39179  1200.00                           50320  1200.00
                    11684  1200.00  18     MIL      23651  1200.00      29     MIL                                               44405  1200.00
                                                                                        35092  2000.00      39345  1200.00                           50793  1200.00
                    11695  1200.00  18047  1200.00  23738  1200.00                                                               44433  1200.00
                                                    23795  1200.00      29019  2000.00  35131  1200.00      39387  1200.00                           50838  1200.00
                    11706  1200.00  18186  1200.00                                                                               44489  1200.00
05526  1200.00                                      23900  1200.00      29187  2000.00  35250  1200.00      39483  1200.00                           50982  1200.00
                    11706  1200.00  18198  1200.00                                                                               44502  1200.00
                                                                        29257  1200.00  35640  1000.00      39501  1200.00                           50985  1200.00

NOTA: LOS BILLETES TERMINADOS EN 5643 GANAN C$6,400.00, LOS TERMINADOS EN 643 GANAN C$3,200.00, LOS TERMINADOS EN 43 GANAN

C$1,600.00, LOS TERMINADOS EN 3 GANAN C$800.00. TODOS LOS NUMEROS DE LA PRESENTE LISTA Y QUE A LA VEZ TENGAN TERMINACIONES

DEL PREMIO MAYOR TIENEN DERECHO AL PREMIO Y A LA TERMINACION. SE EXCEPTUA AL PREMIO MAYOR EN TODAS LAS TERMINACIONES.

       ESTA LISTA ES GRATIS · VISITE WWW.LOTERIANACIONAL.COM.NI
