                                                               SORTEO                        ORDINARIO                       Nº  1514

                                                                                                                                                          MANAGUA

                                                               3,500,000Córdobas                                                                          08 DE JUNIO

                                                                                                                                                                       2010

                                                                                                                                                          CADUCIDAD

                                                                                                                                                          16 DE SEPTIEMBRE

                                                                                                                                                                       2010

                                                                                                                                                          LISTA OFICIAL

01       MIL         08588    1000.00     12845    1000.00     17967    1000.00     23452    1000.00     SEGUNDO              33823    1000.00     39282  1000.00      44528  1000.00

01011    1000.00     08592    1000.00     13011    1000.00     18005    1000.00     23519    1000.00     PREMIO               33843    1000.00     39395  1000.00      44586  1000.00
                                                                                    23649    1000.00     29062
01122    1000.00     08622    1000.00     13033    1000.00     18034    1000.00     23654    2000.00                          33870    1000.00                         44733  1000.00
                     08622    1000.00                                                                                         33883    1000.00
01176    1000.00     08652    1000.00     13183    1000.00     18159    1000.00     23671    1000.00                                               TERCER PREMIO       44894  1000.00
01186    1000.00
01302    1000.00     08698    1000.00     13292    1000.00     18556    1000.00     23681    1000.00                          34057    1000.00     39497               44895  1000.00

01401    1000.00     08739    1000.00     13377    1000.00     18557    1000.00     23787    1000.00                          34090    1000.00                         44988  1000.00
                                                                                                                                                                       45     MIL
01428    1000.00     08739    1000.00     13399    1000.00     18578    1000.00     23838    1000.00                          34204    2000.00
                                                               18591    1000.00                                                                                        45032  1000.00
01475    1000.00     08824    1000.00     13483    1000.00                          23916    1000.00     C$300,000.00         34241    1000.00
                                          13567    1000.00     18592    1000.00                                               34257    1000.00                         45131  2000.00
01655    1000.00     08831    1000.00                                               23939    1000.00
                                          13675    2000.00     18657    1000.00     23940    1000.00     JINOTEPE             34288    1000.00                         45205  1000.00
01715    1000.00     08981   1000.00                                                                                                              C$50,000.00
01725    1000.00                          13745    1000.00     18659    1000.00                                               34293    1000.00                         45313  1000.00

01924    1000.00     09001    1000.00     13780    1000.00     18660    1000.00     24171    1000.00     29132    1000.00     34341    1000.00     MATAGALPA           45339  1000.00

                     09084    1000.00     13783    1000.00     18787    3000.00     24188    1000.00     29174    1000.00     34355    1000.00                         45341  1000.00

02082    2000.00     09178    1000.00     13853    1000.00     18824    1000.00     24225    1000.00     29307    1000.00     34507    1000.00                         45359  1000.00

02222    1000.00     09190    1000.00     13886    1000.00     18875    1000.00     24277    1000.00     29326    1000.00     34617    1000.00     39539  1000.00      45406  1000.00

02397    1000.00     09268    1000.00                                               24313    1000.00     29371    1000.00     34723    1000.00     39787  1000.00      45486  1000.00

02445    1000.00     09285    1000.00     14000    1000.00     19142    1000.00     24324    1000.00     29404    1000.00     34740    1000.00     39976  1000.00      45533  1000.00
                                                                                                                                                   40     MIL
02484    1000.00     09427    1000.00     14006    1000.00     19216    1000.00     24620    1000.00     29409    1000.00     34835    1000.00                         45742  1000.00

02487    1000.00     09500    1000.00     14084    1000.00     19233    2000.00     24702    1000.00     29473    1000.00     34992    2000.00     40025  1000.00      45984  1000.00
                                                                                                                                                                       46     MIL
02524    1000.00     09655    1000.00     14131    1000.00     19300    1000.00     24765    1000.00     29520    1000.00                          CUARTO PREMIO
                                                               19507    1000.00
02731    1000.00     09822    1000.00     14204    1000.00     19514    1000.00     24793    1000.00     29611    1000.00     35065    1000.00     40032               46056  1000.00
                                          14232    2000.00                                                                    35073    1000.00
02829    1000.00     09894    1000.00     14293    1000.00     19515    1000.00     24896    1000.00     29657    1000.00     35110    1000.00                         46159  2000.00
                     09938    1000.00
02928    1000.00                          14321    1000.00     19590    1000.00     25013    1000.00     29681    1000.00     35128    1000.00                         46184  1000.00
02967    1000.00
                     10137    1000.00     14408    1000.00     19667    1000.00     25076    1000.00     29682    1000.00     35152    2000.00                         46476  1000.00
                                                                                                         29684    1000.00
03065    1000.00     10347    1000.00     14452    3000.00     19795    1000.00     25083    1000.00     29711    1000.00     35288    2000.00     C$25,000.00         46652  1000.00

03091    1000.00     10393    1000.00     14532    1000.00     19892    2000.00     25140    2000.00     29782    1000.00     35426    1000.00     MATAGALPA           46691  1000.00

03099    1000.00     10473    1000.00     14743    3000.00     19953    1000.00     25264    1000.00     29868    1000.00     35645    2000.00                         46763  1000.00

03162    1000.00     10546    1000.00     14772    1000.00     19961    1000.00     25339    1000.00                          35669    1000.00     40047  1000.00      46856  1000.00

03177    1000.00     10551    1000.00     14982    1000.00                          25491    1000.00     30027    1000.00     35726    1000.00     40066  1000.00      46857  1000.00

03187    1000.00     10582    1000.00     14998    1000.00     20035    1000.00     25583    1000.00     30065    1000.00     35765    1000.00     40198  1000.00      46864  1000.00

03297    1000.00     10652    1000.00                          20077    1000.00     25691    1000.00     30083    1000.00     35781    1000.00     40213  1000.00      46958  1000.00

03309    2000.00     10686    1000.00     15002    1000.00     20087    1000.00     25835    1000.00     30208    1000.00     35811    1000.00                         46992  1000.00
                                                                                                                                                   40273  1000.00      47     MIL
03342    1000.00     10739    3000.00     15002    1000.00     20148    1000.00     25880    1000.00     30316    1000.00     35828    1000.00
                                                               20149    1000.00                                                                    40451  1000.00      47206  1000.00
03448    1000.00     10746    1000.00     15012    1000.00                                               30386    1000.00
                                          15023    1000.00     20154    1000.00     26083    1000.00                          36049    1000.00     40477  1000.00      47223  1000.00
03455    1000.00     10758    1000.00                                                                    30713    1000.00
03478    1000.00                          15056    1000.00     20382    15,000.00   26199    1000.00     30769    1000.00     36097    1000.00     40532  2000.00      47333  1000.00

03690    1000.00     11025    1000.00     15109    1000.00     20441    1000.00     26228    1000.00     30811    1000.00     36107    1000.00     40542  1000.00      47361  1000.00

                     11187    1000.00     15137    1000.00     20450    1000.00     26437    1000.00     30816    1000.00     36208    3000.00     40566  1000.00      47415  1000.00

04064    1000.00     11219    1000.00     15187    1000.00     20460    2000.00     26500    1000.00     30838    1000.00     36395    1000.00     40614  1000.00      47511  1000.00

04086    1000.00     11592    1000.00     15288    1000.00     20487    1000.00     26538    1000.00     30852    1000.00     36828    1000.00     40662  1000.00      47643  1000.00
                                                               20503    1000.00     26632    1000.00
04091    1000.00     11598    1000.00     15402    1000.00     20631    1000.00     26797    1000.00     30868    1000.00     37253    2000.00     40710  1000.00      47661  1000.00
                     11663    1000.00     15544    1000.00
04112    1000.00     11795    1000.00     15576    1000.00     20716    1000.00     26814    1000.00                          37281    1000.00     40771  1000.00      47726  1000.00
04298    1000.00                                                                                         31107    1000.00
04370    1000.00     11865    1000.00     15614    1000.00     20772    1000.00     26863    1000.00     31178    1000.00     37355    1000.00     40809  10,000.00    47817  1000.00

                                                               20789    1000.00     26874    1000.00                          37377    1000.00     40909  2000.00      47867  1000.00
04680    1000.00     11892    1000.00     15624    1000.00                                               31304    1000.00                          41     MIL
                     11951    1000.00                          20896    1000.00     26985    1000.00                          37439    1000.00                         47912  1000.00
04699    1000.00                          15649    1000.00                                               31304    1000.00                          41171  1000.00      48     MIL
                                          15657    1000.00     20989    1000.00     27       MIL                              37541    2000.00
                                                                                                         31421    1000.00                          41631  1000.00      48129  1000.00
05129    2000.00     12000    1000.00     15738    1000.00                          27046    1000.00     31548    2000.00     37591    1000.00
                     12001    1000.00                          21087    1000.00                                               37637    1000.00     41799  1000.00      48259  1000.00
05286    1000.00                          15783    1000.00                          27048    1000.00     31666    1000.00
05340    1000.00     12056    1000.00                          21104    2000.00                                               37663    1000.00     41842  1000.00      48266  1000.00
                                          15826    1000.00                          27065    1000.00
05555    1000.00     12060    1000.00     15885    1000.00     21106    1000.00                          CUARTO PREMIO        37723    1000.00     41939  1000.00      48462  1000.00
                                                                                    27153    1000.00     31695                                     42     MIL
05733    1000.00     12289    3000.00                          21152    1000.00                                               37782    1000.00                         48530  1000.00
                                                               21280    1000.00     27227    1000.00                                               42149  1000.00
05855    1000.00     12316    1000.00     16002    1000.00                                                                    37839    1000.00                         48701  1000.00
                     12324    1000.00     16007    10,000.00   21325    2000.00     27230    1000.00                                               42314  1000.00
05940    1000.00                                                                                                              37878    1000.00                         48732  1000.00
                     12396    1000.00     16107    1000.00     21370    1000.00     27275    1000.00                          37983    1000.00     42529  1000.00
                                                                                                                                                                       48765  1000.00
06026    1000.00     12454    1000.00     16122    3000.00     21393    1000.00     27470    1000.00     C$25,000.00                               42592  1000.00

06049    1000.00     12470    1000.00     16355    1000.00     21426    1000.00     27737    1000.00     JINOTEPE             38022    1000.00     42671  1000.00      48810  1000.00

06091    1000.00     12471    1000.00     16380    2000.00     21523    1000.00     27823    1000.00                          38087    1000.00     42774  1000.00      48826  1000.00

06304    1000.00     12472    2,000.00    16461    1000.00     21526    1000.00     27907    1000.00                          38126    1000.00     42778  2000.00      48964  1000.00
                                                                                                                                                                       49     MIL
06440    1000.00                          16570    1000.00     21582    1000.00     27972    1000.00     31710    1000.00                          42796  1000.00

06583    1000.00     PREMIO               16592    1000.00     21656    1000.00     27984    1000.00                          TERCER PREMIO        42807  1000.00      49275  1000.00
                                                                                    28       MIL         31782    1000.00     38256
06758    1000.00     MAYOR                16595    1000.00     21663    2000.00                                                                    42830  1000.00      49418  1000.00
                     12473                                                          28175    1000.00     31815    1000.00
06762    1000.00                          16613    1000.00     21797    1000.00                          31910    1000.00                          42942  1000.00      49493  1000.00
                                                                                    28177    1000.00
06812    1000.00                          16619    1000.00     21904    1000.00                          31942    1000.00                          42959  1000.00      49542  1000.00
                                                                                    28273    1000.00
06952    1000.00                          16722    1000.00     21942    2000.00                          31954    1000.00                          43     MIL          49554  1000.00
                                                                                    28293    1000.00
                                          16831    1000.00     21993    1000.00                          31988    1000.00                          43022  1000.00      49578  1000.00
                                                                                    28303    1000.00
07236    1000.00                          16854    1000.00                                                                                         43113  1000.00      49599  1000.00
                                                                                    28325    1000.00
07245    1000.00                          16898    1000.00     22032    1000.00                          32084    1000.00     C$50,000.00          43173  1000.00      49636  1000.00
07250    1000.00                                                                    28326    1000.00
                                          16974    1000.00     22110    1000.00                          32120    1000.00                          43174  1000.00      49642  1000.00
07325    2000.00                                               22240    1000.00     28423    1000.00                                                                   50     MIL
                                                                                                         32205    1000.00        MASAYA            43202  1000.00
07336    1000.00                          17000    1000.00     22248    1000.00     28452    1000.00     32367    1000.00
                                                                                                                                                   43340  1000.00      50133  1000.00
07370    1000.00                          17111    1000.00     22553    1000.00     28506    1000.00     32431    2000.00
                     C$3,500,000.00                                                                                                                43477  1000.00      50143  1000.00
07415    1000.00                          17120    1000.00     22627    2000.00     28534    1000.00     32438    1000.00     38274    1000.00

07437    1000.00                          17150    1000.00     22627    1000.00     28549    1000.00     32548    2000.00     38450    1000.00     43500  1000.00      QUINTO PREMIO

07475    1000.00                          17266    1000.00     22653    1000.00     28592    1000.00     32589    1000.00     38470    1000.00     43542  1000.00      50259

07554    1000.00     VENDIDO POR LA       17380    1000.00     22748    1000.00     28725    1000.00     32613    1000.00     38506    1000.00     43553  1000.00

07607    1000.00     CONCESIONARIA F-012  17390    1000.00     22757    1000.00     28760    1000.00     32764    1000.00     38557    1000.00     43557  1000.00

07647    1000.00     MATILDE              17395    1000.00     22888    1000.00     28789    1000.00     32999    1000.00     38612    1000.00     43569  1000.00

07702    1000.00     ARAUZ BRIONES        17446    1000.00     22964    1000.00     28810    1000.00                          38616    1000.00     43641  1000.00      C$20,000.00

07878    1000.00     ESTELI               17526    1000.00                          28818    1000.00     33013    1000.00     38798    1000.00     43848  1000.00
                                                                                                                                                   44     MIL
                                          17634    1000.00     23007    1000.00     28832    1000.00     33233    1000.00     38848    1000.00                         JINOTEPE

08111    1000.00                          17705    1000.00     23067    1000.00     28850    1000.00     33242    1000.00     38884    2000.00     44007  1000.00

08128    1000.00     12474    2,000.00    17724    1000.00     23173    1000.00     28924    1000.00     33343    1000.00     38954    1000.00     44186  1000.00

08315    1000.00     12475    1000.00     17876    1000.00     23232    2000.00     28954    1000.00     33404    1000.00                          44222  1000.00      50464  1000.00
                                                                                    29       MIL                              38993    1000.00
08367    1000.00     12476    1000.00     17879    2000.00     23247    1000.00                          33418    1000.00        39    MIL         44364  1000.00      50724  1000.00
08380    1000.00                                                                    29012    1000.00
                     12521    1000.00     17886    1000.00     23320    1000.00                          33440    1000.00     39270    1000.00     44420  1000.00      50735  1000.00
08531    1000.00                                               23430    1000.00     29034    1000.00
                     12835    1000.00     17957    1000.00                                               33734    1000.00                          44481  1000.00      50988  1000.00

NOTA: LOS BILLETES TERMINADOS EN 2473 GANAN C$4,800.00, LOS TERMINADOS EN 473 GANAN C$2,400.00, LOS TERMINADOS EN 73 GANAN

C$1,200.00, LOS TERMINADOS EN 3 GANAN C$600.00. TODOS LOS NUMEROS DE LA PRESENTE LISTA Y QUE A LA VEZ TENGAN TERMINACIONES

DEL PREMIO MAYOR TIENEN DERECHO AL PREMIO Y A LA TERMINACION. SE EXCEPTUA AL PREMIO MAYOR EN TODAS LAS TERMINACIONES.

         ESTA LISTA ES GRATIS · VISITE WWW.LOTERIANACIONAL.COM.NI
