                                                                 SORTEO                        ORDINARIO             Nº          1515

                                                                                                                                                                   MANAGUA

                                                                 3,500,000Córdobas                                                                                 15 DE JUNIO

                                                                                                                                                                           2010

                                                                                                                                                                   CADUCIDAD

                                                                                                                                                               23 DE SEPTIEMBRE

                                                                                                                                                                           2010

                                                                                                                                                               LISTA OFICIAL

01       MIL         07394    1000.00     14052    1000.00       20       MIL         24780    1000.00      28755    1000.00     34385    1000.00     39374    1000.00     44382  1000.00

01030    1000.00     07403    1000.00     14129    1000.00       20004    3000.00     24917    1000.00      28779    1000.00     34445    1000.00     39413    1000.00     QUINTO PREMIO

01115    1000.00     07432    1000.00     14203    1000.00       20033    1000.00     24940    1000.00      28883    1000.00     34535    1000.00     39416    1000.00     44386

01135    1000.00     07690    1000.00     14356    1000.00       20033    1000.00     25034    1000.00      28906    1000.00     34565    1000.00     39465    1000.00

01190    1000.00     07835    1000.00     14473    1000.00       20130    1000.00     25035    1000.00      28926    1000.00     34644    1000.00     39516    1000.00

01193    1000.00     07853    1000.00     14507    1000.00       20275    1000.00     25036    2,000.00     29078    1000.00     34684    1000.00     39652    1000.00     C$20,000.00

01365    1000.00     08272    1000.00     14543    15,000.00     20347    1000.00                           29097    1000.00     34698    1000.00     39699    2000.00

01370    1000.00     08292    1000.00     14582    1000.00       20384    1000.00     PREMIO                29154    2000.00     35195    1000.00     39945    1000.00     JINOTEGA

01390    1000.00     08297    1000.00     14608    1000.00       20385    1000.00     MAYOR                 29196    1000.00     35336    1000.00     40015    1000.00

01425    1000.00     08598    1000.00     14687    1000.00       20388    1000.00     25037                 29248    1000.00     35374    1000.00     40019    1000.00

01505    1000.00     08715    1000.00     14702    1000.00       20432    1000.00                           29441    2000.00     35427    1000.00     40052    1000.00     44578  1000.00

01523    1000.00     08864    1000.00     14715    1000.00       20495    1000.00                           29512    2000.00     35446    1000.00     40087    1000.00     44643  1000.00

01605    1000.00     08947    1000.00     14744    1000.00       20529    1000.00                           29642    1000.00     35643    2000.00     40099    1000.00     44860  1000.00

01710    1000.00                          14859    1000.00       20535    1000.00                           29665    1000.00     35774    1000.00     40257    1000.00     44870  1000.00

01736    1000.00     09101    1000.00     14889    1000.00       20780    1000.00                           29710    1000.00     35801    1000.00     40286    1000.00     44906  1000.00

01774    1000.00     09189    2000.00     15048    1000.00       20784    1000.00                           29744    1000.00     35826    1000.00     40311    1000.00     45     MIL

01792    1000.00     09240    1000.00     15050    1000.00       20818    1000.00                           29798    1000.00     35843    1000.00     40337    1000.00     45010  1000.00

01917    1000.00     09305    1000.00     15063    1000.00       20827    1000.00                           29824    1000.00     35890    1000.00     40377    1000.00     45270  1000.00

02157    1000.00     09347    1000.00     15180    1000.00       20863    1000.00     C$3,500,000.00        29872    1000.00     35970    1000.00     40423    1000.00     45320  1000.00

02200    2000.00     09476    1000.00     15262    1000.00       21034    1000.00                           29875    1000.00     35979    2000.00     40624    1000.00     45386  1000.00

02296    1000.00     09586    1000.00     15309    1000.00       21090    1000.00                           29992    1000.00     35987    1000.00     40671    1000.00     45446  1000.00

02391    1000.00     09666    1000.00     15345    1000.00       TERCER PREMIO        VENDIDO POR EL                                                  40833    1000.00     45458  1000.00

02442    1000.00     09714    2000.00     15353    1000.00       21137                CONCESIONARIO H-150   30049    1000.00     36008    1000.00     40849    1000.00     45473  1000.00

02537    1000.00     09790    1000.00     15369    1000.00                            GILBERT LIONEL SMITH  30267    1000.00                          40863    1000.00     45636  1000.00

02553    1000.00     09992    1000.00     15463    1000.00                            CARTER                30324    1000.00     TERCER PREMIO        40900    1000.00     45733  1000.00

02572    1000.00     10009    1000.00     15506    1000.00                                                  30369    1000.00     36082                                     45773  1000.00

02588    1000.00     10066    1000.00     15506    1000.00                            MASAYA                30370    1000.00                          41047    1000.00     45783  1000.00

02648    1000.00     10215    1000.00     15527    1000.00                                                  30375    1000.00                          41326    1000.00     45842  1000.00

02763    1000.00     10325    1000.00     15576    1000.00       C$50,000.00                                30418    1000.00                          41328    1000.00     45875  1000.00

02771    1000.00     10362    1000.00     15635    1000.00                            25038    2,000.00     30463    1000.00                          41348    1000.00     45882  1000.00

                     10372    1000.00     15780    1000.00       JUIGALPA             25039    1000.00      30605    1000.00                          41358    1000.00     45944  1000.00

03119    1000.00     10447    1000.00     15819    1000.00                            25040    1000.00      30616    1000.00     C$50,000.00          41396    1000.00     46     MIL

03126    1000.00     10555    1000.00     15889    1000.00                            25065    1000.00      30722    1000.00                          41424    1000.00     46012  1000.00

03153    1000.00     10584    1000.00     15994    1000.00       21295    1000.00     25148    1000.00      30835    1000.00     MANAGUA              41566    2000.00     46018  1000.00

03165    1000.00     10610    1000.00                            21328    1000.00     25190    1000.00      30846    1000.00                          41627    1000.00     46179  1000.00

03189    1000.00     10722    1000.00     16026    1000.00       21343    1000.00     25263    1000.00      30901    1000.00                          41777    1000.00     46319  1000.00

03281    1000.00     10790    1000.00     16156    1000.00       21398    1000.00     25316    1000.00      30930    1000.00     36229    1000.00     41832    1000.00     46560  1000.00

03291    1000.00     10951    1000.00     16445    1000.00       21575    1000.00     25342    1000.00      30947    1000.00     36232    2000.00     41918    1000.00     46573  1000.00

03387    1000.00     10988    3000.00     16515    1000.00       21600    2000.00     25445    1000.00      30948    1000.00     36479    1000.00     41933    1000.00     46729  1000.00

03431    1000.00                          16581    1000.00       21606    1000.00     25474    1000.00      30989    1000.00     36667    1000.00     42030    1000.00     46738  1000.00

03433    1000.00     11077    1000.00     16622    1000.00       21680    1000.00     25535    1000.00      31123    1000.00     36679    1000.00     42039    1000.00     46806  1000.00

03596    1000.00     11385    1000.00     16640    1000.00       21885    1000.00     25554    1000.00      31125    1000.00     36679    1000.00     42087    1000.00     46881  1000.00

03659    1000.00     11386    1000.00     16671    1000.00                            25561    1000.00      31209    1000.00     36760    1000.00     42096    1000.00     47     MIL

03754    1000.00     11400    1000.00     16769    1000.00       22054    1000.00     25648    1000.00      31264    1000.00     36762    1000.00     42233    1000.00     47329  1000.00

03772    2000.00     11405    1000.00     16781    1000.00       22068    1000.00     25672    1000.00      31576    1000.00     36771    2000.00     42239    1000.00

03865    1000.00     11445    1000.00     16840    10,000.00     22282    1000.00     25823    1000.00      31578    1000.00     36872    1000.00     42248    2000.00     47343  1000.00

03998    1000.00     11450    1000.00     17130    1000.00       22375    1000.00     25826    1000.00      31792    1000.00     37108    1000.00     42302    1000.00     47356  1000.00

04307    2000.00     11530    1000.00     17191    1000.00       22585    1000.00     25852    1000.00      31922    1000.00     37124    1000.00     42434    1000.00     47536  1000.00

04333    1000.00     11538    1000.00     17202    1000.00       22721    1000.00     25874    1000.00                           37164    1000.00     42535    1000.00     47553  1000.00

04450    1000.00     11567    1000.00     17205    2000.00       22729    1000.00     25945    1000.00      32021    1000.00     37205    1000.00     42565    1000.00     47557  1000.00

04480    1000.00     11657    1000.00     17340    1000.00       22738    1000.00     25963    1000.00      32102    1000.00     37286    2000.00     42624    1000.00     47612  1000.00

04482    1000.00     11663    1000.00     17414    1000.00       22751    1000.00     26037    1000.00      32123    3000.00     37324    1000.00     42627    1000.00     47695  1000.00

04484    1000.00     11785    1000.00     17474    1000.00       22837    1000.00     26069    1000.00      32135    1000.00     37339    1000.00     42637    1000.00     47978  1000.00

04495    1000.00     11915    1000.00     17576    1000.00       22949    1000.00     26190    1000.00      32148    1000.00     37417    1000.00     42728    1000.00     47984  1000.00

04575    1000.00                          17648    1000.00       22986    1000.00     26284    1000.00      32152    1000.00     37534    1000.00     42792    1000.00     48     MIL

04605    1000.00     12011    1000.00     17812    1000.00       23174    1000.00     26346    1000.00      32264    1000.00     37548    1000.00     42932    1000.00     48113  1000.00

04633    1000.00     12257    1000.00     17899    1000.00       23183    1000.00     26612    1000.00      32604    1000.00     37608    1000.00                          48305  1000.00

04956    1000.00     12308    1000.00     17964    1000.00       23282    1000.00     26832    1000.00      32658    2000.00     37610    1000.00     43056    1000.00     48424  1000.00

04968    1000.00     12421    1000.00                            23365    1000.00                           32790    1000.00     37763    10,000.00   CUARTO PREMIO        48580  1000.00

04970    1000.00     12566    2000.00     18035    1000.00       23492    1000.00     27029    1000.00      32835    1000.00     37872    1000.00     43127                48680  1000.00

                     12583    1000.00     18049    1000.00       23696    1000.00     27147    1000.00      32893    1000.00     37908    1000.00                          48826  1000.00

05216    1000.00     12621    1000.00     18259    1000.00       23739    1000.00     27165    1000.00      32987    1000.00     37930    1000.00                          48977  1000.00

05228    1000.00     12796    1000.00     18472    1000.00       23749    1000.00     27280    2000.00      32992    1000.00                                               48998  1000.00
                                                                                                                                                                           49     MIL
05290    1000.00     12831    1000.00     18482    1000.00       SEGUNDO              27341    1000.00                           38028    1000.00

05379    1000.00     12862    1000.00     18588    1000.00       PREMIO               27367    1000.00      33029    1000.00     38115    1000.00     C$25,000.00          49013  1000.00

05743    1000.00     12896    1000.00     18612    1000.00       23750                27587    1000.00      33152    1000.00     38180    1000.00            LEON          49073  1000.00

05953    1000.00     12910    1000.00     18856    1000.00                            27740    1000.00      33405    1000.00     38391    1000.00                          49184  1000.00

05981    1000.00     12974    1000.00     18988    1000.00                            27770    1000.00      33426    1000.00     38459    1000.00                          49444  1000.00

                     13007    1000.00                                                 27908    1000.00      33466    1000.00     38555    1000.00     43266    1000.00     49512  1000.00

06042    2000.00     13123    1000.00     19020    1000.00                            27962    1000.00      33467    1000.00     38590    1000.00     43344    2000.00     49690  1000.00

06394    1000.00     13210    1000.00     19049    1000.00                                                  33554    1000.00     38631    3000.00     43359    1000.00     49716  1000.00

06405    1000.00     13231    2000.00     19093    1000.00       C$300,000.00         28046    1000.00      33616    2000.00     38719    1000.00     43391    3000.00     49747  1000.00

06475    1000.00     13268    1000.00     19101    1000.00                            28061    1000.00      33766    1000.00     38766    1000.00     43441    2000.00     49931  1000.00

06506    1000.00     13276    1000.00     19304    1000.00       RIVAS                28086    1000.00      33802    1000.00     38831    1000.00     43534    2000.00     49934  1000.00

06858    1000.00     13363    1000.00     19336    1000.00                            28149    2000.00      33813    1000.00     38942    1000.00     43565    1000.00     50     MIL

06942    1000.00     13388    1000.00     19400    1000.00       23803    1000.00     28183    1000.00      33831    1000.00                          43677    1000.00     50014  1000.00

06995    1000.00     13457    1000.00     19450    1000.00       23875    1000.00     28192    1000.00      33886    3000.00     39021    1000.00     43734    1000.00     50266  1000.00

                     13476    1000.00     19529    1000.00                            28269    1000.00      33905    1000.00     39072    1000.00     43859    1000.00     50275  1000.00

CUARTO PREMIO        13740    1000.00     19579    1000.00       24067    3000.00     28279    1000.00      33961    1000.00     39085    1000.00     43888    1000.00     50289  1000.00
07043
                     13879    1000.00     19580    1000.00       24199    1000.00     28285    1000.00      33998    1000.00     39139    2000.00     43965    1000.00     50376  1000.00

                     13888    1000.00     19583    1000.00       24206    1000.00     28360    1000.00      34010    1000.00     39156    1000.00                          50376  1000.00

                     13917    2000.00     19600    1000.00       24229    1000.00     28383    2000.00      34195    1000.00     39176    1000.00     44007    1000.00     50383  2000.00

C$25,000.00          13959    1000.00     19669    1000.00       24376    1000.00     28412    1000.00      34262    2000.00     39203    1000.00     44020    1000.00     50493  1000.00

                     13990    1000.00     19718    1000.00       24502    1000.00     28456    1000.00      34284    1000.00     39244    1000.00     44078    1000.00     50641  2000.00

ESTELI                                    19786    1000.00       24507    1000.00     28511    1000.00      34286    2000.00     39265    1000.00     44203    1000.00     50678  1000.00

                                          19946    1000.00       24593    1000.00     28571    1000.00                           39303    1000.00     44203    1000.00

NOTA: LOS BILLETES TERMINADOS EN 5037 GANAN C$4,800.00, LOS TERMINADOS EN 037 GANAN C$2,400.00, LOS TERMINADOS EN 37 GANAN

C$1,200.00, LOS TERMINADOS EN 7 GANAN C$600.00. TODOS LOS NUMEROS DE LA PRESENTE LISTA Y QUE A LA VEZ TENGAN TERMINACIONES

DEL PREMIO MAYOR TIENEN DERECHO AL PREMIO Y A LA TERMINACION. SE EXCEPTUA AL PREMIO MAYOR EN TODAS LAS TERMINACIONES.

         ESTA LISTA ES GRATIS · VISITE WWW.LOTERIANACIONAL.COM.NI
