                                                       SORTEO              EXTRAORDINARIO                          Nº     1516

                                                                                                                                            MANAGUA

                                                       5,000,000Córdobas                                                                    22 DE JUNIO

                                                                                                                                                     2010

                                                                                                                                            CADUCIDAD

                                                                                                                                            30 DE SEPTIEMBRE

                                                                                                                                                     2010

                                                                                                                                            LISTA OFICIAL

01     MIL      06452  1200.00    11814  1200.00       15922  1200.00      22365  1200.00      26592  1200.00      32948  1200.00    39682  1200.00  45331  3000.00

01026  1200.00  06481  1200.00    11966  1200.00       15956  1200.00      22370  1200.00      26675  2000.00      32978  1200.00    39727  3000.00  45419  1200.00
                06688  1200.00    11993  1200.00       16     MIL                              27     MIL
01043  1200.00                    12     MIL                               22440  1200.00                          32979  1200.00    39730  1200.00  45467  1200.00
01073  2000.00  06703  1200.00                                                                 27052  1200.00      33     MIL
                                                       16002  1200.00      22462  2000.00                                            39763  1200.00  45498  1200.00
01081  1200.00                    12229  1200.00                           22481  1200.00      27103  1200.00
                QUINTO PREMIO     12234  1200.00       16031  1200.00                          27127  1200.00      33137  1200.00    39837  1200.00  45703  1200.00
01164  1200.00                                         16218  1200.00      22507  1200.00
01219  1200.00  06759             12374  1200.00                                               27354  1200.00      33346  1200.00    39877  1200.00  45741  1200.00
                                                       16271  1200.00      22752  1200.00                                            40     MIL
01303  1200.00                    12469  2000.00       16277  1200.00                          27396  1200.00      33548  1200.00                    45782  1200.00
                                                                           22756  1200.00
01347  1200.00                    12559  1200.00       16362  1200.00      22786  1200.00      27424  1200.00      33572  1200.00    40288  1200.00  45846  1200.00

01373  2000.00  C$20,000.00       12597  1200.00       16420  1200.00      22859  1200.00      27653  1200.00      33655  1200.00    40458  1200.00  45878CUARTO PREMIO

01442  1200.00  LEON              12601  1200.00       16620  1200.00      22956  1200.00      27875  1200.00      33698  1200.00    40466  1200.00

01509  1200.00                    12840  1200.00       16662  1200.00      23     MIL          27963  1200.00      33769  2000.00    40633  1200.00

01822  1200.00                    12914  1200.00       16770  2000.00      23138  1200.00      28     MIL          33837  1200.00    40686  1200.00

01886  1200.00  06786  1200.00    13     MIL           16830  1200.00      23151  1200.00      28002  1200.00      33932  1200.00    40786  1200.00
                                                                                                                   34     MIL                        C$25,000.00
01982  1200.00  06807  1200.00    13148  1200.00       16860  1200.00      23237  1200.00      28015  2000.00                        40863  1200.00

02     MIL      07     MIL        13173  1200.00       16902  1200.00      23247  1200.00      28104  1200.00      34127  1200.00    40871  1200.00  MANAGUA

02109  1200.00  07035  1200.00    13230  1200.00       16932  1200.00      23342  1200.00      28145  1200.00      34239  1200.00    40954  1200.00
                                                       17     MIL
02156  1200.00  07211  1200.00    13270  1200.00                           23557  1200.00      28178  2000.00      34259  1200.00    40988  1200.00
                                                       17002  1200.00                                                                41     MIL
02203  1200.00  07281  1200.00    13288  1200.00                           23638  1200.00      28479  1200.00      34347  1200.00                    45903  1200.00
                                                       17028  2000.00
02345  1200.00  07332  1200.00    13331  2000.00       17070  1200.00      23743  1200.00      28625  1200.00      34403  1200.00    41074  2000.00  45953  1200.00
                07356  1200.00    13385  1200.00                                               28677  1200.00                                        46     MIL
02396  1200.00                                         17118  1200.00      23778  1200.00      29     MIL          34502  1200.00    41105  1200.00
02636  1200.00  07574  1200.00    13402  1200.00
                07599  1200.00    13436  1200.00       17118  1200.00      23908  1200.00      29082  1200.00      34528  1200.00    41133  1200.00  46029  1200.00
02680  1200.00                                                             23947  1200.00
02912  1200.00  07627  1200.00    13534  1200.00       17141  1200.00                          29337  1200.00      34595  1200.00    41176  1200.00  46034  1200.00
                                                                           23955  1200.00
03     MIL      07644  1200.00    13579  1200.00       17148  1200.00      24     MIL          29437  1200.00      34684  1200.00    41198  1200.00  46100  1200.00

03020  1200.00  07677  1200.00    13728  2000.00       17148  1200.00      24022  1200.00      29516  1200.00      34726  1200.00    41232  1200.00  46140  1200.00

03108  1200.00  07696  1200.00    13780  1200.00       17180  1200.00      24102  1200.00      29697  1200.00      34770  2000.00    41352  1200.00  46153  1200.00

03141  1200.00  07736  1200.00    13783  1200.00       17280  1200.00      24134  1200.00      29714  1200.00      34831  1200.00    41354  1200.00  46168  1200.00

03237  2000.00  07959  1200.00    13805  1200.00       17533  1200.00      24187  1200.00      29733  1200.00      35     MIL        41436  1200.00  46232  1200.00

03286  1200.00  07963  1200.00    13843  1200.00       17888  1200.00      24242  1200.00      29734  1200.00      35029  1200.00    41500  1200.00  46381  1200.00

03316  1200.00  08     MIL        13892  1200.00       18     MIL          24298  1200.00      29810  2000.00      35108  1200.00    41548  1200.00  46382  1200.00

03420  1200.00  08005  1200.00    13904  1200.00       18060  2000.00      24305  1200.00      29827  1200.00      35109  1200.00    41552  1200.00  46492  1200.00

03486  1200.00  08143  1200.00    13907  1200.00       18239  1200.00      24315  1200.00      29932  2000.00      35210  1200.00    41739  1200.00  46518  1200.00

03511  1200.00  08182  1200.00    13973  1200.00       18457  1200.00      24319  1200.00      30     MIL          35313  1200.00    41790  1200.00  46565  1200.00

03637  1200.00  08200  1200.00    14     MIL           18506  1200.00      24341  1200.00      30103  1200.00      35325  1200.00    41810  1200.00  46599  1200.00

03641  1200.00  08293  1200.00    14062  1200.00       18533  1200.00      24416  1200.00      30125  1200.00      35555  1200.00    41931  1200.00  46607  1200.00

03672  1200.00  08465  1200.00    14142  1200.00       18600  1200.00      24463  1200.00      30162  1200.00      35819  1200.00    42     MIL      46664  1200.00
                                                       18680  1200.00
03681  1200.00  08503  1200.00    14166  1200.00       18718  1200.00      24473  1200.00      30200  2000.00      36     MIL        42084  1200.00  46749  1200.00

03711  1200.00  08550  1200.00    14265  1200.00       18796  1200.00      24483  1200.00      30251  1200.00      36045  1200.00    42182  1200.00  46761  1200.00

03811  1200.00  08665  1200.00    14281  1200.00                           24631  1200.00      30309  1200.00      36181  1200.00    42461  1200.00  46830  1200.00
                                                       18802  1200.00                                                                                47     MIL
03886  1200.00  08705  1200.00    14284  1200.00       18849  1200.00      24634  1200.00      30335  1200.00      36183  2000.00    42557  1200.00
                08844  3000.00    14288  1200.00                                               30380  1200.00                                        47022  1200.00
03917  1200.00                                         18944  1200.00      24666  1200.00                          36196  1200.00    42581  1200.00
03986  1200.00  08846  1200.00    14320  1200.00                                               30420  1200.00                                        47184  1200.00
                                                       18955  1200.00      24746  15,000.00                        36576  1200.00    42712  1200.00
04     MIL      08899  1200.00    14462  1000.00                           24751  1200.00      30535  1200.00                                        47222  1200.00
                                                       18999  2000.00                                              36613  3000.00    42867  1200.00
04004  1200.00  08946  1200.00    14463  1000.00       19     MIL          24927  1200.00      30592  1200.00                                        47434  1200.00
                                                                                                                   36637  1200.00    42961  2000.00
04072  1200.00  09     MIL        14464  2,000.00      19014  1200.00                          30689  1200.00                        43     MIL      47823  1200.00
                                                                                                                   36763  1200.00
04144  1200.00  09063  1200.00    PREMIO               19018  1200.00      24986TERCER PREMIO  30822  1200.00                                        47879  1200.00
                                                                                                                   36896  1200.00    43006  1200.00
04152  1200.00  09066  1200.00                         19094  1200.00                          30866  1200.00                                        47897  1200.00
                                  14465MAYOR                                                                       36980  1200.00    43048  1200.00
04193  2000.00  09073  1200.00                         19111  1200.00                          30921  1200.00      37     MIL                        47937  1200.00
                                                                                                                                     43050  1200.00  48     MIL
04217  1200.00  09088  1200.00                         19130  1200.00                          30965  1200.00
                09170  1200.00                                                                 31     MIL          37004  1200.00    43081  1200.00  48057  1200.00
04277  1200.00                                         19201  1200.00
04343  1200.00  09188  2000.00                                                                 31032  1200.00      37123  1200.00    43118  1200.00  48114  1200.00
                                                       19232  1200.00
04384  1200.00  09317  1200.00                         19404  1200.00      C$50,000.00         31081  1200.00      37164  1200.00    43155  1200.00  48115  1200.00

04385  1200.00  09355  1200.00                         19545  1200.00      PUERTO              31098  2000.00      37209  1200.00    43183  1200.00  48137  1200.00

04402  1200.00  09356  1200.00                         19768  1200.00      CABEZAS             31100  1200.00      37222  1200.00    43217  1200.00  48166  2000.00
                                                       20     MIL
04476  2000.00  09390  1200.00                                                                 31135  1200.00      37279  1200.00    43226  1200.00  48215  1200.00
                09402  1200.00                                                                 31175  1200.00
04572  1200.00  09603  1200.00                         20032  1200.00      25     MIL          31192  1200.00      37382  1200.00    43321  1200.00  48270  1200.00
04660  1200.00
04668  1200.00  09628  1200.00                         20054  1200.00                          31231  1200.00      37617  1200.00    43354  1200.00  48279  1200.00
                                                       20279  1200.00
04770  1200.00  09839  1200.00    C$ 5,000,000.00      20356  3000.00      25037  1200.00      31245  1200.00      37630  1200.00    43645  1200.00  48382  1200.00
                                                                           25107  1200.00
04813  1200.00  09871  1200.00                         20362  1200.00                          31459  1200.00      37674  1200.00    43987  1200.00  48503  1200.00
                                                                           25361  1200.00                                            44     MIL
04831  2000.00  10     MIL                             20413  1200.00      25626  2000.00      31563  1200.00      37735  1200.00                    48532  1200.00

04839  1200.00  10058  1200.00    VENDIDO POR LA       20436  1200.00      25697  1200.00      31666  1200.00      37751  1200.00    44063  1200.00  48574  1200.00

04839  1200.00  10125  1200.00    CONCESIONARIA K-223  20787  1200.00      25843  1200.00      31713  1200.00      37971  1200.00    44076  1200.00  48826  1200.00

04875  1200.00  10148  1200.00    DORIS DEL CARMEN     20822  1200.00      25876  1200.00      31755  1200.00      37976  2000.00    44092  1200.00  48850  1200.00

04887  1200.00  10313  1200.00    GARCIA QUEZADA       20840  1200.00      25935  1200.00      31860  1200.00      37983  1200.00    44116  1200.00  48959  1200.00

05     MIL      10372  1200.00                         20882  1200.00      25948  1200.00      31901  1200.00      37985  1200.00    44119  1200.00  48994  1200.00
                                                                                                                                                     49     MIL
05019  1200.00  10383  1200.00    JINOTEPE             20974  1200.00      25977  1200.00      32     MIL          37989  1200.00    44152  1200.00
                                                                                                                   38     MIL                        49006  1200.00
05052  1200.00  10385  1200.00                         21     MIL          26     MIL          32089  1200.00                        44183  1200.00
                                                                                                                                                     49046  1200.00
05069  1200.00  10457  1200.00    14466  2,000.00      21100  1200.00      26021  1200.00      32101  1200.00      38057  1200.00    44233  1200.00
                                                                                                                                                     49052  1200.00
05081  1200.00  10469  1200.00    14467  1000.00       21119  1200.00      26102  1200.00      32109  1200.00      38119  1200.00    44239  2000.00
                                                       21474  1200.00                                                                                49142  1200.00
05293  1200.00  10579  1200.00    14468  1000.00                           26147  1200.00      32154  1200.00      38247  1200.00    44239  1200.00
                                                       21489  1200.00                                                                                49238  1200.00
05301  1200.00  10662  1200.00    14552  1200.00                           26150  1200.00      32372  1200.00      38250  1200.00    44303  1200.00
                                  14615  1200.00       21500  1200.00                                                                                49339  1200.00
05307  1200.00  10928  1200.00                                                                 32631  1200.00      38398  1200.00    44387  1200.00
                11     MIL        14648  1200.00       21755  1200.00                                                                                49632  1200.00
05327  1200.00                                                             SEGUNDO             32681  1200.00      38401  1200.00    44388  1200.00
                11018  1200.00    14763  1200.00       21794  1200.00                          32794  1200.00                                        49798  1200.00
05426  1200.00                                                             26289PREMIO                             38515  1200.00    44448  1200.00
05449  1200.00  11037  1200.00    14792  1200.00       21952  1200.00                          32807  1200.00                                        49822  1200.00
                                                       22     MIL                                                  38607  1200.00    44665  1200.00
05477  1200.00  11047  1200.00    14850  2000.00                                               32848  1200.00                                        49884  1200.00
                                                                                                                   38708  1200.00    44777  2000.00
05527  1200.00  11048  1200.00    14851  1200.00       22070  3000.00                                                                                49929  1200.00
                                  15     MIL           22155  2000.00                                              38813  10,000.00  44792  1200.00
05570  1200.00  11089  1200.00                                                                 32909CUARTO PREMIO                                    49958  1200.00
                                                       22213  1200.00                                              38837  1200.00    44813  1200.00  50     MIL
05581  1200.00  11124  1200.00    15002  1200.00
                                  15037  1200.00       22215TERCER PREMIO                                          38867  1200.00    44886  1200.00  50146  1200.00
05850  1200.00  11134  1200.00
                11375  1200.00    15101  1200.00                                                                   38887  1200.00    44895  1200.00  50151  1200.00
05874  1200.00
05926  1200.00  11425  1200.00    15236  2000.00                                                                   38959  1200.00    44957  1200.00  50168  1200.00
                                                                                                                   39     MIL        45     MIL
05927  1200.00  11464  3000.00    15241  1200.00                                                                                                     50235  1200.00
                                  15573  1200.00                           C$400,000.00                            39146  1200.00    45167  1200.00
05946  1200.00  11505  1200.00                                                                 C$25,000.00                                           50401  1200.00
06     MIL                        15595  1200.00                                                                   39185  1200.00    45196  1200.00
                11530  1200.00    15644  1200.00       C$50,000.00         MANAGUA             OCOTAL                                                50422  1200.00
                                                                                                                   39316  1200.00    45230  1200.00
06023  1200.00  11779  10,000.00  15679  1200.00       MANAGUA                                                                                       50543  1200.00
                                                                                                                   39409  1200.00    45232  1200.00
06435  1200.00  11811  1200.00                                                                                                                       50840  1200.00

NOTA: LOS BILLETES TERMINADOS EN 4465 GANAN C$6,400.00, LOS TERMINADOS EN 465 GANAN C$3,200.00, LOS TERMINADOS EN 65 GANAN

C$1,600.00, LOS TERMINADOS EN 5 GANAN C$800.00. TODOS LOS NUMEROS DE LA PRESENTE LISTA Y QUE A LA VEZ TENGAN TERMINACIONES

DEL PREMIO MAYOR TIENEN DERECHO AL PREMIO Y A LA TERMINACION. SE EXCEPTUA AL PREMIO MAYOR EN TODAS LAS TERMINACIONES.

       ESTA LISTA ES GRATIS · VISITE WWW.LOTERIANACIONAL.COM.NI
