                                                  SORTEO ORDINARIO Nº 1517

                                                                                                                              MANAGUA

                                                  3,500,000Córdobas                                                           29 DE JUNIO

                                                                                                                                         2010

                                                                                                                              CADUCIDAD

                                                                                                                              07 DE OCTUBRE

                                                                                                                                         2010

                                                                                                                              LISTA OFICIAL

01     MIL        07551  1000.00  14055  1000.00  19813  1000.00       23465  1000.00  30148  1000.00  35990  1000.00  41212  1000.00    46381  2000.00
                                                                                                       36     MIL
01040  1000.00    07562  1000.00  14088  1000.00  19953  2000.00       23652  2000.00  30163  1000.00                  41302  1000.00    46384  1000.00
                                                  19958  1000.00       23732  1000.00
01148  1000.00    07699  1000.00  14105  1000.00  20     MIL           23806  1000.00  30176  1000.00  36009  2000.00  41306  1000.00    46469  1000.00
                  07825  1000.00  14208  2000.00                                       30189  1000.00  36381  2000.00
01269  1000.00    07876  1000.00  14316  1000.00  20010  1000.00       23849  1000.00  30249  1000.00  36679  1000.00  41419  1000.00    46775  1000.00
01333  1000.00
01393  1000.00    07941  1000.00  14323  1000.00  20039  1000.00       23855  1000.00  30305  1000.00  36725  1000.00  41548  1000.00    46859  1000.00

01397  1000.00    08     MIL      14429  1000.00  20131  1000.00       23882  1000.00  30334  1000.00  36748  1000.00  41621  1000.00    46883  1000.00
                                                                                                                                         47     MIL
01558  1000.00    08076  1000.00  14448  1000.00  20475  1000.00       23944  1000.00  30638  1000.00  36797  2000.00  41685  1000.00

01567  1000.00    08144  1000.00  14483  1000.00  20543  2000.00       24     MIL      30825  1000.00  36870  1000.00  41716  1000.00    47002  1000.00

01661  2000.00    08186  2000.00  14507  1000.00  20565  1000.00       24535  1000.00  30981  1000.00  36941  1000.00  41816  1000.00    47160  1000.00

01852  1000.00    08241  2000.00  14510  1000.00  20681  1000.00       24562  2000.00  31     MIL      36980  1000.00  41827  1000.00    47229  1000.00

01875  1000.00    08255  1000.00  14579  1000.00  20685  1000.00       24603  1000.00  31029  1000.00  37     MIL      41865  1000.00    47292  1000.00
                                                                                                                       42     MIL
02     MIL                        14660  1000.00  20697  1000.00       24610  1000.00  31092  1000.00  37052  1000.00                    47300  1000.00

02127  3000.00    QUINTO PREMIO   14734  1000.00  20707  1000.00       24647  1000.00  31213  1000.00  37136  1000.00  42032  1000.00    47495  1000.00

02256  1000.00    08259           14903  1000.00  20735  1000.00       24724  1000.00  31216  1000.00  37471  1000.00  42179  1000.00    47497  1000.00

02285  1000.00                    14992  1000.00  20799  1000.00       24758  3000.00  31339  1000.00  37876  1000.00  42187  1000.00    47540  1000.00

02339  1000.00                    15     MIL      20804  1000.00       24805  1000.00  31425  3000.00  37911  1000.00  42256  1000.00    47558  2000.00

02588  1000.00    C$20,000.00     15034  1000.00  20854  1000.00       25     MIL      31649  1000.00  37934  1000.00  42368  1000.00    47633  1000.00

02589  1000.00    MANAGUA         15179  1000.00  20895  1000.00       25023  1000.00  31678  1000.00  38     MIL      42424  1000.00    47652  3000.00

02589  1000.00                    15384  1000.00  20967  1000.00       25033  1000.00  31730  1000.00  38105  1000.00  42437  1000.00    47682  1000.00

02722  1000.00                    15527  1000.00  20974  1000.00       25054  1000.00  31788  1000.00  38106  2000.00  42515  1000.00    47786  1000.00
                                                  21     MIL
02759  1000.00    08546  1000.00  15586  1000.00                       25089  1000.00  31789  1000.00  38146  1000.00  42557  1000.00    47800  1000.00

02927  1000.00    08873  1000.00  15664  1000.00  21000  1000.00       25114  1000.00  31883  2000.00  38263  1000.00  42623  1000.00    47826  1000.00
03     MIL                                        21095  1000.00       25202  1000.00
                  08973  1000.00  15680  1000.00                                       31904  1000.00  38282  1000.00  42710  1000.00    47833  1000.00
                  09     MIL      15767  1000.00  21263  1000.00       25243  1000.00  31910  1000.00
03048  1000.00                                                                                         38348  1000.00  42734  1000.00    47921  1000.00
03072  1000.00    09138  1000.00  15782  1000.00  21303  1000.00       25252  1000.00  31972  1000.00                                    48     MIL
                                                                                       32     MIL      38519  1000.00  42998  1000.00
03160  1000.00    09431  1000.00  15806  1000.00  21725  1000.00       25303  1000.00                                  43     MIL
                                                  21769  1000.00       25347  1000.00  32023  1000.00  38542  1000.00                    48023  1000.00
03183  1000.00    09474  1000.00  15810  1000.00
                  09502  1000.00  15914  1000.00  21869  1000.00       25383  1000.00  32070  1000.00  38681  1000.00  43130  1000.00    48056  1000.00
03281  2000.00
03357  1000.00    09633  1000.00  15965  1000.00  21895  1000.00       25445  1000.00  32076  1000.00  38709  1000.00  43202  3000.00    48105  1000.00

03371  1000.00    09649  1000.00  16     MIL      22     MIL           25456  1000.00  32131  1000.00  38723  1000.00  43214  1000.00    48119  1000.00

03379  1000.00    09827  1000.00  16027  1000.00  22109  1000.00       25593  1000.00  32143  1000.00  38734  1000.00  43275  1000.00    48167  1000.00

03428  1000.00    09883  1000.00  16129  1000.00  22317  1000.00       26     MIL      32547  2000.00  38739  1000.00  43322  2000.00    48183  1000.00

03441  1000.00    10     MIL      16174  1000.00  22444  1000.00       26031  1000.00  32563  1000.00                  43334  1000.00    48186  1000.00

03471  1000.00    10040  1000.00  16364  1000.00  22465  1000.00       26034  1000.00  32641  1000.00  TERCER PREMIO   43381  1000.00    48284  1000.00

03485  1000.00    10143  1000.00  16422  1000.00  22519  1000.00       26108  1000.00  32674  1000.00  38848           43554  1000.00    48363  1000.00

03608  1000.00    10160  1000.00  16439  1000.00  22605  1000.00       26125  1000.00  32800  1000.00                  43555  1000.00    48398  1000.00

03747  1000.00    10164  1000.00  16620  1000.00  22743  1000.00       26207  1000.00  32824  1000.00                  43585  1000.00    CUARTO PREMIO

03773  1000.00    10168  1000.00  16777  1000.00  22783  1000.00       26254  1000.00  32834  1000.00                  43713  1000.00    48453

03780  1000.00    10667  1000.00  16791  1000.00  22834  1000.00       26362  1000.00  32890  1000.00                  43736  1000.00

03853  1000.00    10710  2000.00  16869  1000.00  22849  1000.00       26370  1000.00  32934  1000.00                  43843  1000.00

03870  2000.00    10751  1000.00  16945  1000.00  22855  1000.00       26370  1000.00  32949  1000.00                  43880  1000.00
                                                  23     MIL                           33     MIL
03874  1000.00    10863  1000.00  16952  1000.00                       26440  1000.00                  C$50,000.00     43920  1000.00    C$25,000.00
                                                                                                                       44     MIL
03881  1000.00    10922  1000.00  16968  1000.00                       26543  1000.00  33006  1000.00                                    JUIGALPA
                  11     MIL      17     MIL                           26611  1000.00  33042  1000.00
03960  1000.00                                    TERCER PREMIO                                        GRANADA         44025  1000.00
04     MIL        11173  2000.00  17063  1000.00  23044                26761  1000.00  33047  1000.00
                                                                       27     MIL                                      44078  10,000.00
04042  1000.00    11333  1000.00  17065  1000.00                                       33064  1000.00
                  11362  1000.00  17076  1000.00                       27011  1000.00  33240  1000.00                  44112  1000.00    48566  1000.00
04064  1000.00
04200  1000.00    11401  1000.00  17081  1000.00                       27070  1000.00  33264  1000.00  38858  2000.00  44138  1000.00    48670  1000.00

04234  1000.00    11416  1000.00  17090  1000.00                       27081  1000.00  33264  1000.00  38945  1000.00  44253  1000.00    48851  1000.00

04246  1000.00    11423  1000.00  17142  1000.00                       27085  1000.00  33291  1000.00  38971  1000.00  44275  1000.00    48855  1000.00

04372  1000.00    11436  1000.00  17162  1000.00                       27273  1000.00  33313  1000.00  38973  1000.00  44393  2000.00    48904  1000.00

04432  1000.00    11591  1000.00  17195  1000.00  C$50,000.00          27318  1000.00  33457  1000.00  39     MIL      44424  1000.00    48998  1000.00
                                                                                                                                         49     MIL
04454  1000.00    11639  1000.00  17250  1000.00  MASAYA               27378  1000.00  33494  1000.00  39138  1000.00  44475  1000.00

04474  1000.00    11740  1000.00  17257  1000.00                       27414  1000.00  33633  1000.00  39330  1000.00  44480  1000.00    49012  1000.00

04734  2000.00    11769  1000.00  17349  1000.00                       27505  1000.00  33735  1000.00  39444  1000.00  44502  1000.00    49015  1000.00

04780  2000.00    11810  1000.00  17369  1000.00  23067  1000.00       27571  1000.00  33795  1000.00  39559  2000.00  44580  2000.00    49417  1000.00

04854  1000.00    11811  1000.00  17470  1000.00  23094  1000.00       27574  1000.00  34     MIL      39845  1000.00  44806  1000.00    49495  1000.00

04871  1000.00    11985  1000.00  17686  1000.00  23164  1000.00       27655  1000.00  34065  1000.00  39925  1000.00  44839  1000.00    SEGUNDO

04958  1000.00    12     MIL      17749  1000.00  23374  1000.00       27702  1000.00  34074  1000.00  39970  1000.00  44914  3000.00    PREMIO

04996  1000.00    12080  1000.00  17831  1000.00  23386  1000.00       27763  1000.00  34192  3000.00  39973  1000.00  44950  1000.00    49559

05     MIL        12323  1000.00  17906  1000.00  23459  1000.00       27844  1000.00  34217  1000.00  39976  1000.00  44956  1000.00
                                                                                                                       45     MIL
05050  2000.00    12384  1000.00  17908  1000.00  23460  1000.00       27940  1000.00  34240  1000.00  40     MIL
                                                                       28     MIL
05096  1000.00    12468  1000.00  17920  1000.00  23461  2000.00                       34249  1000.00  40136  1000.00  45003  1000.00

05173  1000.00    12622  1000.00  17933  1000.00  PREMIO               28100  1000.00  34269  1000.00  40142  1000.00  45013  1000.00

05264  1000.00    12622  1000.00  17933  1000.00  MAYOR                28132  1000.00  34325  1000.00  40176  1000.00  45073  1000.00    C$300,000.00
                                  18     MIL                           28275  1000.00
05283  1000.00    12718  1000.00                  23462                                34378  1000.00  40191  1000.00  45158  1000.00
                  12832  1000.00  18072  1000.00                       28370  1000.00  34385  1000.00
05298  1000.00                                                         28479  1000.00                  40313  1000.00  45232  1000.00    JUIGALPA
05341  1000.00    12878  1000.00  18090  1000.00                                       34436  1000.00
                  12885  1000.00  18118  1000.00                       28571  1000.00  34447  1000.00                  45248  1000.00
05417  1000.00                                                                                         CUARTO PREMIO
                                                                                                                       45255  1000.00    49584  1000.00
05530  1000.00    12894  1000.00  18310  1000.00                       28628  1000.00  34558  1000.00  40424
                  13     MIL                                           28649  1000.00                                  45282  1000.00    49587  1000.00
05578  1000.00                    18318  1000.00                                       34605  1000.00
06     MIL        13052  1000.00  18318  1000.00                       28661  1000.00  34608  1000.00                  45348  1000.00    49735  1000.00

06324  1000.00    13068  1000.00  18459  2000.00                       28705  1000.00  34670  1000.00                  45350  1000.00    49780  1000.00

06339  1000.00    13083  1000.00  18539  1000.00                       28723  1000.00  34903  1000.00                  45552  1000.00    49782  2000.00

06673  1000.00    13101  1000.00  18569  1000.00                       28759  1000.00  34927  1000.00                  45679  1000.00    49795  1000.00

06936  1000.00    13110  1000.00  18619  1000.00                       28760  2000.00  34959  1000.00  C$25,000.00     45682  1000.00    49884  1000.00
                                                  C$3,500,000.00                                                                         50     MIL
07     MIL        13201  1000.00  18683  1000.00                       28886  1000.00  35     MIL                      45700  2000.00
                                                                                                       MANAGUA                           50067  1000.00
07024  1000.00    13263  1000.00  19     MIL                           28937  1000.00  35196  1000.00                  45805  1000.00
                                                                                                                                         50182  1000.00
07067  1000.00    13338  1000.00  19074  1000.00                       28945  1000.00  35255  1000.00                  45814  1000.00    50226  1000.00

07129  1000.00    13415  1000.00  19076  1000.00  VENDIDO POR EL       29     MIL      35326  1000.00  40457  1000.00  45868  1000.00    50306  1000.00
                                                                                                                       46     MIL
07245  1000.00    13478  1000.00  19113  1000.00  CONCESIONARIO        29094  1000.00  35375  1000.00  40490  1000.00                    50363  1000.00

07267  1000.00    13485  1000.00  19295  1000.00  F-012 MATILDE ARAUZ  29308  1000.00  35415  1000.00  40547  1000.00  46052  1000.00    50392  1000.00

07269  1000.00    13783  1000.00  19338  2000.00  BRIONES              29375  1000.00  35463  1000.00  40582  1000.00  46190  1000.00    50445  1000.00

07373  1000.00    13812  1000.00  19372  1000.00  ESTELI               29452  1000.00  35625  1000.00  40592  2000.00  46213  1000.00    50731 15,000.00

07407  1000.00    13837  1000.00  19541  1000.00                       29861  1000.00  35706  1000.00  40647  1000.00  46218  1000.00    50813  1000.00

07421  1000.00    13855  2000.00  19560  1000.00                       29877  1000.00  35781  1000.00  41     MIL      46221  1000.00    50902  1000.00
                  14     MIL
07493  10,000.00                  19702  1000.00  23463  2000.00       29997  1000.00  35916  1000.00  41142  1000.00  46328  1000.00    50913  1000.00
                  14054  1000.00                  23464  1000.00       30     MIL
07500  1000.00                    19757  1000.00                                       35984  1000.00  41157  1000.00  46344  1000.00    50960  1000.00

NOTA: LOS BILLETES TERMINADOS EN 3462 GANAN C$4,800.00, LOS TERMINADOS EN 462 GANAN C$2,400.00, LOS TERMINADOS EN 62 GANAN

C$1,200.00, LOS TERMINADOS EN 2 GANAN C$600.00. TODOS LOS NUMEROS DE LA PRESENTE LISTA Y QUE A LA VEZ TENGAN TERMINACIONES

DEL PREMIO MAYOR TIENEN DERECHO AL PREMIO Y A LA TERMINACION. SE EXCEPTUA AL PREMIO MAYOR EN TODAS LAS TERMINACIONES.

       ESTA LISTA ES GRATIS · VISITE WWW.LOTERIANACIONAL.COM.NI
