                                                                SORTEO ORDINARIO Nº 1518

                                                                                                                                                           MANAGUA

                                                                3,500,000Córdobas                                                                    6 DE JULIO

                                                                                                                                                                 2010

                                                                                                                                                   CADUCIDAD

                                                                                                                                                   14 DE OCTUBRE

                                                                                                                                                                 2010

                                                                                                                                                   LISTA OFICIAL

01     MIL          05184    1000.00     11536    1000.00       18300    1000.00     24124    1000.00     29858  1000.00  SEGUNDO           40462  1000.00       44840  1000.00

01058  1000.00      05397    1000.00     11589    1000.00       18448    1000.00     24346    1000.00     29935  1000.00  PREMIO            40484  1000.00       44852  1000.00
                    05558    1000.00
CUARTO PREMIO       05600    1000.00     11928    1000.00       18535    1000.00     24437    1000.00     29977  1000.00  34767             40562  1000.00       44877  1000.00

01111                                    11934    1000.00       18581    1000.00     24566    1000.00     29998  1000.00                    40604  1000.00       44908  1000.00
                    05615    1000.00                                                                      30     MIL                                             45     MIL
                                                                18598    1000.00     24692    1000.00                                       40857  1000.00
                    05620    1000.00     12123    1000.00
                                                                18647    1000.00     24711    1000.00     30042  3000.00                    40864  1000.00       45098  1000.00
                    05680    1000.00     12247    1000.00
                    05726    1000.00                            18669    1000.00     24758    2000.00     30069  1000.00                    40865  1000.00       45160  1000.00
                                         12316    1000.00
C$25,000.00         05801    1000.00                            18810    1000.00     24799    1000.00     30103  1000.00                    40866  2000.00       45204  1000.00
                                         12328    1000.00
LEON                05804    1000.00                            18832    1000.00     25022    1000.00     QUINTO PREMIO   C$300,000.00      PREMIO               45374  1000.00
                                         12556    1000.00
                    05857    1000.00                            18834    1000.00     25091    1000.00                     MANAGUA           MAYOR                45395  1000.00
                                         12566    1000.00
                    05883    1000.00                            19124    2000.00     25239    1000.00     30106                             40867                45562  1000.00
                                         12620    1000.00
01128  1000.00      06       MIL                                19158    1000.00     25313    1000.00                     34767  1000.00                         45591  1000.00
                                         12678    1000.00
01174  1000.00      06170    1000.00                            19251    1000.00     25407    1000.00                     34792  1000.00                         45968  1000.00
                                         12737    2000.00
01402  1000.00      06330    1000.00                                                                                                                             45993  1000.00
                                         12809    1000.00       19349    1000.00     25445    1000.00                     34820  1000.00                         46     MIL
01579  1000.00      06477    1000.00                                                                      C$20,000.00
                                         12812    1000.00       19516    1000.00     25542    1000.00                     34820  1000.00
01621  1000.00      06482    2000.00                                                                      MANAGUA                                                46052  1000.00
                                         12868    1000.00       19653    1000.00     25598    1000.00                     34923  1000.00
01638  1000.00      06546    1000.00                                                                                      35     MIL                             46392  1000.00
                                                                19728    1000.00     25627    1000.00
01721  1000.00      06640    1000.00     13016    1000.00                                                                                                        46433  1000.00
                                                                19731    2000.00     25732    1000.00                     35052  1000.00
01822  1000.00      06673    1000.00     13072    1000.00                                                 30156  1000.00                                         46448  1000.00
                                                                19875    1000.00     25735    1000.00                     35417  1000.00
01963  2000.00      06753    1000.00     13081    1000.00                                                 30369  2000.00                                         46453  1000.00
                                                                19912    1000.00     25765    1000.00                     35425  1000.00
01980  1000.00      06805    1000.00     13170    1000.00                                                 30575  1000.00                    C$3,500,000.00       46524  1000.00
02     MIL                                                                           25975    1000.00                     35510  1000.00
                    06826    1000.00     13376    1000.00       20069    1000.00                          30647  1000.00                                         46525  1000.00
02060  1000.00                                                                       25980    1000.00                     35538  1000.00
02115  1000.00      06917    1000.00     13384    1000.00       20099    1000.00                          30957  1000.00                                         46526  1000.00
                                                                                                                          35638  10,000.00
02184  1000.00      06933    1000.00     13533    1000.00       20146    1000.00     26148    1000.00     30982  1000.00                    VENDIDO POR EL       46626  1000.00
                                                                                                                          35701  1000.00
02236  1000.00      07       MIL         13536    1000.00       20155    3000.00     26191    1000.00     31     MIL                        CONCESIONARIO A-891  46679  1000.00
                                                                                                                          35739  1000.00
02268  1000.00      07135    1000.00     13606    1000.00       20224    1000.00     26298    1000.00     31065  1000.00                    MANUEL ANTONIO       46739  1000.00
                                                                                                                          35761  1000.00
02291  1000.00      07192    1000.00     13607    1000.00       20279    1000.00     26373    1000.00     31086  1000.00                    ORTIZ ROSALES        46804  1000.00
                                                                                                                          35948  1000.00
02401  1000.00      07251    1000.00     13657    1000.00       20379    1000.00     26375    1000.00     31110  1000.00  36     MIL        MANAGUA              46859  1000.00

02427  1000.00      07325    2000.00     13790    1000.00       20424    1000.00     26523    2000.00     31194  1000.00                                         46933  1000.00
                                                                                                                          36010  2000.00                         47     MIL
02454  1000.00      07338    1000.00     13842    1000.00       20527    1000.00     26552    1000.00
                    07441    1000.00                                                                      31209  1000.00  36021  1000.00    40868  2000.00       47214  1000.00
02496  1000.00                           13854    1000.00       20594    1000.00     26581    1000.00
                    07458    1000.00                                                                      31216  1000.00  36029  1000.00    40869  1000.00       47265  1000.00
02497  1000.00                           13936    1000.00       20604    2000.00     26721    1000.00
                    07480    1000.00                                                                      31250  1000.00  36198  1000.00    40870  1000.00       47317  1000.00
02552  2000.00                           13962    10,000.00     20799    1000.00     26799    1000.00
                    07501    1000.00                                                                      31271  1000.00  36316  1000.00    41     MIL           47521  1000.00
02635  1000.00                                                  20854    1000.00     26849    1000.00
                    07754    3000.00     14019    2000.00                                                 31427  1000.00  36405  1000.00    41197  1000.00       47563  1000.00
02659  1000.00                                                                       26865    1000.00
02677  1000.00      07940    1000.00     14061    3000.00       21139    1000.00                          31487  1000.00  36614  1000.00    41402  1000.00       47566  1000.00
                    08       MIL                                                     26985    1000.00
02715  1000.00                           14070    1000.00       21153    2000.00                          31626  1000.00  36715  1000.00    41431  1000.00       47620  2000.00

02812  1000.00      08104    1000.00     14085    1000.00       21157    1000.00     27056    1000.00     31660  1000.00  36840  1000.00    41475  1000.00       47658  1000.00

02886  1000.00      08165    1000.00     14088    1000.00       21302    1000.00     27095    1000.00     31766  1000.00  36853  1000.00    41533  1000.00       47666  1000.00

02895  1000.00      08181    1000.00     14168    2000.00       21423    1000.00     27199    1000.00     31841  1000.00  36879  1000.00    41665  1000.00       47753  1000.00

02903  1000.00      08198    1000.00     14229    2000.00       21430    1000.00     27210    1000.00     31914  1000.00  36993  1000.00    41745  1000.00       47912  1000.00
                                                                                                                          37     MIL
02921  1000.00      08274    1000.00     14288    1000.00       21506    1000.00     27240    1000.00     31927  1000.00                    41781  1000.00       47980  1000.00
                                                                                                                                                                 48     MIL
02940  1000.00      08276    1000.00     14342    1000.00       21553    3000.00     27328    1000.00     31967  1000.00  37072  1000.00    41838  1000.00
                    08424    1000.00                                                                      32     MIL                        42     MIL
02957  1000.00                           14342    1000.00       21572    1000.00     27360    1000.00                     37113  1000.00                         48070  1000.00
                    08495    1000.00
03     MIL          08876    1000.00     14354    1000.00       21620    2000.00                          32029  1000.00  37235  1000.00    42027  1000.00       48098  1000.00
                                                                                     CUARTO PREMIO
03035  1000.00                           14841    1000.00       21634    1000.00     27695                32139  1000.00  37321  1000.00    42045  1000.00       48099  1000.00
                    08953    1000.00
03099  3000.00      09       MIL         14961    1000.00       21668    1000.00                          32623  1000.00  37670  1000.00    42046  1000.00       48114  1000.00

03132  1000.00      09110    1000.00                            21819    1000.00                          32625  1000.00  37772  1000.00    42161  1000.00       48119  1000.00

03149  1000.00      09275    1000.00     15001    15,000.00     21889    1000.00                          32936  1000.00  37870  1000.00    42215  1000.00       48138  1000.00

03195  2000.00      09436    1000.00     15161    1000.00       2192120  2000.00                          33     MIL      37897  1000.00    42260  1000.00       48335  1000.00

03271  1000.00      09459    1000.00     15193    1000.00                            C$25,000.00          33006  1000.00  37916  1000.00    42348  1000.00       48417  1000.00
                                                                                                                          38     MIL
03362  1000.00      09460    1000.00     15386    1000.00       22016    1000.00                          33089  1000.00                    42458  1000.00       48418  1000.00
                                                                                     ESTELI
03376  1000.00      09570    1000.00     15435    1000.00       22069    1000.00                          33175  1000.00  38166  1000.00    42563  1000.00       48439  2000.00

03435  1000.00      09680    1000.00     15446    1000.00       22088    1000.00                          33232  1000.00  38260  1000.00    42637  1000.00       48488  1000.00

03471  1000.00      09766    1000.00     15470    1000.00       22123    1000.00     27746    1000.00     33245  1000.00  38539  1000.00    42711  1000.00       48561  1000.00

03636  1000.00      09776    1000.00     15508    1000.00       22183    2000.00     27823    1000.00     33325  1000.00  38551  1000.00    42798  1000.00       48624  1000.00

03850  1000.00      09793    1000.00     15533    1000.00       22206    1000.00     27831    1000.00     33414  1000.00  38722  1000.00    42820  1000.00       48644  1000.00

03887  1000.00      09996    1000.00     15675    1000.00       22230    1000.00                          33495  1000.00  38754  1000.00    42827  1000.00       48824  1000.00
                                                                                     27838    1000.00                                                            49     MIL
03928  1000.00      10       MIL         15908    1000.00       22302    1000.00                          33504  1000.00  38774  2000.00    42847  1000.00
03960  1000.00                                                                       27843    1000.00                                                            49002  1000.00
                    10034    1000.00     15938    1000.00       22441    1000.00                          33540  1000.00  38778  1000.00    42900  1000.00
03975  1000.00                                                                       27857    1000.00                                       43     MIL           49149  1000.00
04     MIL          10091    1000.00     15972    1000.00       22476    1000.00                          33553  1000.00  38927  1000.00
                                                                                     27898    1000.00                                                            49281  1000.00
                    10112    2000.00                            22478    1000.00                          33562  1000.00  38998  1000.00    43103  1000.00
04065  1000.00                                                                       27926    1000.00                     39     MIL                             49343  1000.00
                    10257    1000.00     16143    1000.00       22529    1000.00                          33579  1000.00                    43132  2000.00
04069  1000.00                                                                       27929    1000.00                     39012  1000.00                         49471  1000.00
04100  1000.00      10276    1000.00     16278    1000.00       22533    1000.00     28       MIL         33600  1000.00                    43219  1000.00
                                                                                                                          39024                                  49512  1000.00
04131  1000.00      10379    1000.00     16389    1000.00       22627    1000.00                          33608  1000.00         1000.00    43254  2000.00
                                                                                     28028    1000.00                     39068                                  49635  1000.00
04167  1000.00      10428    1000.00     16465    1000.00                                                 33632  1000.00         1000.00    43279  1000.00
                                                                TERCER PREMIO        28238    1000.00                                                            49643  1000.00
04325  1000.00      10495    1000.00     16538    1000.00       22755                                     33648  1000.00  39336  1000.00    43281  2000.00
                                                                                                                                                                 49672  1000.00
04422  1000.00      10781    1000.00     16616    1000.00                            28246    1000.00     33654  1000.00  39415  1000.00    43354  1000.00
                                                                                                                                                                 49815  1000.00
04457  1000.00      10828    1000.00     16647    1000.00                            28288    1000.00     33661  1000.00  39419  1000.00    43529  2000.00
                                                                                                                                                                 49886  1000.00
04486  1000.00      10983    1000.00     16666    1000.00                            28318    1000.00     33814  1000.00  39491  2000.00    43544  1000.00
                                                                                                                                                                 49953  1000.00
04506  1000.00                           16707    1000.00                            28325    1000.00     33826  1000.00  39530  1000.00    43675  1000.00       50     MIL

04507  1000.00      11015    1000.00     17009    1000.00                            28450    1000.00     33828  1000.00  39624  1000.00    43713  1000.00       50040  1000.00

04537  1000.00      11215    1000.00     17016    1000.00       C$50,000.00          28588    1000.00     33880  1000.00  39651  1000.00    43868  1000.00       50166  1000.00

04544  1000.00      11266    1000.00     17036    1000.00                            28816    1000.00     33911  1000.00  39665  1000.00    43882  1000.00       50199  1000.00

04555  1000.00      11275    1000.00                            MASAYA               28879    1000.00                     39830  1000.00    43968  1000.00
                                         17151    1000.00                                                 33958  1000.00                    44     MIL           50321  1000.00
04617  1000.00      11360    1000.00                                                 28956    1000.00     34     MIL      39858  1000.00
                                         17312    2000.00                                                                                   44055  1000.00       50427  1000.00
04691  1000.00      11489    1000.00                                                 28976    1000.00                     39980  1000.00
                                         17418    1000.00                                                 34022  1000.00  40     MIL        44066  1000.00       50470  1000.00
04781  1000.00                                                  2282434  1000.00     29       MIL
                    TERCER PREMIO        17445    1000.00                                                 34055  2000.00  40033  1000.00    44110  1000.00       50530  1000.00
04878  1000.00      11493                                                            29002    2000.00
04887  1000.00                           17840    1000.00       23011    1000.00                          34064  1000.00  40058  1000.00    44145  1000.00       50543  1000.00
                                                                                     29121    1000.00
04945  1000.00                           17872    2000.00       23028    3000.00                          34132  1000.00  40080  2000.00    44225  1000.00       50582  1000.00
                                                                                     29280    1000.00
04963  1000.00                                                  23089    2000.00                          34153  1000.00  40221  1000.00    44302  1000.00       50647  1000.00
                                         18054    1000.00                            29411    1000.00
05     MIL                                                      23129    1000.00                          34154  1000.00  40222  1000.00    44313  1000.00       50667  1000.00
                                         18080    1000.00                            29528    1000.00
05115  1000.00      C$50,000.00                                 23402    1000.00                          34313  1000.00  40257  1000.00    44587  1000.00       50668  1000.00
                                         18176    1000.00                            29634    1000.00
05117  1000.00                                                  23631    1000.00                          34448  1000.00  40293  1000.00    44639  1000.00       50816  1000.00
                    RIVAS                18228    1000.00                            29756    1000.00
05122  1000.00                                                  23843    1000.00                          34488  1000.00  40340  1000.00    44739  1000.00       50889  1000.00
                                         18259    1000.00                            29797    1000.00
05174  1000.00                                                                                            34630  1000.00  40377  1000.00    44784  1000.00       50921  1000.00

NOTA: LOS BILLETES TERMINADOS EN 0867 GANAN C$4,800.00, LOS TERMINADOS EN 867 GANAN C$2,400.00, LOS TERMINADOS EN 67 GANAN

C$1,200.00, LOS TERMINADOS EN 7 GANAN C$600.00. TODOS LOS NUMEROS DE LA PRESENTE LISTA Y QUE A LA VEZ TENGAN TERMINACIONES

DEL PREMIO MAYOR TIENEN DERECHO AL PREMIO Y A LA TERMINACION. SE EXCEPTUA AL PREMIO MAYOR EN TODAS LAS TERMINACIONES.

       ESTA LISTA ES GRATIS · VISITE WWW.LOTERIANACIONAL.COM.NI
