                                                      SORTEO               EXTRAORDINARIO                      Nº     1520

                                                                                                                                          MANAGUA

                                                      5,000,000Córdobas                                                                   21 DE JULIO

                                                                                                                                                     2010

                                                                                                                                          CADUCIDAD

                                                                                                                                          29 DE OCTUBRE

                                                                                                                                                     2010

                                                                                                                                          LISTA OFICIAL

01     MIL      08170  1200.00    13765  1200.00      18252  1200.00       23330  1200.00      QUINTO PREMIO   34422  1200.00      39202  1200.00    45     MIL

01006  1200.00  08177  2000.00    13830  1200.00      18252  1200.00       23344  1200.00      27516           34553  1200.00      39275  1200.00    45005  1200.00
                08207  1200.00    13850  1200.00                                                                                   39319  1200.00
01018  1200.00  08286  1200.00    13950  1200.00      18470  1200.00       23346  1200.00                      CUARTO PREMIO       39399  1200.00    45036  1200.00
01038  1200.00
01084  2000.00  08298  1200.00    14     MIL          18508  1200.00       23361  1200.00                      34600               39428  1200.00    45053  1200.00
                                                                           23363  1200.00
01445  1200.00  08389  2000.00    14051  1200.00      18626  1200.00       23434  1200.00      C$20,000.00                         39550  1200.00    45082  1200.00

01552  1200.00  08536  1200.00    14084  2000.00      18696  1200.00       23450  1200.00                                          39619  1200.00    45111  1200.00

01663  1200.00  08556  1200.00    14110  1200.00      18783  1200.00       23607  1200.00      RIVAS                               39639  1200.00    45118  1200.00

01742  1200.00  08628  1200.00    14232  1200.00      18785  1200.00                                           C$25,000.00         39844  1200.00    45215  1200.00
                                                      18816  1200.00
01767  1200.00  08671  2000.00    14240  2000.00      18972  1200.00       TERCER PREMIO       27651  1200.00  LEON                39958  3000.00    45335  1200.00

01804  1200.00  08700  1200.00    14337  2000.00      19     MIL           23826               27652  1200.00                      39976  1200.00    45395  1200.00

01836  1200.00  08754  1200.00    14366  1200.00      19064  1200.00                           27753  1200.00                      40     MIL        45433  1200.00

01855  1200.00  08948  1200.00    14395  1200.00      19081  1200.00                           28     MIL      34733  1200.00      40157  1200.00    45618  1200.00

01921  1200.00  08966  1200.00    14440  1200.00      19172  1200.00                           28143  1200.00  34876  1200.00      40178  1200.00    45619  1200.00

01982  1200.00  09     MIL        14527  1200.00      19329  1200.00       C$50,000.00         28283  1200.00  34939  1200.00      40238  1200.00    45619  1200.00

02     MIL      09002  1200.00    14734  1200.00      19375  1200.00                           28311  1200.00  35     MIL          40266  1200.00    45641  1200.00

02068  3000.00  09037  1200.00    14762  1200.00      19436  1200.00       CHINANDEGA          28390  2000.00  35058  1200.00      40269  1200.00    45681  1200.00

02085  1200.00  09062  1200.00    14800  1200.00      19516  1200.00                           28479  1200.00  35294  1200.00      40272  1200.00    45683  1200.00

02177  1200.00  09264  2000.00    14815  1200.00      19601  1200.00       23853  1200.00      28522  1200.00  35356  1200.00      40325  1200.00    45863  1200.00

02589  1200.00  09317  1200.00    14886  1200.00      19617  1200.00       23858  1200.00      28625  1200.00  35414  1200.00      40465  1200.00    45903  1200.00

02599  1200.00  09453  1200.00    14955  1200.00      19801  1200.00       24     MIL          28625  1200.00  35453  1200.00      40516  1200.00    45919  1200.00
                                                                                                                                                     46     MIL
02621  1200.00  09642  1200.00    14956  1200.00      19809  1200.00       24016  1200.00      28726  1200.00  35515  1200.00      40604  2000.00
                                                                                               28731  1200.00                                        46025  1200.00
02661  1200.00  09655  1200.00    15     MIL          19866  1200.00       24044  1200.00                      35533  1200.00      40650  1200.00
                                                                                               28872  1200.00                                        46038  1200.00
02783  1200.00  09687  1200.00    15016  1200.00      20     MIL           24081  1200.00                      35550  1200.00      40739  1200.00
                                                                                               28940  1200.00                                        46158  1200.00
02955  1200.00  09880  1200.00    15050  1200.00      20067  1200.00       24082  1200.00                      35550  1200.00      40850  1200.00
                                  15074  1200.00                                               28950  1200.00  35672  1200.00                        46254  1200.00
02970  1200.00  09904  1200.00                        20166  1200.00       24238  1200.00      29     MIL                          40916  1200.00
03     MIL      09932  1200.00    15289  1200.00                                                               35803  1200.00      41     MIL        46266  1200.00
                                                      20284  1200.00       24238  1200.00
03165  1200.00  09947  1200.00    15300  1200.00                           24284  1200.00      29016  1200.00  35817  1200.00      41145  1200.00    46287  1200.00
                                                      20364  1200.00
03168  1200.00  10     MIL                            20410  1200.00       24383  1200.00      29023  1200.00  35845  2000.00      41168  1200.00    46289  2000.00
                                  CUARTO PREMIO
03238  1200.00  10149  1200.00    15451               20471  1200.00       24735  1200.00      29040  2000.00  35883  1200.00      41258  1200.00    46343  1200.00

03571  1200.00  10235  1200.00                        20651  1200.00       24775  1200.00      29164  1200.00  35885  1200.00      41271  1200.00    46349  1200.00

03732  1200.00  10385  1200.00                        20793  1200.00       24794  1200.00      29208  1200.00  35941  1200.00      41275  1200.00    46365  1200.00

03762  1200.00  10424  1200.00                        20857  1200.00       24815  1200.00      29327  1200.00  36     MIL          41399  1200.00    46371  1200.00

03805  1200.00  10518  1200.00    C$25,000.00         20874  1200.00       24888  1200.00      29334  1200.00  36014  1200.00      41452  3000.00    46773  1200.00
                                                                                               29366  1200.00
03848  2000.00  10551  1200.00    GRANADA             21     MIL           24929  1200.00      29409  1200.00  36092  1200.00      41548  1200.00    46907  1200.00

03849  1200.00  10556  1200.00                        21047  1200.00       24938  2000.00                      36126  1200.00      41559  1200.00    46953  1200.00
                                                                                               29418  1200.00                                        47     MIL
03957  1200.00  10671  1200.00                        21053  1200.00       24967  1200.00                      36244  1200.00      41840  1200.00
                10694  1200.00    15464  2000.00                           25     MIL          29807  1200.00  36328  1200.00      41955  1200.00    47047  2000.00
03980  1200.00                                        21117  1200.00                           29835  1200.00
04     MIL      10713  1200.00    15661  1200.00                                                               36351  1200.00      41987  1200.00    47058  1200.00
                                                      21147  1200.00       25215  1200.00      29936  1200.00                      42     MIL
04013  1200.00  10770  1200.00    15673  1200.00                           25381  1200.00                      36426  1200.00                        47106  1200.00
                                                      21236  1200.00                           30     MIL
04289  1200.00  10816  1200.00    15688  1200.00      21566  1200.00       25480  1200.00                      36451  1200.00      42077  1200.00    47112  1200.00
                                                                                               30036  1200.00
04368  1200.00  10854  1200.00    15748  1200.00      21645  1200.00       25557  1200.00      30102  1200.00  36498  1200.00      42258  1200.00    47239  1200.00
                                                      22     MIL
04379  1200.00  10875  1200.00    15779  1200.00                           25581  1200.00      30500  1200.00  36563  1200.00      42411  1200.00    47610  1200.00
                                                                                                               36651  1200.00      42435  1200.00
04435  1200.00  10940  2000.00    15887  1200.00      22159  1200.00       25607  1200.00      30538  1200.00  36703  1200.00      42461  1200.00    47632  1200.00
                10958  1200.00    15935  1200.00
04447  1200.00                                        22175  1200.00       25659  1200.00      30539  1200.00                                        47814  1200.00
04544  1200.00  10966  1200.00    15944  1200.00                                                               36717  1200.00      42501  1200.00    48     MIL
                                  16     MIL          22273  1200.00       25753  1200.00      30671  1200.00
04582  1200.00  10977  2000.00                                             25856  1200.00                      36894  1200.00      42533  1200.00
                11     MIL        16181  1200.00      22325  1200.00                           30717  1200.00  37     MIL          42671  1200.00    48012  1200.00
04611  1200.00                                                             25956  1200.00
04820  1200.00  11042  1200.00    16276  1200.00      22418  1200.00                           30853  1200.00  37135  1200.00      42703  1200.00    48172  1200.00
                                                                           25968  1200.00
04837  1200.00  11049  1200.00    16452  1200.00      22571  1200.00       25974  1200.00      30876  1200.00  37196  1200.00      42864  10,000.00  48273  1200.00

04844  1200.00  11062  1200.00    16493  1200.00      22827  1200.00       25992  1200.00      30884  1200.00  37272  1200.00      42884  1200.00    48275  2000.00

                                                      22845  1200.00       26     MIL          30989  1200.00                      43     MIL        48310  1200.00
04873  1200.00  11333  1200.00    16514  1200.00      23     MIL                                               37315  1200.00
05     MIL                                                                                     31     MIL                                            48369  1200.00
                11379  1200.00    16517  1200.00      23025  1200.00       26032  1200.00                      37347  1200.00      43090  1200.00
                11697  1200.00    16538  1200.00                                               31149  1200.00  37375  1200.00      43117  1200.00    48376  1200.00
05080  2000.00                                        23027  2000.00       26200  1200.00
05154  1200.00  11702  1200.00    16575  1200.00                                               31185  1200.00  37377  1200.00      43212  2000.00    48383  1200.00
                                                      23066  1200.00       26252  1200.00
05175  1200.00  11844  1200.00    16651  1200.00                           26313  1200.00      31266  1200.00  37383  1200.00      43240  1200.00    48511  1200.00
                                                      23067  1200.00
05178  1200.00  11888  1200.00    16800  2000.00      23070  1000.00                           31282  1200.00  37401  1200.00      43277  1200.00    48777  1200.00

05300  1200.00  11911  1200.00    16860  1200.00      23071  1000.00       SEGUNDO             31664  1200.00  37509  1200.00      43322  1200.00    48845  1200.00

05426  1200.00  11988  1200.00    16873  1200.00      23072  2000.00       PREMIO              31762  1200.00  37519  1200.00      43372  1200.00    48847  1200.00

05746  1200.00  11994  1200.00    17     MIL                               26452               31814  1200.00  37536  1200.00      43408  1200.00    48941  1200.00

06     MIL      12     MIL        17071  1200.00      PREMIO                                   32     MIL      37549  1200.00      43430  1200.00    48944  1200.00

06032  1200.00  12053  1200.00    17288  1200.00      MAYOR                                    32064  1200.00  37552  1200.00      43485  2000.00    48966  1200.00
                                                                                                                                                     49     MIL
06093  1200.00  12187  1200.00    17303  2000.00      23073                                    32175  1200.00  37562  1200.00      43487  2000.00
                                                                                                                                                     49326  1200.00
06133  1200.00  12194  15,000.00  17330  1200.00                                               32247  1200.00  37605  1200.00      43603  1200.00
                                                                                                                                                     49382  1200.00
06206  3000.00  12311  1200.00    17333  1200.00                                               32356  1200.00  37665  1200.00      43638  1200.00
                                                                                                                                                     49426  1200.00
06218  1200.00  12341  1200.00    17342  1200.00                                               32366  1200.00  37725  1200.00      43641  1200.00
                                                                                                                                                     49484  1200.00
06232  1200.00  12412  1200.00    17372  1200.00                                               32568  1200.00  37757  1200.00      43720  1200.00
                                                                                                                                                     49548  2000.00
06237  1200.00  12526  1200.00    17472  1200.00                                               32716  1200.00  37839  1200.00      43870  1200.00
                                                                                                                                                     49567  1200.00
06323  1200.00  12564  1200.00    TERCER PREMIO                            C$400,000.00        32774  1200.00  37844  1200.00      43887  1200.00
                                                                                               33     MIL                                            49588  1200.00
06334  1200.00  12733  1200.00    17532                                                                        37875  1200.00      43946  1200.00
                12751  1200.00                                                                 33073  1200.00                      44     MIL        49600  1200.00
06516  1200.00                                                                                                 37902  1200.00
                12757  1200.00                                             CHINANDEGA          33143  1200.00  38     MIL                            49694  2000.00
06567  1200.00                                        C$ 5,000,000.00                                                              44014  1200.00
                12834  1200.00                                                                 33247  1200.00  38199  10,000.00                      49777  1200.00
06597  1200.00                                                                                                                     44044  1200.00
06833  1200.00  12856  1200.00                                                                 33288  2000.00  38254  1200.00                        49796  3000.00
                                                                                                                                   44140  1200.00
06982  1200.00  12974  1200.00                                                                 33396  1200.00  38493  1200.00                        49828  1200.00
                                  C$50,000.00                              26456  1200.00                                          44145  1200.00
07     MIL      13     MIL                                                                     33420  1200.00  38550  1200.00                        49984  2000.00
                                  JINOTEGA            VENDIDO POR EL       26463  1200.00                                          44171  1200.00    50     MIL

07051  1200.00  13001  1200.00                        CONCESIONARIO D-435  26770  1200.00      33420  1200.00  38552  1200.00      44185  1200.00    50178  1200.00

07076  1200.00  13036  1200.00                        FRANKLIN JOSE        26802  1200.00      33465  1200.00  38578  1200.00      44363  1200.00

07497  2000.00  13089  1200.00    17648  1200.00             LEIVA         26836  3000.00      33497  1200.00  38635  1200.00      44502  1200.00    50214  2000.00

07510  1200.00  13119  1200.00    17758  1200.00      MANAGUA              27     MIL          33562  1200.00  38650  1200.00      44590  1200.00    50219  1200.00

07641  1200.00  13282  1200.00    17839  1200.00                           27011  1200.00      33654  1200.00  38653  1200.00      44625  1200.00    50263  1200.00
                                  18     MIL
07759  1200.00  13415  1200.00                                             27087  1200.00      33689  1200.00  38763  1200.00      44638  1200.00    50501  1200.00

07820  1200.00  13438  1200.00    18051  1200.00      23074  2000.00       27102  1200.00      33883  1200.00  38929  1200.00      44689  1200.00    50595  1200.00
                13537  1200.00    18065  1200.00                                               34     MIL      39     MIL
07846  1200.00                                        23075  1000.00       27225  1200.00                                          44773  1200.00    50681  1200.00
07875  1200.00  13624  1200.00    18079  1200.00
                13671  1200.00    18091  1200.00      23076  1000.00       27233  1200.00      34138  1200.00  39063  1200.00      44803  1200.00    50742  1200.00
07956  1200.00
07957  1200.00  13701  1200.00    18135  1200.00      23130  1200.00       27329  1200.00      34286  1200.00  39075  1200.00      44907  1200.00    50805  3000.00

08     MIL      13705  1200.00    18228  1200.00      23308  1200.00       27348  1200.00      34335  2000.00  39077  1200.00      44974  1200.00    50833  1200.00

                                                      23312  2000.00       27397  1200.00      34361  1200.00  39200  1200.00      44999  1200.00    50906  1200.00

NOTA: LOS BILLETES TERMINADOS EN 3073 GANAN C$6,400.00, LOS TERMINADOS EN 073 GANAN C$3,200.00, LOS TERMINADOS EN 73 GANAN

C$1,600.00, LOS TERMINADOS EN 3 GANAN C$800.00. TODOS LOS NUMEROS DE LA PRESENTE LISTA Y QUE A LA VEZ TENGAN TERMINACIONES

DEL PREMIO MAYOR TIENEN DERECHO AL PREMIO Y A LA TERMINACION. SE EXCEPTUA AL PREMIO MAYOR EN TODAS LAS TERMINACIONES.

       ESTA LISTA ES GRATIS · VISITE WWW.LOTERIANACIONAL.COM.NI
