                                                               SORTEO ORDINARIO Nº 1521

                                                                                                                                                          MANAGUA

                                                               3,500,000Córdobas                                                                         27 DE JULIO

                                                                                                                                                                    2010

                                                                                                                                                         CADUCIDAD

                                                                                                                                                         04 DE NOVIEMBRE

                                                                                                                                                                    2010

                                                                                                                                                         LISTA OFICIAL

01       MIL         05660    1000.00     09872    2000.00     15678    1000.00     20531    1000.00     27475    1000.00     34378  1000.00      39394  1000.00    44438  1000.00

01053    1000.00     05727    1000.00     09922    1000.00     15712    1000.00     20552    1000.00     27655    1000.00     34427  1000.00      39533  1000.00    44530  1000.00
01176    1000.00
01427    1000.00     05771    1000.00     09999    1000.00     15823    1000.00     20814    1000.00     27881    1000.00     34537  1000.00      39540  1000.00    44620  1000.00

01463    1000.00     05835    1000.00                                               20819    1000.00     27900    1000.00     34545  1000.00      39570  1000.00    44625  1000.00

01511    1000.00     05851    1000.00     10022    1000.00     16013    1000.00     20944    1000.00     27939    1000.00                         39591  1000.00    44646  1000.00

01648    1000.00     05880    1000.00     10094    1000.00     16034    1000.00                                               TERCER PREMIO       39637  1000.00    44774  1000.00

01669    1000.00     05982    1000.00     10214    1000.00     16283    1000.00     21039    1000.00     28100    1000.00     34635               39789  1000.00    44827  1000.00

01676    1000.00                          10279    1000.00     16305    1000.00     21128    1000.00     28104    1000.00                         39915  1000.00    44880  2000.00

01695    1000.00     06127    1000.00     10327    1000.00     16422    1000.00     21134    1000.00     28171    1000.00                         39998  1000.00    44953  1000.00
                                                                                                                                                  40     MIL        45     MIL
                     06277    1000.00     10444    1000.00     16430    1000.00     21226    1000.00     28221    1000.00
                                                                                                                                                  40058  1000.00    45017  1000.00
02008    1000.00     06444    1000.00     10454    1000.00     16432    1000.00     21444    1000.00     28326    1000.00     C$50,000.00
                                                                                                                                                  40076  1000.00    45082  1000.00
02020    1000.00     06501    1000.00     10479    1000.00     16450    1000.00     21512    1000.00     28342    1000.00
                                                                                                                              JINOTEPE            40084  1000.00    45106  1000.00
02037    2000.00     06544    1000.00     10487    1000.00     16701    1000.00     21670    1000.00     28459    1000.00
02038    1000.00                                                                                                                                  40130  2000.00    45128  1000.00
                     06561    1000.00     10493    1000.00     16743    1000.00     21887    1000.00     28650    1000.00
                                                                                                                                                  40140  1000.00    45196  1000.00
SEGUNDO              06605    1000.00     10529    1000.00     16775    1000.00     21971    1000.00     28718    3000.00     34652  1000.00
                                                                                                                                                  40166  2000.00    45372  1000.00
PREMIO               06657    2000.00     10555    1000.00     16856    1000.00                          28737    1000.00     34660  1000.00
                                                                                    22076    1000.00                                              40186  1000.00    45566  1000.00
02069                06674    1000.00     10627    1000.00     16874    1000.00                          28774    1000.00     34675  1000.00
                                                                                    22082    1000.00                                              40327  1000.00    45589  1000.00
                     06727    1000.00     10695    1000.00     16928    1000.00                          28821    1000.00     34817  1000.00
                                                                                    22275    1000.00                                              40386  1000.00    45598  1000.00
                     06926    1000.00     10705    1000.00                                               28832    1000.00     34883  1000.00
                                                               17143    1000.00     22326    1000.00                          35     MIL          40428  1000.00    45620  1000.00
                                          10722    1000.00
                     07084    1000.00                          17343    1000.00     22420    1000.00     29225    1000.00                         40431  1000.00    45630  1000.00
                                          10745    1000.00                                                                    35105  1000.00
                     07165    1000.00                          17421    10,000.00   22459    1000.00     29368    1000.00                         40481  1000.00    45631  2000.00
                                          10746    2000.00                                                                    35414  1000.00
C$300,000.00         07222    1000.00                          17421    1000.00     22553    1000.00     29502    1000.00                         40491  1000.00    45737  1000.00
                                          10845    1000.00                                                                    35436  2000.00
                     07247    1000.00                          17620    1000.00     22603    1000.00     29564    1000.00                         40707  1000.00    45826  1000.00
                                          10908    1000.00                                                                    35449  1000.00
GRANADA              07281    1000.00                          17683    1000.00     22726    1000.00     29581    1000.00                         40899  1000.00    45843  2000.00
                                          10977    1000.00                                                                    35492  1000.00
                     07327    1000.00                          17734    1000.00                          29612    1000.00                         40981  1000.00    45929  1000.00
                                                                                                                              35633  1000.00      41     MIL
02120    1000.00                                               17770    2000.00     23204    1000.00                                                                45951  1000.00
                     07327    1000.00     11001    1000.00                                               29740    1000.00     35647  1000.00      41069  1000.00
02194    2000.00                                                                    23222    1000.00                                                                45953  1000.00
                     07350    1000.00     11277    1000.00     17838    1000.00                          29791    1000.00     35668  1000.00      41071  3000.00
02221    1000.00                                                                    23244    1000.00                                                                45955  1000.00
                     07351    2000.00     11612    1000.00     17888    1000.00                          29826    1000.00     35675  1000.00      41094  1000.00    46     MIL
02307    1000.00                                                                    23272    1000.00
02338    1000.00     07375    1000.00     11717    1000.00     17945    1000.00                          29828    2000.00     35685  1000.00      41143  1000.00    46222  1000.00
                                                                                    23472    1000.00
02429    1000.00     07394    1000.00     11721    1000.00     17957    1000.00                          29835    1000.00     35686  2000.00      41238  1000.00    46495  1000.00

02474    1000.00     07463    1000.00     11785    1000.00     17960    1000.00     23541    1000.00     29916    2000.00     35704  1000.00      41239  3000.00    46623  1000.00

02486    1000.00     07495    1000.00     11988    1000.00                          23567    1000.00                          35738  1000.00      41429  1000.00    46694  1000.00

02510    1000.00     07498    1000.00                          18040    1000.00     23615    1000.00     30019    1000.00     35763  1000.00      41438  1000.00    46754  1000.00

02524    1000.00     07531    1000.00     12020    1000.00     18070    1000.00     23708    1000.00     30130    15,000.00   35766  1000.00      41625  1000.00    46786  1000.00

02770    1000.00     07748    1000.00     12025    1000.00     18111    1000.00     23715    1000.00     30287    1000.00     35770  1000.00      41631  1000.00    46842  1000.00

02957    1000.00     07775    1000.00     12084    1000.00     18129    1000.00     23718    1000.00     30372    1000.00     35815  1000.00      41655  1000.00    46951  1000.00
                                                                                                                              36     MIL
                     07920    1000.00     12112    1000.00     18218    1000.00     23772    1000.00     30476    1000.00                         41672  10,000.00  47     MIL
03217    1000.00                                                                                                              36045  1000.00
03394    1000.00     07952    1000.00     12297    1000.00     18292    1000.00                          30568    1000.00                         41685  1000.00    47112  1000.00
                                                                                                                              36217  1000.00
03468    1000.00     07983    1000.00     12396    2000.00     18365    1000.00     24000    1000.00     30593    1000.00                         41808  1000.00    47379  1000.00
                                                                                                                              36254  1000.00
03497    1000.00                          12426    1000.00     18470    1000.00     24106    1000.00     30604    1000.00                         41848  1000.00    47459  1000.00
                                                                                                                              36297  1000.00
03545    1000.00     08125    1000.00     12523    1000.00     18491    1000.00     24154    1000.00     30629    1000.00                         41890  1000.00    47721  2000.00
                                                                                                                              36365  1000.00      42     MIL
03604    1000.00     08247    1000.00     12595    1000.00     18566    2000.00     24222    1000.00     30871    1000.00                                           47723  2000.00
                                                                                                                              36440  1000.00      42110  1000.00
03612    1000.00     08291    1000.00     12678    1000.00     18630    1000.00     24236    1000.00                                                                47823  1000.00
                                                                                                                              36468  1000.00      42167  1000.00
03663    1000.00     08293    1000.00     12727    1000.00     18852    1000.00     24256    1000.00     31045    2000.00                                           47846  1000.00
                                                                                                                              36605  1000.00      42215  1000.00
03677    1000.00     08310    1000.00     12812    1000.00                          24322    1000.00     31143    1000.00                                           47869  1000.00
                                                                                                                              36661  1000.00      42230  1000.00
03734    1000.00     08317    1000.00     12966    2000.00     19119    1000.00     24419    1000.00     31206    2000.00                                           47907  1000.00
                                                                                                                              36681  1000.00      42344  1000.00
03804    1000.00     08321    1000.00                          19120    1000.00     24467    1000.00     31379    1000.00                                           47933  1000.00
                                                                                                                              36765  1000.00      42403  1000.00    48     MIL
03960    1000.00     08322    1000.00     13067    1000.00     19121    2000.00     24641    1000.00     31411    1000.00
03965    1000.00                                                                                                              36827  1000.00      42413  1000.00
                     08450    1000.00     CUARTO PREMIO        PREMIO                                    31421    1000.00                                           48014  1000.00
03997    1000.00                                                                                                              36837  2000.00      42451  1000.00
                     08482    1000.00     13185                MAYOR                25042    1000.00     31531    1000.00                                           48032  1000.00
                                                                                                                              36913  1000.00      42568  1000.00
                     08535    1000.00                          19122                25050    1000.00     31577    1000.00                                           48094  1000.00
04008    1000.00                                                                                                              36960  1000.00      42588  1000.00
04031    1000.00     08557    1000.00                                               25152    1000.00     31627    1000.00     37     MIL                            48107  1000.00
                                                                                                                                                  42612  1000.00
04108    1000.00     08585    1000.00                                               25162    1000.00     31678    1000.00     37113  2000.00                        48111  1000.00
                                                                                                                                                  42740  1000.00
04175    1000.00     08593    1000.00     C$25,000.00                               25232    1000.00     31679    1000.00     37197  1000.00                        48168  1000.00
                                                                                                                                                  42793  1000.00
04206    1000.00     08703    3000.00     LEON                                      25362    1000.00     31754    1000.00     37351  2000.00                        48178  1000.00
                                                                                                                                                  42855  1000.00
04221    1000.00     08709    1000.00                                               25479    1000.00     31806    1000.00     37356  1000.00      43     MIL        48224  1000.00

04239    1000.00     08868    1000.00     13313    1000.00                          25487    1000.00                          37393  1000.00      43225  1000.00    48247  1000.00

04259    1000.00     08887    1000.00     13348    1000.00                          25866    1000.00     32215    1000.00     37526  1000.00      43242  1000.00    48267  1000.00

04307    1000.00     08964    1000.00     13459    1000.00                          25867    1000.00     32217    1000.00     37537  1000.00      43328  1000.00    48456  1000.00

04366    1000.00                          13538    1000.00     C$3,500,000.00       25968    1000.00     32330    1000.00     37876  1000.00      43576  1000.00    48470  1000.00
04420    1000.00
04425    1000.00     09040    1000.00     13546    1000.00                                               32374    1000.00     37881  1000.00      43710  1000.00    48527  2000.00

04426    1000.00     09082    1000.00     13757    1000.00                          26018    1000.00     32512    1000.00     37912  1000.00      43746  1000.00    48634  1000.00

04523    1000.00     09095    1000.00     13828    1000.00                          26028    1000.00     32562    3000.00     37917  1000.00      43818  1000.00    48645  1000.00

04557    1000.00     09151    1000.00     13984    1000.00     VENDIDO POR EL       26181    1000.00     32627    1000.00     37991  1000.00      43833  1000.00    48745  1000.00

04643    1000.00     09166    1000.00     13990    1000.00     CONCESIONARIO D-773  26192    1000.00     32850    1000.00     38     MIL                            48916  1000.00
                                                                                                                                                                    49     MIL
04735    1000.00     09172    1000.00                          JUAN CARLOS          26247    1000.00                          38076  1000.00      CUARTO PREMIO

                     09313    1000.00     14047    1000.00     GUTIERREZ RIVAS      26257    1000.00     33177    1000.00     38225  1000.00      43871             49018  1000.00

05020    1000.00     09373    1000.00     14067    1000.00     MANAGUA              26275    1000.00     33187    1000.00     38260  1000.00                        49228  1000.00

05192    1000.00                          14073    1000.00                          26695    1000.00     33257    1000.00     38319  1000.00                        49309  1000.00

05295    1000.00     QUINTO PREMIO        14073    1000.00     19123    2000.00     26778    1000.00     33361    1000.00     38356  1000.00      C$25,000.00       49350  1000.00

05350    1000.00     09375                14129    1000.00     19124    1000.00     26864    1000.00     33531    1000.00     38395  2000.00                        49756  1000.00
                                                                                                                                                                    50     MIL
05447    1000.00                          14219    1000.00     19125    1000.00     26870    1000.00     33678    1000.00     38498  1000.00      MASAYA
                                                                                                                                                                    50093  1000.00
TERCER PREMIO                             14277    1000.00     19178    1000.00     26876    1000.00     33784    1000.00     38637  1000.00
                     C$20,000.00                                                                                                                  43959  1000.00    50197  1000.00
05474                                     14550    1000.00     19251    1000.00     26965    1000.00     33826    1000.00     38643  1000.00
                                                                                                                                                  43980  1000.00    50263  1000.00
                     MANAGUA              14621    1000.00     19428    1000.00                          33872    1000.00     38651  1000.00
                                                                                                                                                  44     MIL        50367  1000.00
                                          14752    1000.00     19582    1000.00     27034    2000.00     33915    1000.00     38652  1000.00
                                                                                                                                                  44054  1000.00    50427  1000.00
                     09413    1000.00                          19600    1000.00     27156    1000.00     33938    1000.00     38720  3000.00
                                                                                                                                                  44071  2000.00    50464  1000.00
C$50,000.00          09513    1000.00     15131    1000.00     19730    1000.00     27157    1000.00     33943    2000.00     38755  1000.00
                                                                                                                                                  44170  1000.00    50577  1000.00
                     09518    1000.00     15206    1000.00     19772    2000.00     27180    1000.00                          38771  2000.00
                                                                                                                              39     MIL          44170  1000.00    50597  1000.00
BLUEFIELDS           09529    1000.00     15219    1000.00                          27191    1000.00     34043    1000.00
                                                                                                                              39068  2000.00      44236  1000.00    50629  1000.00
                                          15387    1000.00     20001    1000.00     27245    1000.00     34083    1000.00
05502    1000.00     09695    1000.00                                                                                         39159  1000.00      44253  1000.00    50755  1000.00
                                          15420    1000.00     20095    1000.00     27260    1000.00     34092    1000.00
05513    1000.00     09705    2000.00                                                                                         39236  1000.00      44328  1000.00    50878  1000.00
                                          15581    1000.00     20357    1000.00     27299    1000.00     34189    1000.00
05555    1000.00     09782    1000.00                                                                                         39371  1000.00      44352  3000.00    50954  1000.00
                                          15631    1000.00     20382    1000.00     27387    1000.00     34270    1000.00
05631    1000.00     09820    1000.00                                                                                         39393  1000.00      44423  1000.00    50992  1000.00

NOTA: LOS BILLETES TERMINADOS EN 9122 GANAN C$4,800.00, LOS TERMINADOS EN 122 GANAN C$2,400.00, LOS TERMINADOS EN 22 GANAN

C$1,200.00, LOS TERMINADOS EN 2 GANAN C$600.00. TODOS LOS NUMEROS DE LA PRESENTE LISTA Y QUE A LA VEZ TENGAN TERMINACIONES

DEL PREMIO MAYOR TIENEN DERECHO AL PREMIO Y A LA TERMINACION. SE EXCEPTUA AL PREMIO MAYOR EN TODAS LAS TERMINACIONES.

         ESTA LISTA ES GRATIS · VISITE WWW.LOTERIANACIONAL.COM.NI
