                                                       SORTEO ORDINARIO Nº 1523

                                                                                                                                    MANAGUA

                                                       3,500,000Córdobas                                                            11 DE AGOSTO

                                                                                                                                                 2010

                                                                                                                                    CADUCIDAD

                                                                                                                                    19 DE NOVIEMBRE

                                                                                                                                                 2010

                                                                                                                                    LISTA OFICIAL

01     MIL        06982  1000.00  12062  1000.00       16852  1000.00  23179  1000.00      28903  1000.00    35133  1000.00  40854  1000.00      45850  1000.00
                  07     MIL                                                                                                 41     MIL          46     MIL
01059  1000.00                    12063  1000.00       16943  1000.00  23208  1000.00      28973  1000.00    35215  1000.00
                                                       17     MIL      23213  1000.00
01094  10,000.00  07024  1000.00  12158  1000.00                                           28975  1000.00    35310  1000.00  41115  1000.00      46009  1000.00
                  07326  1000.00  12172  1000.00       17061  1000.00                      29     MIL
01098  1000.00                                                                                               35355  1000.00  41136  1000.00      46187  1000.00
01202  1000.00    07417  1000.00  12188  1000.00       17231  1000.00                      29131  1000.00
                                                       17362  1000.00  TERCER PREMIO                         35421  1000.00  TERCER PREMIO       46383  1000.00
01216  2000.00    07460  1000.00  12222  1000.00                                           29143  1000.00
                  07506  1000.00  12345  1000.00       17400  1000.00  23364                                 35423  1000.00  41151               QUINTO PREMIO
01374  1000.00                                                                             29151  2000.00
01415  1000.00    07577  1000.00  12514  1000.00       17430  1000.00                                        35481  1000.00                      46385
                                                                                           29215  1000.00
01456  1000.00    07771  1000.00  12610  1000.00       17448  1000.00                                        35543  1000.00
                                                                                           29240  1000.00
01540  1000.00    08     MIL      12712  1000.00       17540  1000.00                                        35563  1000.00
                                                                                           29266  1000.00
01728  1000.00    08008  1000.00  12766  1000.00       17542  1000.00                                        35656  1000.00                      C$20,000.00
                                                                       C$50,000.00         29315  1000.00
01755  2000.00    08027  1000.00  12925  1000.00       17566  1000.00                                        35773  1000.00  C$50,000.00         MANAGUA
                                                                                           29327  1000.00
01780  1000.00    08105  1000.00  13     MIL           17622  2000.00  MATAGALPA                             35922  1000.00
                                                                                           29364  1000.00
01847  1000.00    08130  1000.00  13103  1000.00       17780  1000.00                                        35955  1000.00  MANAGUA
                                                                                           29613  1000.00
01857  1000.00    08184  1000.00  13132  1000.00       17801  1000.00  23382  1000.00                        35968  1000.00                      46472  1000.00
                                                                                           29704  1000.00    36     MIL
01932  1000.00    08296  1000.00  13135  1000.00       17814  1000.00  23410  1000.00                                                            46625  1000.00
                                                                                           29716  1000.00
01968  1000.00    08319  1000.00  13165  3000.00       17911  1000.00  23480  1000.00                        36038  1000.00  41166  1000.00      46625  1000.00
                                                                                           29896  1000.00
01974  1000.00    08330  1000.00  13375  1000.00       17961  1000.00  23507  1000.00                        36042  1000.00  41215  1000.00      46685  1000.00
                                                                                           29902  1000.00
02     MIL        08342  1000.00  13463  1000.00       17981  1000.00  23666  1000.00      30     MIL        36056  1000.00  41224  1000.00      46777  2000.00

02125  1000.00    08343  1000.00  13590  1000.00       18     MIL      23724  1000.00      30077  1000.00    36079  1000.00  41245  2000.00      46850  1000.00

02211  1000.00    08355  1000.00  13662  1000.00       18033  1000.00  23763  1000.00      30081  1000.00    36118  1000.00  41268  1000.00      46883  1000.00

02247  1000.00    08365  1000.00  13676  1000.00       18043  1000.00  23886  1000.00                        36138  1000.00  41277  1000.00      46992  2000.00
                                                                                           30111  1000.00                                        47     MIL
02294  1000.00    08700  1000.00  13859  1000.00       18083  1000.00  24     MIL                            36172  1000.00  41322  1000.00
                                                                                           30127  1000.00                                        47011
02399  1000.00    08727  1000.00  13898  1000.00       18352  1000.00  24018  1000.00                        36349  1000.00  41334  2000.00             1000.00
                                                                                           30230  2000.00                                        47040  1000.00
02458  1000.00    08794  1000.00  13991  1000.00       18373  1000.00  24177  1000.00                        36403  1000.00  41337  1000.00
                                                                                           30513  1000.00                                        47100  1000.00
02501  1000.00    08805  1000.00  14     MIL           18459  1000.00  24226  1000.00                        36544  1000.00  41559  1000.00      47134
                                                                                           30528  1000.00                                               1000.00
02820  1000.00    08822  2000.00  14080  1000.00       18597  1000.00  24248  1000.00                        36564  1000.00  41576  2000.00      47303  1000.00
                                                                                           30586  1000.00
02833  1000.00    08969  1000.00  14164  1000.00       18882  1000.00  24422  1000.00                        36615  1000.00  41664  1000.00      47337  1000.00
                                                                                           30747  1000.00
02836  1000.00    09     MIL      14187  1000.00       19     MIL      24436  1000.00                        36686  1000.00  41829  1000.00      47405  1000.00
                                                                                           30804  1000.00
02909  1000.00    09073  1000.00  14229  1000.00       19036  1000.00  24607  1000.00      31     MIL        36794  1000.00  41875  1000.00      47473  1000.00

02956  1000.00    09139  1000.00  14342  1000.00       19077  1000.00  24827  1000.00                        36887  1000.00  41968  1000.00      47686
                                                                                           31009  1000.00                    42     MIL                 1000.00
02994  1000.00    09232  1000.00  14373  1000.00       19093  1000.00  24880  1000.00                        36937  1000.00                      47734
03     MIL                                                             25     MIL          31295  1000.00    37     MIL      42086  1000.00             1000.00
                  09302  1000.00  14391  2000.00       19174  1000.00                                                                            47858  1000.00
                                                       19245  1000.00  25008  1000.00      31468  1000.00    37083  1000.00  42132  1000.00
03065  1000.00    09379  1000.00  14434  1000.00                                                                                                 47887  1000.00
                  09432  1000.00  14629  1000.00       19323  1000.00  25031  1000.00      31548  1000.00                    42225  1000.00
03139  1000.00                                                                                               37083  1000.00                      47910  2000.00
                  09517  1000.00  14695  1000.00       19376  1000.00  25160  1000.00      31760  1000.00                    42288  1000.00
03303  1000.00                                                                                               37408  1000.00                      47974  1000.00
03670  1000.00    09541  1000.00  14723  1000.00       19524  1000.00  25189  1000.00      31770  1000.00                    42559  1000.00
                                                                                           32     MIL        37460  1000.00                      48     MIL
03696  1000.00    09573  1000.00  14836  1000.00       19556  1000.00  25211  1000.00                                        42573  1000.00
                                                                                           32050  1000.00    37673  1000.00                      48011  2000.00
03857  1000.00    09689  1000.00  14856  1000.00       19792  1000.00  25224  1000.00                                        42584  1000.00
                                                                                           32078  15,000.00  37677  1000.00                      48024  1000.00
03864  1000.00    09719  1000.00  14967  1000.00       19922  1000.00  25237  1000.00                                        42661  1000.00
                                                                                           32107  1000.00    37697  1000.00                      48025  1000.00
03967  1000.00    09882  1000.00  14988  1000.00       19948  1000.00  25539  1000.00                                        42704  1000.00
04     MIL                        15     MIL           20     MIL      25800  2000.00      32161  1000.00    37826  1000.00                      48066  1000.00
                  09892  1000.00                                                                                             42755  1000.00
                  10     MIL      15025  1000.00       20059  1000.00  25835  1000.00      32285  1000.00    37855  1000.00                      48296  1000.00
04133  1000.00                                                                                                               42939  1000.00
04257  1000.00    10015  1000.00  15052  1000.00       20130  1000.00  25915  1000.00      32433  1000.00    37965  1000.00                      48347  1000.00
                                                                                                                             42948  1000.00
04297  1000.00    10053  1000.00  15256  1000.00       20202  1000.00  26     MIL          32437  1000.00    37984  1000.00  43     MIL          48384  1000.00
                                                                                                             38     MIL
04313  1000.00    10127  1000.00  15702  2000.00       20292  1000.00  26158  1000.00      32473  1000.00                                        48413  1000.00
                                                                                                                             43034  1000.00      48586
04447  1000.00    10157  1000.00  15945  1000.00       20309  1000.00  26187  1000.00      32500  1000.00    38046  1000.00                             1000.00
                                                                                                                             43195  1000.00      48620  1000.00
04847  1000.00    10184  3000.00  16     MIL           20446  1000.00  26327  1000.00      32537  1000.00    38096  2000.00
                                                                                                                             43308  1000.00      48684  1000.00
04891  1000.00    10251  1000.00  16161  1000.00       20493  1000.00  26382  1000.00      32582  1000.00    38114  1000.00
                                                                                                                             43330  2000.00      48692  1000.00
04924  1000.00    10307  1000.00  16187  1000.00       20509  1000.00  26425  1000.00      32608  1000.00    38195  1000.00
                                                                                                                             43375  1000.00      48752  1000.00
05     MIL        10347  1000.00  16194  1000.00       20531  1000.00  26466  1000.00      32616  1000.00    38227  1000.00
                                                                                                                             43541  1000.00      48778  1000.00
05158  1000.00    10414  1000.00  16200  1000.00       20539  1000.00  26562  2000.00      32657  2000.00    38523  1000.00                      48852
                                                                                                                             43669  1000.00             1000.00
05239  1000.00    10434  1000.00  16201  1000.00       20559  1000.00  26776  1000.00      32820  1000.00    38679  1000.00                      48852  1000.00
                                                                                                                             43742  1000.00
05267  1000.00    10438  1000.00  16202  2000.00       20563  2000.00  26779  1000.00      32825  1000.00    38714  1000.00                      48939  1000.00
                                                                                                                             43759  1000.00
05273  1000.00    10656  1000.00  PREMIO               20614  1000.00  26870  1000.00      32835  1000.00    38724  1000.00                      49     MIL
                                                                                                                             43842  1000.00
05311  1000.00    10687  1000.00  MAYOR                20882  1000.00  26938  1000.00      32884  2000.00    38880  1000.00                      49275  1000.00
                                                                                                                             43919  1000.00
05483  1000.00    10785  1000.00  16203                20883  1000.00  26975  2000.00      32957  1000.00    38923  2000.00  44     MIL          49366  1000.00
                                                                       27     MIL          33
05549  1000.00    10859  1000.00                       20900  1000.00                             MIL        38943  2000.00                      49402  1000.00
                                                                                                             39     MIL      44104  1000.00
05688  1000.00    SEGUNDO                              20907  2000.00  27051  1000.00      33043  1000.00                                        49571  1000.00
                                                                       27250  1000.00                        39115  1000.00  44155  1000.00
05729  1000.00    PREMIO                               20924  1000.00                      33279  1000.00                                        49576  1000.00
                  10980                                20935  1000.00  27289  1000.00                        39187  1000.00  44162  1000.00
05772  1000.00                                                                             33320  3000.00                                        49579  1000.00
                                                       20972  2000.00  27328  1000.00      33373             39252  1000.00  44244  1000.00
CUARTO PREMIO                                          21     MIL                                 1000.00                                        49584  1000.00
                                                                       27382  1000.00      33472  2000.00                    44344  1000.00
05779                                                                                                        39260  1000.00                      49593  2000.00
                                                       21155  1000.00  27384  1000.00      33585  1000.00                    44361  1000.00
                                                                                                             39316  2000.00                      49595  1000.00
                                                       21188  1000.00  27390  1000.00      33822  1000.00                    44398  1000.00
                                                       21350  1000.00  27395  1000.00                        39320  1000.00                      49905  1000.00
                                                                                           33932  1000.00                    44421  1000.00
                                  C$3,500,000.00       21372  1000.00  27503  1000.00      33951             39320  1000.00                      49951  1000.00
                                                                                                  1000.00                    44458  1000.00
C$25,000.00                                            21498  1000.00  27513  1000.00      34     MIL        39356  1000.00                      50     MIL
                  C$300,000.00                                                                                               44463  1000.00
MATAGALPA                                              21522  1000.00  27575  1000.00      34054  1000.00    39394  1000.00                      50080  1000.00
                                                                                                                             44486  1000.00
                  CHINANDEGA                           21714  1000.00  27585  1000.00      34087  1000.00    39851  1000.00                      50171  1000.00
                                                                                                                             44561  1000.00
05782  1000.00                    VENDIDO POR LA       21751  1000.00  27669  1000.00      34123  1000.00    39858  1000.00                      50186  1000.00
                                                                                                                             44583  1000.00
05786  1000.00                    CONCESIONARIA G-602  21802  1000.00  27670  1000.00      34130  1000.00    39908  1000.00                      50297  1000.00
                                                                                                             40     MIL      44901  1000.00
05799  1000.00    11     MIL      MAGDALENA DEL S.     21980  1000.00  27726  1000.00      34146  1000.00                                        50336  1000.00

05875  1000.00    11007  1000.00  SELVA GUTIERREZ      22     MIL      27776  1000.00      34164  1000.00    40076  1000.00  44964  2000.00      50428  1000.00

05978  1000.00    11375  1000.00  GRANADA              22033  1000.00  27925  1000.00      34418  1000.00    40291  1000.00  44972  1000.00      50584  1000.00
                                                                                                                             45     MIL
06     MIL        11377  2000.00                       22049  1000.00  27972  1000.00      34421  1000.00    40304  1000.00                      CUARTO PREMIO
                                                                                                                             45049  2000.00      50625
06076  1000.00    11425  1000.00  16204  2000.00       22291  1000.00  28     MIL          34429  1000.00    40317  2000.00
                                                                                                                             45078  1000.00
06156  1000.00    11454  3000.00  16205  1000.00       22681  1000.00  28013  1000.00      34433  1000.00    40381  1000.00
                                                                                                                             45159  1000.00
06159  1000.00    11739  1000.00  16206  1000.00       22711  1000.00  28016  10,000.00    34444  1000.00    40399  1000.00
                                                                                                                             45177  3000.00
06181  1000.00    11849  1000.00  16276  1000.00       22717  1000.00  28105  2000.00      34642  1000.00    40442  1000.00                      C$25,000.00
                                                                                                                             45311  1000.00
06271  1000.00    11889  1000.00  16474  1000.00       22756  1000.00  28110  1000.00      34737  1000.00    40487  1000.00
                                                                                                                             45330  1000.00
06309  1000.00    11894  1000.00  16499  1000.00       22816  1000.00  28249  1000.00      34781  1000.00    40496  1000.00                      OCOTAL
                                                                                                                             45467  1000.00
06403  1000.00    11971  1000.00  16519  1000.00       22864  1000.00  28298  1000.00      34874  1000.00    40496  1000.00
                                                                                                                             45496  1000.00
06417  1000.00    11978  1000.00  16524  1000.00       22984  1000.00  28301  1000.00      34923  1000.00    40594  1000.00                      50654  1000.00
                  12     MIL                           23     MIL
06542  1000.00                    16533  1000.00                       28347  1000.00      34947  1000.00    40667  3000.00  45502  1000.00      50805  1000.00

06573  1000.00    12000  1000.00  16586  1000.00       23010  1000.00  28527  3000.00      34951  1000.00    40733  1000.00  45646  1000.00      50885  1000.00
                                                                                           35     MIL
06646  1000.00    12014  1000.00  16722  1000.00       23022  1000.00  28658  1000.00                        40829  1000.00  45797  1000.00      50910  1000.00

06911  1000.00    12025  1000.00  16753  1000.00       23150  1000.00  28844  1000.00      35065  1000.00    40838  1000.00  45818  1000.00      50959  1000.00

NOTA: LOS BILLETES TERMINADOS EN 6203 GANAN C$4,800.00, LOS TERMINADOS EN 203 GANAN C$2,400.00, LOS TERMINADOS EN 03 GANAN

C$1,200.00, LOS TERMINADOS EN 3 GANAN C$600.00. TODOS LOS NUMEROS DE LA PRESENTE LISTA Y QUE A LA VEZ TENGAN TERMINACIONES

DEL PREMIO MAYOR TIENEN DERECHO AL PREMIO Y A LA TERMINACION. SE EXCEPTUA AL PREMIO MAYOR EN TODAS LAS TERMINACIONES.

       ESTA LISTA ES GRATIS · VISITE WWW.LOTERIANACIONAL.COM.NI
