                                                   SORTEO EXTRAORDINARIO Nº 1524

                                                                                                                                                  MANAGUA

                                                               5,000,000Córdobas                                                                  17 DE AGOSTO

                                                                                                                                                               2010

                                                                                                                                                  CADUCIDAD

                                                                                                                                                  25 DE NOVIEMBRE

                                                                                                                                                               2010

                                                                                                                                                  LISTA OFICIAL

01       MIL         04674    1000.00     08807    1200.00     15107    1200.00     21352    1200.00     26759  1200.00  35     MIL        40571  1200.00      45814  1200.00

01119    1200.00     04675    1000.00     08815    1200.00     15112    1200.00     21744    1200.00     26912  1200.00  35226  2000.00    40583  1200.00      45857  2000.00
                                                                                                                                                               45858  1200.00
01148    1200.00     0470155  1M20IL0.00  08882    1200.00     15316    1200.00     21749    1200.00     26946  1200.00  35287  1200.00    40611  1200.00      46     MIL

01352    1200.00                          08916    1200.00     15375    1200.00     21849    1200.00     26950  1200.00  35415  1200.00    40632  1200.00
                     05048    1200.00                                                                    27     MIL                                            46030  1200.00
01427    1200.00                          0890597  1M20IL0.00  15436    1200.00     21860    1200.00                     35520  1200.00    40690  1200.00
                     05090    1200.00                                                                                                                          46036  1200.00
01472    1200.00     05098    1200.00                          15439    2000.00     21875    1200.00     27336  1200.00  35590  1200.00    40761  1200.00      46058  1200.00

01758    2000.00     05221    1200.00     09095TERCER PREMIO   15529    2000.00     21909    1200.00     27369  1200.00  35601  1200.00    40771  1200.00      46151  1200.00

01782    1200.00     05329    1200.00                          15547    1200.00     21957    1200.00     27487  1200.00  35804  1200.00    40776  1200.00      46201  1200.00

0190620  1M20IL0.00  05330    1200.00                          15825    1200.00     2192920  1M20IL0.00  27503  1200.00  35833  1200.00    40839  1200.00      46208  1200.00

                                                               1581664  1M20IL0.00                       27762  1200.00  35851  1200.00    40853  1200.00      46296 10,000.00
02112    1200.00     05335    1200.00                                                                    28     MIL
                                                                                    22131    1200.00                     35873  1200.00    40880  1200.00      46532  1200.00
02162    1200.00     05377    1200.00
                                                               16008    1200.00     22137    1200.00     28113  1200.00  35920  1200.00    40912  1200.00      46724  1200.00
02171    1200.00     05392    1200.00                                                                                    36     MIL        41     MIL
                                          C$50,000.00          16101    1200.00     22208    1200.00     28114  1200.00                                        46794  1200.00
02257    1200.00     05445    1200.00
                                                               16130    1200.00     22268    1200.00     28129  1200.00  36009  1200.00    41012  1200.00      46811  1200.00
02279    1200.00     05618    2000.00
02308    1200.00                          MANAGUA              16343    2000.00     22299CUARTO PREMIO   28274  1200.00  36070  1200.00    41117  1200.00      46841  2000.00
                     05817    1200.00
02323    1200.00                                               16353    1200.00                          28398  1200.00  36219  1200.00    41218  1200.00      46873  2000.00
                     05941    1200.00
02410    1200.00                          09130    1200.00     16359    1200.00                          28690  1200.00  36252  1200.00    41233  1200.00      46896  2000.00

02475    1200.00     05968    1200.00     09319    1200.00     16396    1200.00                          28717  1200.00  36300  1200.00    41284  1200.00      47     MIL

02524    1200.00     0590866  1M20IL0.00  09336    1200.00     16472    1200.00                          28719  1200.00  36505  1200.00    41379  1200.00      47145  1200.00

02618    1200.00     06011    3000.00     09345    1200.00     16592    1200.00     C$25,000.00          28905  1200.00  36579  1200.00    41475  1200.00      47225  1200.00

02730    1200.00                          09356    1200.00     16662    1200.00     MANAGUA              28928  1200.00  36663  1200.00    41533  1200.00      47295  2000.00

02764    1200.00     06079    1200.00     09365    1200.00     16699    1200.00                          28953  1200.00  36812  1200.00    41563  1200.00      47322  1200.00

02764    1200.00     06111    1200.00     09424    2000.00     16741    1200.00                          28958  2000.00  36825  1200.00    41585  1200.00      47383  2000.00

                     06113    1200.00                                                                    28970  1200.00  36844  1200.00    41597  1200.00      47384  1200.00
02850    1200.00                          09532    2000.00                          22314    1200.00     29     MIL
                     06113    1200.00                          16766    1200.00                                          36867  1200.00    41729  1200.00      47395  1200.00
02856    1200.00                          09811    1200.00                          22440    1200.00
0290335  1M20IL0.00  06302    1200.00                          16794    1200.00                          29044  1200.00  36921  1200.00    41794  1200.00      47435  1200.00
                                          0991702  2M00IL0.00
                     06316    2000.00                          16908    1200.00     22849    1200.00     29198  1200.00  36924  1200.00    41970  1200.00      47537  1200.00
                                                                                                                                           42     MIL
03032    1200.00     06517    1200.00                          1691578  1M20IL0.00  22928    1200.00     29382  1200.00  36926  1200.00                        47628  1200.00
                                          10025    1200.00                          23       MIL                         37     MIL
03044    1200.00     06537    1200.00                                                                    29587  1200.00                    42076  1200.00      47661  1200.00
                                          10056    1200.00
03076    1200.00     06634    1200.00                          17092    1200.00     23126    1200.00     29690  1200.00  37025  1200.00    42084  1200.00      47708  1200.00
                                          10097    1200.00
03102    1200.00     06647    1200.00                          17102    1200.00     23134    1200.00     29791  1200.00  37031  1200.00    42156  1200.00      47719  1200.00
                                          10105    1200.00
03206    1200.00     06703    1200.00                          17128    1200.00     23192    1200.00     29868  1200.00  37131  1200.00    42201  1200.00      47784  2000.00

03286    1200.00     06729    1200.00     10316    1200.00     17498    3000.00     23242    1200.00     29950  1200.00  37244  1200.00    42225  1200.00      47915  1200.00

03289    1200.00     06781    1200.00     10326    1200.00     17518    1200.00     23371    1200.00     29971  1200.00  37287  1200.00    42328  1200.00      47971  1200.00
                                                                                                         30     MIL                                            48     MIL
03324    1200.00     06811    3000.00     10330    1200.00     17526    1200.00     23697    1200.00                     37458  15,000.00  42426  1200.00

03333    1200.00     06818    1200.00     10342    1200.00     17647    1200.00     23708    1200.00     30119  1200.00  QUINTO PREMIO     42625  1200.00      48015  1200.00

03337    1200.00     06825    1200.00     10537    1200.00     17659    1200.00     23713    1200.00     30172  1200.00  37507             42720  1200.00      48041  2000.00

03374    1200.00     0690470  1M20IL0.00  10595    1200.00     17679    1200.00     23716    1200.00     30175  1200.00                    42883  1200.00      48055  1200.00

03385    1200.00                          10728    1200.00     17768    1200.00     23728    1200.00     30238  2000.00                    42965  1200.00      48057  1200.00
                                                                                                                                           43     MIL
03442    1200.00     07032    1200.00     10741    1200.00     1791986  1M20IL0.00  23848    1200.00     30267  1200.00                                        48157  1200.00
                                                                                                                         C$20,000.00
03465    1200.00     07052    1200.00     10816    1200.00                          23851    1200.00     30454  1200.00                    43015  1200.00      48172  1200.00

03582    1200.00     07124    1200.00     1081617  1M20IL0.00  18010    1200.00     23866    1200.00     30534  1200.00  MANAGUA           43102  1200.00      48327  1200.00
                                                                                                                                                               48427  1200.00
03632    1200.00     07170    1200.00                          18050    2000.00     23877    1200.00     30679  1200.00                    43345  1200.00      48468  1200.00

03738    1200.00     07188    1200.00     11000    2000.00     18103    1200.00     23967    1200.00     30799  1200.00                    43386  1200.00
                                                                                    24       MIL                                                               48469  1200.00
03787    1200.00     07200    1200.00     11007    1200.00     18208    1200.00                          30826  1200.00  37537  1200.00    43415  3000.00
                                                                                                                                                               48521  1200.00
03807    1200.00     07217    1200.00     11018    1200.00     18249    1200.00     24034    1200.00     30905  1200.00  37548  1200.00    43518  1200.00      48579  1200.00

03854    1200.00                          11039    1200.00     18257    1200.00     24135    1200.00     30977  1200.00  37664  1200.00    43541  1200.00
                     07246    1200.00                                                                    31     MIL                                            48671  1200.00
03867    1200.00                          11075    1200.00     18272    1200.00     24212    1200.00                     37839  1200.00    43570  1200.00
                     07328    1200.00                                                                                                                          48745  1200.00
03896    1200.00                          11160    1200.00     18407    1200.00     24340    1200.00     31217  1200.00  37908  1200.00    43644  1200.00      48816  1200.00

0390645  1M20IL0.00  07352    1200.00     11275    1200.00     18552    1200.00     24420    1200.00     31284  1200.00  37946  1200.00    43689  1200.00      49     MIL
                                                                                                                         38     MIL
                     07414    1200.00     11327    1200.00     18581    1200.00     24528    1200.00     31422  1200.00                    43728CUARTO PREMIO  49075  2000.00

04100    1200.00     07441    1200.00     11392    1200.00     18761    1200.00     24533    1200.00     31431  1200.00  38038  1200.00                        49082  1200.00

04172    1200.00     07452    1200.00     11417    1200.00     18815    1200.00     24572    3000.00     31435  1200.00  38057  1200.00                        49160  1200.00

04252    1200.00     07472    2000.00     11556    1200.00     1891595  2M00IL0.00  24646    1200.00     31510  1200.00  38154  1200.00                        49168  1200.00

04257    1200.00     07562    1200.00     11652    1200.00                          24669    1200.00     31552  1200.00  38276  1200.00                        49404  2000.00

04427    1200.00     07583    1200.00     11710    1200.00     19060    1200.00     24670    1200.00     31704  1200.00  38396  1200.00    C$25,000.00         49623  1200.00

04476    1200.00     07584    1200.00     11745    1200.00     19067    1200.00     24714    1200.00     31889  1200.00  38407  1200.00                        49675  1200.00

04546    1200.00     07622    1200.00     11768    1200.00     19102    1200.00     24730    1200.00     31923  1200.00  38479  1200.00    MATAGALPA           49712  2000.00

04589    1200.00     07637    1200.00                                               24738    1200.00     31982  1200.00  38518  1200.00                        49943  1200.00
                                          1191492  2M00IL0.00                                            32     MIL
04590    1200.00     07728    1200.00                          19173    1200.00     24752    1200.00                     38538  1200.00    44     MIL          49979  1200.00
                                                                                                         32070  1200.00
04669    1000.00     07765    1200.00     12006    1200.00     19221    2000.00     24807    1200.00                     38642  1200.00                        50     MIL
                                                                                                         32290  1200.00                    44012  1200.00
04670    1000.00     07800    1200.00     12138    1200.00     19375    1200.00     24811    10,000.00                   38660  1200.00                        50059  1200.00
                                                                                                         32314  3000.00                    44034  1200.00
04671    2000.00     07828    1200.00                          19382    1200.00     24913    1200.00                     38717  1200.00                        50059  1200.00
                                          12343    1200.00                          25       MIL         32371  1200.00                    44078  1200.00
                     07878    1200.00                          19394    1200.00                                          38864  1200.00                        50127  1200.00
PREMIO                                                                                                   32502  1200.00                    44107  1200.00
                     0790883  1M20IL0.00  12344    1200.00     19411    1200.00     25026    1200.00                     38897  1200.00                        50135SEGUNDO
                                                                                                         32714  1200.00                    44128  1200.00
04672MAYOR                                12416    1200.00     19436    1200.00     25254    1200.00                     38915  1200.00                        PREMIO
                                                                                                         32793  1200.00                    44272  1200.00
                     08025    1200.00     1281930  1M20IL0.00  19455    1200.00     25387    1200.00                     38926  1200.00
                                                                                                         32818  1200.00                    44317  1200.00
                     08034    2000.00                          19604    1200.00     25498    2000.00                     38977  1200.00
                                                                                                         32936  1200.00                    44327  1200.00
                     08205    1200.00     13189    1200.00     19722    1200.00     25679    1200.00                     38986  1200.00
                                                                                                         32943  1200.00  39     MIL        44358  1200.00
                     08225    1200.00     13300    1200.00     19772    1200.00     25752    1200.00
                                                                                                         32977  1200.00  39105  1200.00    44395  1200.00
                     08250    1200.00     13327    1200.00     19851    1200.00     25775    1200.00     33     MIL
                                                                                                                         39157  1200.00    44461  1200.00
                     08436    1200.00     13362    1200.00     19932    1200.00     25823    1200.00
                                                                                                         33035  1200.00  39574  1200.00    44472  1200.00
                     08486    3000.00     13457    1200.00     1992707  1M20IL0.00  25919    1200.00                                                           C$400,000.00
                                                                                                         33166  1200.00  39771  1200.00    44554  1200.00
                     08575    1200.00     13771    2000.00                          25934    1200.00
                                                                                                         33335  1200.00  39771  1200.00    44650  1200.00
                                          13893    1200.00     20118    1200.00     25996    1200.00                                                           MANAGUA
                     08592    1200.00                                               26       MIL         33359  1200.00  39982  1200.00    44722  1200.00
                                          1391545  1M20IL0.00  20455    1200.00                                          40     MIL
C$ 5,000,000.00      08741    1200.00                                               26323    1200.00     33547  1200.00                    44772  1200.00
                                                               20543    1200.00
                     08743    1200.00     14000    1200.00                          26329    1200.00     33676  1200.00  40025  1200.00    44851  1200.00      50209  1200.00
                                                               20638    1200.00
                     08767TERCER PREMIO   14091    1200.00                          26381    1200.00     33959  1200.00  40151  1200.00    44909  1200.00      50214  1200.00
                                                               20846    1200.00                          34     MIL
                                          14317    1200.00                          26393    1200.00                     40178  1200.00    44918  1200.00      50278  1200.00
VENDIDO POR LA                                                 20967    1200.00                                                            45     MIL
                                          14457    1200.00                          26441    1200.00     34038  1200.00  40182  1200.00                        50466  1200.00
CONCESIONARIA D-227                                            20975    1200.00                                                            45060  1200.00
                                          14520    1200.00                          26444    1200.00     34210  1200.00  40234  1200.00                        50526  1200.00
MARIA DEL CARMEN                                               2092716  1M20IL0.00                                                         45272  1200.00
                                                                                    26447    1200.00     34365  1200.00  40290  1200.00                        50555  1200.00
ACEVEDO GARCIA                            14551    1200.00                                                                                 45436  1200.00      50631  1200.00
                                                                                    26513    1200.00     34370  1200.00  40301  1200.00
MANAGUA                                   1471656  1M20IL0.00  21038    1200.00                                                            45518  1200.00      50636  1200.00
                     C$50,000.00                                                    26640    1200.00     34394  1200.00  40389  1200.00
                                                               21066    1200.00                                                            45600  1200.00      50741  1200.00
                     MANAGUA              15061    1200.00                          26658    1200.00     34553  2000.00  40427  1200.00
                                                               21081    1200.00                                                            45715  1200.00      50840  1200.00
04673    2000.00                          15064    1200.00                          26666    1200.00     34648  2000.00  40450  1200.00    45736  1200.00
                                                               21322    1200.00                                                                                50903  1200.00
                                                                                    26745    1200.00     34908  1200.00  40475  2000.00

NOTA: LOS BILLETES TERMINADOS EN 4672 GANAN C$6,400.00, LOS TERMINADOS EN 672 GANAN C$3,200.00, LOS TERMINADOS EN 72 GANAN

C$1,600.00, LOS TERMINADOS EN 2 GANAN C$800.00. TODOS LOS NUMEROS DE LA PRESENTE LISTA Y QUE A LA VEZ TENGAN TERMINACIONES

DEL PREMIO MAYOR TIENEN DERECHO AL PREMIO Y A LA TERMINACION. SE EXCEPTUA AL PREMIO MAYOR EN TODAS LAS TERMINACIONES.

         ESTA LISTA ES GRATIS · VISITE WWW.LOTERIANACIONAL.COM.NI
