                                                     SORTEO ORDINARIO Nº 1526

                                                                                                                                   MANAGUA

                                                     3,500,000Córdobas                                                            31 DE AGOSTO

                                                                                                                                               2010

                                                                                                                                  CADUCIDAD

                                                                                                                                  09 DE DICIEMBRE

                                                                                                                                               2010

                                                                                                                                  LISTA OFICIAL

01       MIL         05184  1000.00  12     MIL      17592  1000.00      22260  2000.00    28404  1000.00  35574  1000.00  41246  1000.00      45095  1000.00

01140    1000.00     05324  1000.00  12002  1000.00  17643  1000.00      22289  1000.00    28461  1000.00  35590  1000.00  41266  1000.00      45153  1000.00
                                                                         22306  3000.00
01430    1000.00     05618  1000.00  12051  1000.00  17751  1000.00      22456  1000.00    28519  1000.00  35878  1000.00  41383  1000.00      45166  1000.00
                                                                                           28564  1000.00  35905  2000.00  41547  1000.00
01522    2000.00     05676  2000.00  12055  1000.00  SEGUNDO             22566  1000.00    28667  1000.00  35914  1000.00  41586  1000.00      45167  1000.00

01588    1000.00     05742  1000.00  12202  1000.00  PREMIO              22757  1000.00    28728  1000.00  35957  1000.00  41631  1000.00      45208  1000.00

01894    1000.00     05918  1000.00  12305  1000.00  17785                                                 36     MIL                          45288  1000.00
                     06     MIL                                          22876  1000.00    28810  1000.00                  41839  1000.00
01911    1000.00                     12378  1000.00                                                                                            45469  1000.00
                     06181  1000.00                                      22946  1000.00    28923  1000.00  36018  1000.00  41947  2000.00
                                     12389  1000.00                      23     MIL                                                            45496  1000.00
02077    1000.00     06422  1000.00                                                        28928  1000.00  36087  1000.00  41966  1000.00
                                     12457  1000.00                      23069  1000.00    28937  1000.00  36089  1000.00  42     MIL          45571  1000.00
02230    1000.00     06459  1000.00
                                     12480  1000.00                      23073  1000.00    28994  1000.00  36384  1000.00  42067  1000.00      45587  1000.00
02335    1000.00     06518  1000.00
                                     12496  1000.00  C$300,000.00        23191  1000.00    29     MIL      36690  1000.00  42205  1000.00      45608  1000.00
02392    1000.00     06526  1000.00
                                     12569  1000.00                      23205  1000.00    29035  1000.00  36756  1000.00  42287  1000.00      45615  1000.00
02432    1000.00     06638  1000.00
                                     12632  1000.00  MANAGUA             23211  10,000.00  29299  1000.00  36835  1000.00                      45641  1000.00
02714    1000.00     06788  1000.00
                                     12694  1000.00                      23253  1000.00    29338  2000.00  36859  1000.00  CUARTO PREMIO       45723  1000.00
02717    1000.00     06853  1000.00
                                     12746  1000.00  17850  1000.00      23457  1000.00    29342  1000.00  36866  1000.00  42305               45767  1000.00
02723    1000.00     06879  3000.00
                                     12763  1000.00                      23473  1000.00    29344  1000.00  36911  1000.00                      45843  1000.00
02803    1000.00     06883  2000.00
                                     12825  1000.00  TERCER PREMIO       23479  1000.00    29375  1000.00  37     MIL                          45913  1000.00
02822    1000.00     06995  2000.00                  17888
                     07     MIL      12905  2000.00                      23480  1000.00    29416  1000.00  37101  1000.00                      45915  1000.00
02865    1000.00
                                     12937  1000.00                      23571  1000.00    29455  1000.00  37278  2000.00  C$25,000.00         45933  1000.00
02964    1000.00     07195  1000.00  13     MIL
                                                                         23640  1000.00    29468  1000.00  37316  1000.00  CHINANDEGA          46     MIL
02970    1000.00     07228  1000.00  13056  1000.00
                                                                         23775  1000.00    29901  1000.00  37384  1000.00                      46008  1000.00
02991    1000.00     07256  1000.00  13161  1000.00
                                                                         24     MIL        30     MIL      37447  1000.00  42346  1000.00      46076  1000.00
02999    1000.00     07272  1000.00  13252  1000.00
                                                     C$50,000.00         24108  1000.00    30011  1000.00  37559  1000.00  42354  1000.00      46231  1000.00
                     07380  1000.00  13278  1000.00
03023    1000.00                                     MANAGUA             24135  1000.00    30014  1000.00  37624  1000.00  42385  1000.00      46281  1000.00
                     07531  1000.00  13353  1000.00
03244    1000.00                                                         24148  1000.00    30083  1000.00  37759  1000.00  42391  1000.00      46304  1000.00
                     07586  2000.00  13365  1000.00
03277    1000.00                                                         24168  1000.00    30228  1000.00  37918  1000.00  42484  1000.00      46407  1000.00
                     07671  1000.00  13491  1000.00  18     MIL
03336    1000.00                                                         24263  2000.00    30357  2000.00  38     MIL      42534  1000.00      46436  2000.00
                     07714  1000.00  13706  1000.00  18091  1000.00
                                                                         24333  1000.00    30629  1000.00  38058  1000.00  42578  1000.00      46494  1000.00
CUARTO PREMIO        07755  1000.00  13840  1000.00  18111  1000.00
                                                                         24399  1000.00    30658  1000.00  38147  1000.00  42613  1000.00      46566  1000.00
03386                07816  1000.00  13917  1000.00  18144  1000.00
                                     14     MIL                          24431  1000.00    30703  1000.00  38207  1000.00  42673  1000.00      46645  1000.00
                     07816  1000.00                  18167  1000.00
                                                                         24437  1000.00    30786  1000.00  38233  1000.00  42739  1000.00      46726  1000.00
                     07817  1000.00  14068  3000.00  18227  1000.00
                     08     MIL                                          24443  1000.00    30859  1000.00  38306  1000.00  42805  1000.00      46838 15,000.00
                                     14500  1000.00  18238  1000.00      24490  1000.00    31     MIL
                     08000  1000.00                                                                        38326  1000.00  42955  1000.00      46949  1000.00
C$25,000.00                          14578  1000.00  18244  1000.00      24609  1000.00    31042  1000.00  38342  1000.00  43     MIL          47     MIL
                     08022  1000.00
JINOTEPE                             14676  1000.00  18403  2000.00      24666  1000.00    31129  1000.00  38349  1000.00  43315  1000.00      47145  2000.00
                     08042  1000.00
                                     14749  2000.00  18444  1000.00      24772  1000.00    31311  1000.00  38424  1000.00  43437  1000.00      47203  1000.00
                     08066  1000.00
03648    3000.00                     14811  1000.00  18486  1000.00      24995  1000.00    31412  1000.00  38585  1000.00  43512  1000.00      47208  1000.00
                     08090  1000.00
03652    1000.00                     14922  1000.00  18537  1000.00      24999  1000.00    31586  1000.00  38611  1000.00  43518  3000.00      47304  1000.00
                     08265  1000.00
03694    1000.00                     14962  1000.00  18570  1000.00      25     MIL        31607  1000.00  38642  1000.00  43548  1000.00      47447  1000.00
                     08297  1000.00
03725    1000.00                     14980  1000.00  18583  1000.00      25053  1000.00    31619  1000.00  38782  1000.00
                     08470  1000.00  15     MIL                                                                                                47484  1000.00
03748    1000.00                                     18661  1000.00      25060  1000.00    31643  1000.00  38840  1000.00  TERCER PREMIO
                     08649  1000.00  15002  1000.00         1000.00                                                        43552               47519  1000.00
03769    1000.00                                     18740               25080  1000.00    31677  1000.00  38885  1000.00
                     08791  1000.00  15110  1000.00  18824  1000.00                                                                            47556  1000.00
03967    1000.00                                                         25286  1000.00    31735  1000.00  39     MIL
                     08815  1000.00  15296  1000.00  18908  1000.00                                                                            47568  1000.00
03972    1000.00                                                         25308  2000.00    31773  1000.00  39010  1000.00
                     08851  1000.00  15330  1000.00  18963  1000.00      25482  1000.00                                                        47586  1000.00
                                                                                           31800  1000.00
                     08856  1000.00  15399  1000.00  18983  1000.00      25618  1000.00    31857  1000.00  QUINTO PREMIO                       47598  2000.00
04105    1000.00
                     08872  1000.00  15422  1000.00  19     MIL          25677  1000.00    31861  1000.00  39143                               47693  1000.00
04285    1000.00
                     08900  1000.00  15467  1000.00  19105  1000.00      25704  1000.00    31895  1000.00                                      47828  1000.00
04310    1000.00
                     08914  1000.00  15511  1000.00  19165  1000.00      25761  1000.00    32     MIL                      C$50,000.00         47848  1000.00
04367    1000.00                                                                                                                               48     MIL
                     08965  1000.00  15627  1000.00  19321  1000.00      25865  2000.00    32048  1000.00  C$20,000.00
04375    1000.00     09     MIL
                                     15787  1000.00  19344  1000.00      25877  1000.00    32090  1000.00                  ESTELI              48025  2000.00
04509    1000.00     09002  1000.00
                                     15799  2000.00  19378  1000.00      26     MIL        32119  1000.00  JINOTEPE                            48031  1000.00
04686    2000.00
                     09058  1000.00  15828  1000.00  19461  1000.00      26086  1000.00    32348  1000.00                                      48068  1000.00
04722    1000.00
                     09482  1000.00  15880  1000.00  19603  1000.00      26141  1000.00    32422  1000.00  39156  1000.00  43565  1000.00      48141  1000.00
04932    1000.00                     16     MIL
                     09555  1000.00                  19654  1000.00      26262  1000.00    32496  1000.00  39188  1000.00  43611  1000.00      48152  1000.00
04933    1000.00                                     19826  1000.00
                     09885  1000.00  16021  1000.00                      26398  1000.00    32501  1000.00  39266  1000.00  43635  1000.00      48302  1000.00
04934    2000.00                                     19955  1000.00
                     09955  1000.00  16049  1000.00                      26497  1000.00    32534  2000.00  39470  2000.00  43718  1000.00      48361  1000.00
                                                     20     MIL
PREMIO               09982  1000.00  16126  1000.00                      26665  1000.00    32583  1000.00  39471  1000.00  43740  1000.00      48426  1000.00
                     10     MIL                      20028  2000.00
MAYOR                                16376  1000.00                      26702  1000.00    32613  1000.00  39506  1000.00  43859  10,000.00    48584  1000.00
04935                10062  1000.00                  20034  1000.00
                                     16437  2000.00  20172  1000.00      26711  1000.00    32675  1000.00  39556  1000.00  43885  1000.00      48853  1000.00
                     10063  1000.00
                                     16493  1000.00  20252  2000.00      26712  2000.00    32679  1000.00  39577  1000.00  43888  1000.00      48870  1000.00
                     10121  1000.00
                                     16519  1000.00  20278  1000.00      26721  1000.00    32846  1000.00  39588  1000.00  43891  1000.00      49     MIL
                     10253  1000.00                                                                                        44     MIL
                                     16539  1000.00  20358  1000.00      26761  1000.00    33     MIL      39615  1000.00                      49233  1000.00
                     10326  1000.00
                                     16558  1000.00  20617  1000.00      26981  1000.00    33004  2000.00  39739  1000.00  44152  1000.00      49235  1000.00
                     10406  1000.00                                      27     MIL
                                     16558  1000.00  20723  1000.00                        33065  1000.00  39784  1000.00  44230  1000.00      49249  1000.00
                     10465  1000.00
                                     16672  1000.00  20739  1000.00      27043  1000.00    33178  1000.00  39853  1000.00  44246  1000.00      49383  1000.00
                     10673  1000.00
                                     16678  2000.00  20757  1000.00      27079  1000.00    33203  1000.00  39895  1000.00  44270  1000.00      49408  1000.00
                     10855  1000.00
                                     16692  1000.00  20765  1000.00      27080  1000.00    33466  3000.00  39903  1000.00  44304  1000.00      49415  1000.00
                     10864  1000.00
C$3,500,000.00                       16705  1000.00  20982  1000.00      27251  1000.00    33549  1000.00  39913  1000.00  44319  1000.00      49439  1000.00

                     10881  1000.00  16793  1000.00  21     MIL          27285  1000.00    33582  2000.00  39966  1000.00  44334  1000.00      49538  1000.00
                                                                                                           40     MIL
                     10930  1000.00  16820  1000.00  21135  1000.00      27382  1000.00    33654  1000.00                  44347  1000.00      49816  1000.00
                     11     MIL
                                     16872  1000.00  21141  1000.00      27580  1000.00    33809  1000.00  40087  1000.00  44437  1000.00      49967  1000.00

VENDIDO POR EL       11159  1000.00  16878  1000.00  21217  1000.00      27601  1000.00    33830  1000.00  40110  1000.00  44464  2000.00      50     MIL

CONCESIONARIO F-093  11265  1000.00  17     MIL      21234  1000.00      27631  1000.00    33992  1000.00  40276  1000.00  44553  1000.00      50024  1000.00

CAMILO               11416  1000.00  17010  1000.00  21303  1000.00      27731  1000.00    34     MIL      40366  1000.00  44595  1000.00      50093  1000.00

RIZO SALINAS         11459  1000.00                  21311  1000.00      27752  1000.00    34405  2000.00  40386  1000.00  44647  1000.00

ESTELI               11643  1000.00  17090  1000.00  21354  1000.00      27883  1000.00    34441  1000.00  40520  1000.00  44752  1000.00      50136  1000.00

                     11662  1000.00  17141  1000.00  21396  2000.00      27903  1000.00    34589  1000.00  40711  1000.00  44814  1000.00      50246  1000.00

04936    2000.00     11668  3000.00  17159  1000.00  21411  1000.00      28     MIL        34786  1000.00  40729  1000.00  44834  1000.00      50440  1000.00

04937    1000.00     11684  1000.00  17190  1000.00  21412  1000.00      28014  1000.00    34804  1000.00  40740  1000.00  44870  1000.00      50529  1000.00

04938    1000.00     11701  1000.00  17289  1000.00  21899  1000.00      28056  1000.00    34883  1000.00  40779  1000.00  44895  1000.00      50562  1000.00

04971    1000.00     11734  1000.00  17329  1000.00  21922  1000.00      28129  1000.00    34940  1000.00  40787  1000.00  44966  1000.00      50571  1000.00

                     11769  1000.00  17371  1000.00  22     MIL          28147  1000.00    35     MIL      40888  1000.00  45     MIL          50730  1000.00

05034    1000.00     11806  1000.00  17421  1000.00  22084  1000.00      28293  1000.00    35162  1000.00  40966  1000.00  45020  1000.00      50887  1000.00

05080    1000.00     11836  1000.00  17450  1000.00  22186  1000.00      28359  1000.00    35445  1000.00  41     MIL      45026  1000.00      50903  1000.00

05097    1000.00     11875  1000.00  17525  1000.00  22188  1000.00      28359  1000.00    35477  1000.00  41060  1000.00  45045  1000.00      50922  1000.00

05134    1000.00     11888  1000.00  17563  1000.00  22249  1000.00      28383  1000.00    35520  1000.00  41196  1000.00  45057  1000.00      50950  1000.00

NOTA: LOS BILLETES TERMINADOS EN 4935 GANAN C$4,800.00, LOS TERMINADOS EN 935 GANAN C$2,400.00, LOS TERMINADOS EN 35 GANAN

C$1,200.00, LOS TERMINADOS EN 5 GANAN C$600.00. TODOS LOS NUMEROS DE LA PRESENTE LISTA Y QUE A LA VEZ TENGAN TERMINACIONES

DEL PREMIO MAYOR TIENEN DERECHO AL PREMIO Y A LA TERMINACION. SE EXCEPTUA AL PREMIO MAYOR EN TODAS LAS TERMINACIONES.

         ESTA LISTA ES GRATIS · VISITE WWW.LOTERIANACIONAL.COM.NI
