                                                    SORTEO ORDINARIO Nº 1527

                                                                                                                                  MANAGUA

                                                    3,500,000Córdobas                                                             07 DE SEPTIEMBRE

                                                                                                                                               2010

                                                                                                                                  CADUCIDAD

                                                                                                                                  16 DE DICIEMBRE

                                                                                                                                               2010

                                                                                                                                  LISTA OFICIAL

01     MIL        06     MIL        12157  1000.00  18518  1000.00  25557  1000.00  30403  1000.00    36838  1000.00       40240  1000.00      45641  1000.00

01035  1000.00    SEGUNDO           12260  1000.00  18538  1000.00  25597  1000.00  30420  1000.00    36841  1000.00       40283  1000.00      45738  1000.00

01042  1000.00    PREMIO            12369  1000.00  18598  1000.00  25745  2000.00  30525  2000.00    36893  1000.00       40293  1000.00      45922  1000.00

01138  1000.00    06039             12487  1000.00  18767  2000.00  25756  1000.00  30552  1000.00    36961  1000.00       40302  1000.00      45935  1000.00

01240  1000.00                      12599  1000.00  18829  1000.00  25770  1000.00  30650  1000.00    36964  1000.00       40347  1000.00      45974  1000.00
                                                    19     MIL                                        37     MIL
01244  1000.00                      12613  1000.00                  25773  2000.00  30775  1000.00                         40655  1000.00      45994  1000.00
                                                                                                                                               46     MIL
01396  1000.00                      12641  1000.00  19027  1000.00  25879  1000.00  30907  1000.00    37002  1000.00       40661  1000.00
                                                                                    31     MIL
01459  1000.00                      12721  1000.00  19046  1000.00  25892  1000.00                    37123  1000.00       40766  1000.00      46167  1000.00
                                                                    26     MIL
01512  1000.00                      12721  1000.00  19083  1000.00                  31013  1000.00    37157  1000.00       40769  1000.00      46178  1000.00

01515  1000.00    C$300,000.00      12795  1000.00  19252  1000.00  26026  2000.00  31201  1000.00    37188  1000.00       40785  1000.00      46258  1000.00

01627  1000.00                      12949  1000.00  19390  1000.00  26153  1000.00  31254  1000.00    37212  1000.00       40887  1000.00      46316  1000.00
                  GRANADA                                                                                                  41     MIL
01699  1000.00                      12974  1000.00  19506  1000.00  26187  1000.00  31258  2000.00    37223  1000.00                           46388  1000.00
                                    13     MIL
01801  1000.00                                      19594  1000.00  26234  1000.00  31322  10,000.00  37247  1000.00       41039  1000.00      46486  1000.00

01811  1000.00    06099  1000.00    13014  1000.00  19634  1000.00  26279  1000.00  31371  1000.00    37302  1000.00       41148  1000.00      46499  1000.00

01818  1000.00    06184  1000.00    13029  1000.00  19868  1000.00  26355  1000.00  31412  1000.00    37322  1000.00       41260  1000.00      46564  1000.00

01823  1000.00    06197  1000.00    13034  1000.00  19885  1000.00  26418  1000.00  31428  1000.00    37365  1000.00       41307  3000.00      46566  2000.00

                  06399  1000.00    13253  1000.00  19924  2000.00  26427  3000.00  31467  3000.00    37370  2000.00       41422  1000.00      46653  1000.00
                                                    20     MIL
01828  1000.00    06488  2000.00    13614  1000.00                  26477  1000.00  31549  2000.00    37430  1000.00       41451  1000.00      46718  1000.00

01849  2000.00    06524  1000.00    13633  1000.00  20105  1000.00  26651  1000.00  31667  1000.00    37452  1000.00       41455  1000.00      46841  1000.00

01862  1000.00    06538  1000.00    13643  3000.00  20196  1000.00  26672  1000.00  31733  1000.00    37473  1000.00       41464  1000.00      46847  1000.00

01891  1000.00    06542  1000.00    13661  1000.00  20454  1000.00  26852  1000.00  31842  1000.00    37496  1000.00       41590  1000.00      46884  1000.00

01973  1000.00    06627  1000.00    13702  1000.00  20526  1000.00  26926  1000.00  31862  1000.00    37542  1000.00       41645  1000.00      46923  1000.00
                                                                    27     MIL                                                                 47     MIL
01985  1000.00    06735  1000.00    13786  1000.00  20653  1000.00                  31883  1000.00    37543  1000.00       41647  1000.00

02     MIL        06753  1000.00    13874  1000.00  20729  1000.00  27030  1000.00  31926  1000.00    37544  2000.00       41672  1000.00      47022  1000.00

02028  2000.00    06877  1000.00    13914  1000.00  20742  1000.00  27257  1000.00  31964  1000.00    PREMIO                                   47047  1000.00

02195  1000.00    06897  1000.00    13984  1000.00  20744  1000.00  27328  1000.00  31967  1000.00                         CUARTO PREMIO       47151  1000.00
                                    14     MIL                                      32     MIL        MAYOR                41858
02288  1000.00    06904  1000.00                    20884  1000.00  27486  1000.00                    37545                                    47215  1000.00
                  07     MIL
02290  1000.00                      14013  1000.00  20897  1000.00  27511  1000.00  32012  1000.00                                             47253  1000.00
                                                    21     MIL
02327  1000.00    07002  1000.00    14048  1000.00                  27531  1000.00  32032  1000.00                                             47283  1000.00

02493  1000.00    07120  1000.00    14064  1000.00  21097  1000.00  27587  2000.00  32035  1000.00                                             47341  2000.00

02537  1000.00    07244  1000.00    14144  1000.00  21198  2000.00  27640  1000.00  32054  1000.00                         C$25,000.00         47345  1000.00

02543  1000.00    07322  1000.00    14178  1000.00  21241  1000.00  27654  2000.00  32180  1000.00                         MANAGUA             47422  1000.00

02557  1000.00    07407  1000.00    14192  1000.00  21384  2000.00  27710  1000.00  32293  1000.00                                             47469  1000.00

                  07419  1000.00    14213  1000.00  21483  1000.00  27753  2000.00  32328  1000.00                                             47560  1000.00

02736  1000.00    07491  1000.00    14617  1000.00  21577  2000.00  27775  1000.00  32351  1000.00                         41870  1000.00      47564  1000.00

02859  1000.00    07599  1000.00    14762  2000.00  21609  1000.00  27825  1000.00  32364  1000.00                         41936  1000.00      47778  1000.00
03     MIL
                  07632  1000.00    14791  1000.00  21663  1000.00  27829  1000.00  32543  3000.00    C$ 3,500,000.00      41963  1000.00      47841  1000.00
                                                                    28     MIL                                                                 48     MIL
03172  1000.00    07654  1000.00    14843  1000.00  21708  1000.00                  32581  3000.00                         41987  1000.00
                                                                                                                           42     MIL
03222  1000.00    07699  1000.00    14916  1000.00  21750  1000.00  28028  1000.00
                                                                                    TERCER PREMIO
03251  1000.00    07977  2000.00    14917  1000.00  21770  1000.00  28058  1000.00  32597                                  42108  1000.00      QUINTO PREMIO
                  08     MIL        15     MIL
03340  1000.00                                      21897  1000.00  28081  1000.00                    VENDIDO POR EL       42209  1000.00      48047

03531  1000.00    08019  1000.00    15346  1000.00  21939  1000.00  28082  1000.00                    CONCESIONARIO M-303  42239  1000.00
                                                    22     MIL
03547  1000.00    08060  1000.00    15364  1000.00                  28223  1000.00                    CESAR ANTONIO LOPEZ  42291  1000.00

03677  1000.00    08202  1000.00    15529  1000.00  22078  1000.00  28226  1000.00                           LOPEZ         42338  1000.00      C$20,000.00

03679  1000.00    08242  1000.00    15537  1000.00  22153  1000.00  28276  1000.00                    MATAGALPA            42389  1000.00            LEON

03806  10,000.00  08322  1000.00    15553  1000.00  22159  1000.00  28347  1000.00  C$50,000.00                            42428  1000.00

03809  1000.00    08595  1000.00    15729  1000.00  22216  1000.00  28405  1000.00  BLUEFIELDS                             42455  1000.00

03893  1000.00    08689  1000.00    15747  1000.00  22282  1000.00  28415  1000.00                    37546  2000.00       42540  1000.00      48053  1000.00

04     MIL        08746  1000.00    15963  1000.00  22295  1000.00  28481  1000.00                    37547  1000.00       42558  1000.00      48111  1000.00
                                    16     MIL
                  08807  1000.00                    22345  2000.00  28497  1000.00  32744  1000.00    37548  1000.00       42593  1000.00      48135  1000.00
04009  1000.00    09     MIL
                                    16036  1000.00  22386  1000.00  28531  1000.00  32937  1000.00    37610  1000.00       42717  1000.00      48181  1000.00
                                                                                    33     MIL
04013  1000.00    09167  1000.00    16076  1000.00  22454  1000.00  28578  1000.00                    37667  1000.00       42722  1000.00      48262  3000.00

04026  1000.00    09221  1000.00    16234  1000.00  22489  1000.00  28615  1000.00  33014  1000.00    37770  1000.00       42774  1000.00      48315  1000.00

04152  1000.00    09221  1000.00    16255  1000.00  22581  1000.00  28775  1000.00  33351  1000.00    37980  1000.00       42791  1000.00      48388  1000.00
                                                                                                      38     MIL
04178  1000.00    09419  1000.00    16272  1000.00  22685  1000.00  28904  1000.00  33503  1000.00                         42887  1000.00      48443  1000.00
                                                                                                                           43     MIL
04193  1000.00    09420  1000.00    16319  1000.00  22747  1000.00  28934  1000.00  33645  1000.00    38088  1000.00                           48450  1000.00

04220  1000.00    09455  1000.00    16333  2000.00  22807  1000.00  28993  1000.00  33677  1000.00    38145  1000.00       43140  1000.00      48602  1000.00
                                                                    29     MIL
04432  1000.00    09511  1000.00    16463  1000.00  22924  2000.00                  33682  1000.00    38155  1000.00       43336  1000.00      48653  1000.00

04444  1000.00    09597  1000.00    16465  1000.00  22926  1000.00  29186  1000.00  33732  1000.00    38253  1000.00       43403  1000.00      48724  1000.00

04536  1000.00    09942  1000.00    16489  1000.00  22985  1000.00  29189  1000.00  33867  1000.00    38258  1000.00       43571  1000.00      48729  1000.00
                                                    23     MIL
04570  1000.00    09957  1000.00    16555  1000.00                  29285  1000.00  33898  1000.00    38275  1000.00       43612  1000.00      48942  1000.00
                  10     MIL                                                        34     MIL
04680  1000.00                      16579  1000.00  23021  1000.00  29298  1000.00                    38301  1000.00       43651  1000.00      48969  1000.00

04708  1000.00    10181  1000.00    16598  1000.00  23039  1000.00  29342  1000.00  34118  1000.00    38338  1000.00       43733  2000.00      48999  1000.00
                                                                                                                                               49     MIL
04760  1000.00    10278  1000.00    16736  1000.00  23221  1000.00  29351  1000.00  34241  1000.00    38551  1000.00       43775  1000.00
                                                                                                                           44     MIL
04905  1000.00    10386  1000.00    16864  1000.00  23334  1000.00  29404  1000.00  34295  1000.00    38556  1000.00                           49060  1000.00

04911  1000.00    10422  1000.00    16876  1000.00  23349  1000.00  29557  1000.00  34303  1000.00    38617  1000.00       44231  1000.00      49183  1000.00

04979  1000.00    10466  1000.00    16892  1000.00  23523  1000.00  TERCER PREMIO   34315  1000.00    38637  1000.00       44242  1000.00      49198  1000.00

05     MIL        10510  1000.00    16906  1000.00  23790  1000.00  29577           34483  1000.00    38695  1000.00       44266  1000.00      49714  1000.00
                                    17     MIL
                  10535  1000.00                    23830  1000.00                  34537  1000.00    38715  1000.00       44312  2000.00      49738  1000.00

05088  1000.00    10751  1000.00    17029  1000.00  23832  1000.00                  34997  1000.00    38791  1000.00       44617  1000.00      49777  1000.00
                                                                                    35     MIL
05149  1000.00    10828  15,000.00  17045  1000.00  23875  1000.00                                    38819  1000.00       44708  1000.00      49785  1000.00

05226  1000.00    10952  1000.00    17125  1000.00  23893  1000.00                  35151  1000.00    38846  1000.00       44756  1000.00      49815  1000.00
                                                                                                      39     MIL
05232  1000.00    10958  1000.00    17262  1000.00  23937  1000.00                  35220  1000.00                         44803  1000.00      49850  1000.00
                  11     MIL                                                                                               45     MIL
05309  1000.00                      17383  1000.00  23942  1000.00  C$50,000.00     35411  1000.00    39003  1000.00                           49926  1000.00
                                                    24     MIL                                                                                 50     MIL
05407  1000.00    11065  1000.00    17384  1000.00                  MATAGALPA       35437  1000.00    39014  1000.00       45101  1000.00
                                                    24179  1000.00
05437  1000.00    11459  1000.00    17396  1000.00                                  35846  1000.00    39076  1000.00       CUARTO PREMIO       50119  1000.00
                                                    24288  1000.00
05513  1000.00    11552  1000.00    17403  1000.00                                  35860  1000.00    39098  1000.00       45376               50267  1000.00
                                                    24311  1000.00  29673  1000.00  36     MIL
05532  1000.00    11553  1000.00    17500  1000.00                                                    39360  1000.00                           50275  2000.00
                                                    24320  1000.00  29684  1000.00
05586  1000.00    11572  1000.00    17744  1000.00                                  36055  1000.00    39405  2000.00                           50398  1000.00
                                                    24351  1000.00  29858  2000.00
05587  1000.00    11579  1000.00    17768  2000.00                                  36121  1000.00    39520  1000.00                           50444  1000.00
                                                    24765  1000.00  29874  1000.00
05599  1000.00    11628  1000.00    17835  1000.00                                  36149  1000.00    39669  1000.00                           50483  1000.00
                                                    24775  1000.00  29972  1000.00
05656  1000.00    11725  2000.00    17858  1000.00                  30     MIL      36340  1000.00    39793  1000.00       C$25,000.00         50641  1000.00
                                                    24843  1000.00
                  11753  1000.00    17994  1000.00                                  36344  1000.00    39920  1000.00                           50668  1000.00
05744  1000.00                      18     MIL      24862  1000.00  30048  1000.00                                         MANAGUA
                  11822  1000.00                    25     MIL                      36348  1000.00    39949  1000.00                           50730  1000.00
05817  1000.00                                                      30053  1000.00                    40     MIL
                  11848  2000.00    18032  1000.00                                  36395  1000.00                                             50738  1000.00
05829  1000.00    12     MIL                        25025  1000.00  30102  1000.00
                                    18337  1000.00                                  36574  1000.00    40001  1000.00       45402  1000.00      50761  2000.00
                                                    25077  1000.00  30109  1000.00
05868  1000.00    12100  1000.00    18452  1000.00                                  36812  1000.00    40038  1000.00       45564  1000.00      50789  1000.00
                                                    25373  1000.00  30151  1000.00
05970  2000.00    12102  1000.00    18479  1000.00                                  36819  1000.00    40220  1000.00       45580  1000.00      50990  1000.00

NOTA: LOS BILLETES TERMINADOS EN 7545 GANAN C$4,800.00, LOS TERMINADOS EN 545 GANAN C$2,400.00, LOS TERMINADOS EN 45 GANAN

C$1,200.00, LOS TERMINADOS EN 5 GANAN C$600.00. TODOS LOS NUMEROS DE LA PRESENTE LISTA Y QUE A LA VEZ TENGAN TERMINACIONES

DEL PREMIO MAYOR TIENEN DERECHO AL PREMIO Y A LA TERMINACION. SE EXCEPTUA AL PREMIO MAYOR EN TODAS LAS TERMINACIONES.

       ESTA LISTA ES GRATIS · VISITE WWW.LOTERIANACIONAL.COM.NI
