                                                SORTEO EXTRAORDINARIO Nº 1528

                                                                                                                                      MANAGUA

                                                         5,000,000Córdobas                                                            16 DE SEPTIEMBRE

                                                                                                                                                   2010

                                                                                                                                      CADUCIDAD

                                                                                                                                      27 DE DICIEMBRE

                                                                                                                                                   2010

                                                                                                                                      LISTA OFICIAL

01     MIL      07     MIL          12243  1200.00       17343  1200.00  23       MIL        27777  1200.00  33811  2000.00    40     MIL          45850  1200.00
                                                                                                                                                   46     MIL
01052  1200.00  07017  1200.00      12274  1200.00       17380  1200.00  23042    1200.00    27861  1200.00  33896  1200.00    40027  2000.00
                                                                                             27996  1200.00
01082  1200.00  07038  1200.00      12324  1200.00       17394  1200.00  23104    1200.00    28     MIL      33938  1200.00    40072  1200.00      46018  1200.00

01133  1200.00  07047  1200.00      12385  1200.00       17475  1200.00  23117    1200.00                    33943  1200.00    40075  1200.00      46048  1200.00
                                                                                             28249  2000.00  34     MIL
01135  1200.00  07070  1200.00      12612  1200.00       17541  2000.00  23120    1200.00                                      40228  1200.00      46114  1200.00
                                                                                             28429  1200.00
01156  1200.00  07092  1200.00      12649  1200.00       17805  1200.00  23126    1200.00    28520  1200.00  34098  1200.00    40250  1200.00      46180  1200.00

01208  1200.00  07092  1200.00      12782  2000.00       17874  1200.00  23163    1200.00    28550  2000.00  34151  1200.00    40381  1200.00      46341  1200.00

01253  1200.00  07311  1200.00      12975  10,000.00     17886  1200.00  23242    1200.00    28586  1200.00  34273  3000.00    40455  1200.00      46373  1200.00
                                    13     MIL
01336  1200.00  07316  1200.00                           17905  1200.00  23270    1200.00    28593  1200.00  34277  1200.00    40464  1200.00      46669  1200.00

01357  1200.00  07334  1200.00      13021  2000.00       17907  1200.00  23313    1200.00    28754  1200.00  34437  1200.00    40666  1200.00      46944  1200.00

01524  1200.00  07365  1200.00      13043  1200.00       18     MIL      23394    1200.00    28771  1200.00  34608  1200.00    40691  1200.00      46963  1200.00
                                                                                                                                                   47     MIL
01561  1200.00  07445  2000.00      13082  1200.00       18048  1200.00  23532    1200.00    28914  1200.00  34743  1200.00    40701  1200.00

01571  1200.00  07534  1200.00      13181  1200.00       18062  1200.00  23562    1200.00    29     MIL      34766  1200.00    40795  1200.00      47151  1200.00

01630  1200.00  07541  1200.00      13323  1200.00       18205  2000.00  23785    1200.00    29159  1200.00  34787  1200.00    40840  1200.00      47153  1200.00

01646  1200.00  07626  1200.00      13462  1200.00       18211  2000.00  23797    1200.00    29383  1200.00  34801  1200.00    40973  1200.00      47179  1200.00
                                                                                                                               41     MIL
01649  1200.00  07752  2000.00      13531  1200.00       18298  1200.00  23970    1200.00    29451  1200.00  34829  1200.00                        47311  1200.00

01720  1200.00  07762  1200.00      13689  1200.00       18316  1200.00  24       MIL        29455  1200.00  34878  1200.00    41178  1200.00      47330  1200.00

01737  1200.00  07934  1200.00      13844  1200.00       18361  1200.00  24007    1200.00    29510  1200.00  34899  1200.00    41183  1200.00      47401  1200.00
                08     MIL
01885  1200.00                      13969  1200.00       18401  1200.00  24321    1200.00    29537  2000.00  34936  1200.00    41352  1200.00      47494  1200.00
                                    14     MIL
01951  1200.00  08020  1200.00                           18433  1200.00  24443    1200.00    29587  1200.00  34981  1200.00    41358  1200.00      47531  1200.00
02     MIL                                                                                                   35     MIL
                08051  1200.00      14018  1200.00       18448  1200.00  24558    1200.00    30     MIL                        41371  1200.00      47588  1200.00

02016  2000.00  08130  1200.00      14135  1200.00       18543  1200.00  24594    1200.00    30200  1200.00  35024  1200.00    41535  1200.00      47591  1200.00

02074  1200.00  08150  1200.00      14137  1200.00       18555  2000.00  24703    1200.00    30450  1200.00  35155  1200.00    41552  1200.00      47735  1200.00

02171  1200.00  08182  1200.00      14203  1200.00       18833  1200.00  24764    1200.00    30469  1200.00  35189  1200.00    41561  1200.00      47773  1200.00

02190  1200.00  08202  1200.00      14493  1200.00       18862  1200.00  24800    1200.00    30534  1200.00  35190  1200.00    41594  1200.00      47792  1200.00

02378  1200.00  08247  1200.00      14521  1200.00       18868  1200.00  24854    1200.00    30536  1200.00  35215  1200.00    41600  1200.00      47890  1200.00
                                                                                             30548  1200.00                                        48     MIL
02385  1200.00  08296  1200.00      14629  1200.00       18909  1200.00  24883    1200.00                    35231  1200.00    41620  1200.00
                                                                                             30582  1200.00
02591  1200.00  08489  1200.00      14666  1200.00       18954  1200.00  24933    1200.00    30646  1200.00  35254  2000.00    41670  1200.00      48204  1200.00

02625  1200.00  08532  1200.00      14695  1200.00       19     MIL      25       MIL        30670  1200.00  35265  1200.00    41684  1200.00      48437  1200.00

02734  1200.00  08601  1200.00      14752  1200.00       19000  1200.00  25022    1200.00    30743  1200.00  35354  1200.00    41698  1200.00      48466  1200.00

02772  1200.00  08634  1200.00      14753  1200.00       19008  1200.00                      30810  1200.00  35361  1200.00    41831  1200.00      48476  1200.00
                                                                         QUINTO PREMIO                                         42     MIL
02773  3000.00  08707  1200.00      14805  1200.00       19088  3000.00                      30813  1200.00  35373  1200.00                        48485  1200.00

02786  1200.00  08779  1200.00      14959  1200.00       19123  1200.00  25213               30840  1200.00  35402  1200.00    42028  1200.00      48525  1200.00
                09     MIL          15     MIL
02815  1200.00                                           19143  1200.00                      30840  1200.00  35431  1200.00    42046  1200.00      48527  1200.00

02830  1200.00  09002  1200.00      15034  1200.00       19273  1200.00                      30861  1200.00  35508  1200.00    42076  1200.00      48660  1200.00

03     MIL      09243  1200.00      15088  1200.00       19371  1200.00  C$20,000.00         30928  1200.00  35525  1200.00    42119  1200.00      48712  1200.00

03011  1200.00  09310  1200.00      15298  1200.00       19375  1200.00                      30983  1200.00  35755  1200.00    42133  2000.00      48745  1200.00

03102  1200.00  09340  1200.00      15306  1200.00       19382  1200.00  MANAGUA             31     MIL      35810  1200.00    42288  1200.00      SEGUNDO
                                                                                                             36     MIL
03243  2000.00  09415  1200.00      15415  1200.00       19594  1200.00                      31065  1200.00                    42309  1200.00      48823PREMIO
                                                                                                             36041  1200.00
03266  3000.00  09432  10,000.00    15519  1200.00       19729  1200.00                      31202  1200.00                    42630  1200.00
                                                                                                             36237  1200.00
03426  1200.00  09456  1200.00      15532  1200.00       19788  1200.00  25213    1200.00    31286  1200.00                    42673CUARTO PREMIO
                                                                                                             36544  1200.00
03465  1200.00  09496  1200.00      15802  1200.00       19860  1200.00  25216    1200.00    31295  1200.00
                                                         20     MIL                                          36582  1200.00
03534  1200.00  09552  1200.00      15805  3000.00                       25304    1200.00    31366  1200.00
                                                                                                             36666  1200.00
03549  1200.00  09688  1200.00      15964  1200.00       20011  1200.00  25320    1200.00    31381  1200.00
                                    16     MIL                                                               36724  1200.00
03610  1200.00  09693  1200.00                           20245  1200.00  25359TERCER PREMIO  31431  1200.00
                                    16110  1200.00                                                           36802  1200.00
03671  1200.00  09709  1200.00                           20356  1200.00                      31570  1200.00                    C$25,000.00         C$400,000.00
                                    16136  1200.00                                                           36919  1200.00
03705  1200.00  09835  1200.00                           20360  1200.00                      31646  1200.00                    GRANADA
                                    16157  1200.00                                                           36936  15,000.00                      MATAGALPA
03779  1200.00  09888  1200.00                           20432  1200.00                      31647  1200.00  37     MIL
                10     MIL          16165  1200.00
03821  1200.00                                           20463  1200.00                      31658  1200.00
                                    16243  1200.00                                                           37506  1200.00
03941  1200.00  10106  1200.00                           20511  1200.00                      31725  1200.00                    42841  1200.00      48839  1200.00
                                    16306  1200.00                                                           37554  1200.00
03985  1200.00  10116  1200.00                           20612  1200.00  C$50,000.00         31860  1200.00                                        48971  1200.00
04     MIL                          16532  1200.00                                                           37556  1200.00    42925  1200.00
                10180  1200.00                           20659  2000.00                      32     MIL                                            48991  1200.00
                                    16698  1200.00                       GRANADA                             37572  1200.00    42953  1200.00
04050  1200.00  10196  1200.00                           20706  1200.00                      32070  1200.00                                        49     MIL
                                    16797  1200.00                                                           37599  1200.00    42974  1200.00
04085  1200.00  10361  1200.00                           20834  1200.00                      32118  1200.00                    43     MIL
                                    16816  1200.00                                                           37602  1200.00
04391  1200.00  10399  1200.00                           20865  1200.00  25409    1200.00    32186  1200.00                    43012  1200.00      49058TERCER PREMIO
                                    16839  1200.00                                                           37608  1200.00
04403  1200.00  10475  1200.00                           20935  2000.00  25545    1200.00    32200  1200.00                    43021  1200.00
                                    16941  2000.00                                                           37631  2000.00
04512  1200.00  10485  1200.00      17     MIL           20938  1200.00  25614    1200.00    32308  1200.00                    43081  1200.00
                                                                                                             37941  1200.00
04778  1200.00  10634  1200.00                           20950  1200.00  25669    2000.00    32349  1200.00                    43106  1200.00
                                    17255  1000.00                                                           37944  1200.00
04954  1200.00  10777  3000.00                           20963  2000.00  25693    1200.00    32402  1200.00
05     MIL                          17256  1000.00                                                           37958  2000.00    43141  1200.00
                10787  1200.00                           20980  1200.00  25711    1200.00    32416  1200.00  38     MIL
                                    17257  2000.00       21     MIL                                                            43276  1200.00
05018  1200.00  10828  1200.00                                           25885    1200.00    32424  1200.00                                        C$50,000.00
                                                                         26       MIL                        38080  1200.00    43385  1200.00
05184  1200.00  10866  1200.00      PREMIO               21001  1200.00                      32560  1200.00                                        OCOTAL
                                                                                                             38137  1200.00    43686  1200.00
05192  1200.00  10867CUARTO PREMIO  17258MAYOR           21035  1200.00  26048    1200.00    32612  2000.00
                                                                         26321                               38386  1200.00    43735  1200.00
05222  1200.00                                           21183  1200.00           1200.00    32759  1200.00
                                                                         26551    1200.00                    38416  1200.00    43786  1200.00      49062  2000.00
05400  1200.00                                           21218  1200.00                      32773  1200.00
                                                                         26674    1200.00                    38430  1200.00    43812  1200.00      49063  1200.00
05572  1200.00                                           21219  1200.00                      32835  1200.00                    44     MIL
                                                                         26674    1200.00                    38657  1200.00                        49088  1200.00
05671  1200.00                                           21271  1200.00  26722               32968  1200.00
                C$25,000.00                                                       1200.00                    38700  1200.00    44011  1200.00      49231  1200.00
05895  1200.00                                           21403  1200.00  26775    1200.00    32974  1200.00
                                                                                                             38732  2000.00    44065  1200.00      49241  1200.00
05973  1200.00  MANAGUA                                  21474  1200.00  26855    2000.00    33     MIL
06     MIL                                                                                                   38736  1200.00    44096  2000.00      49245  1200.00
                                                         21556  2000.00  26885    1200.00    33013  1200.00
06076  1200.00                                                                                               38853  1200.00    44132  1200.00      49732  1200.00
                                                         21750  3000.00  26909    1200.00    33038  1200.00
06155  1200.00  10979  1200.00                                                                               38900  1200.00    44146  1200.00      49746  1200.00
                                                         21904  1200.00  2692471  1200.00    33062  1200.00
06283  1200.00  10995  1200.00                           22     MIL                                          38990  1200.00    44148  1200.00      49920  1200.00
                11     MIL                                                        MIL        33072  1200.00  39     MIL                            50     MIL
06283  1200.00                                           22029  1200.00                                                        44152  1200.00
                                    C$ 5,000,000.00                      27016    2000.00    33093  1200.00
06379  1200.00  11005  1200.00                           22122  1200.00                                      39069  1200.00    44353  1200.00      50011  1200.00
                                                                         27076    1200.00    33112  1200.00
06442  1200.00  11039  1200.00                           22134  1200.00                                      39169  1200.00    44533  2000.00      50073  1200.00
                                                                         27084    1200.00    33184  1200.00
06563  1200.00  11088  1200.00                           22259  1200.00                                      39170  1200.00    44605  1200.00      50089  1200.00
                                                                         27099    1200.00    33216  1200.00
06583  1200.00  11163  1200.00      VENDIDO POR EL       22300  1200.00                                      39179  1200.00    44660  1200.00      50106  1200.00
                                                                         27174    1200.00    33341  1200.00
06700  1200.00  11212  1200.00      CONCESIONARIO J-202  22325  1200.00                                      39202  1200.00    44788  1200.00      50226  1200.00
                                                                         27260    1200.00    33362  1200.00
06733  1200.00  11293  1200.00      JOSE CANDELARIO      22418  1200.00                                      39433  1200.00    44874  1200.00      50422  1200.00
                                                                         27307    1200.00    33378  1200.00
06814  1200.00  11324  1200.00      LOPEZ ESPINOZA                                                           39446  1200.00    44899  2000.00      50441  1200.00
                                                         22533  1200.00  27309    1200.00    33393  1200.00
06825  1200.00  11383  1200.00                                                                               39461  1200.00    45     MIL          50449  1200.00
                                    JUIGALPA             22590  2000.00  27466    1200.00    33491  1200.00
06908  1200.00  11731  1200.00                                                                               39554  1200.00    45038  1200.00      50542  1200.00
                                                         22596  1200.00  27568    1200.00    33534  1200.00
06933  2000.00  11931  1200.00                                           27651    1200.00                    39569  1200.00    45050  1200.00      50563  1200.00
                12     MIL          17259  2000.00       22684  1200.00                      33561  1200.00
06951  1200.00                                                           27676    1200.00                    39571  1200.00    45608  1200.00      50670  1200.00
                                    17260  1000.00       22753  1200.00                      33587  1200.00
06952  1200.00  12056  1200.00                                           27756    1200.00                    39632  1200.00    45632  1200.00      50905  1200.00
                                    17261  1000.00       22753  1200.00                      33621  1200.00
06997  1200.00  12057  1200.00                                           27762    1200.00                    39695  1200.00    45734  1200.00      50949  1200.00
                                                         22761  1200.00                      33681  1200.00

NOTA: LOS BILLETES TERMINADOS EN 7258 GANAN C$6,400.00, LOS TERMINADOS EN 258 GANAN C$3,200.00, LOS TERMINADOS EN 58 GANAN

C$1,600.00, LOS TERMINADOS EN 8 GANAN C$800.00. TODOS LOS NUMEROS DE LA PRESENTE LISTA Y QUE A LA VEZ TENGAN TERMINACIONES

DEL PREMIO MAYOR TIENEN DERECHO AL PREMIO Y A LA TERMINACION. SE EXCEPTUA AL PREMIO MAYOR EN TODAS LAS TERMINACIONES.

       ESTA LISTA ES GRATIS · VISITE WWW.LOTERIANACIONAL.COM.NI
