                                                               SORTEO ORDINARIO Nº 1529

                                                                                                                                                          MANAGUA

                                                               3,500,000Córdobas                                                                          22 DE SEPTIEMBRE

                                                                                                                                                                   2010

                                                                                                                                                          CADUCIDAD

                                                                                                                                                          30 DE DICIEMBRE

                                                                                                                                                                   2010

                                                                                                                                                          LISTA OFICIAL

01       MIL         04937    1000.00     10677    1000.00     15678    1000.00     21063    1000.00     27220    1000.00     34613    1000.00     40     MIL      45013  1000.00

01064    1000.00     04951    1000.00     10838    1000.00     15686    1000.00     21180    1000.00     27244    1000.00     34625    1000.00     40004  1000.00  45108  1000.00

01108    1000.00     05039    1000.00     10889    1000.00     15941    1000.00     21182    1000.00     27288    2000.00     34651    1000.00     40071  1000.00  45130  1000.00

01367    1000.00     05072    1000.00     10962    1000.00     16059    1000.00     21202    1000.00     27393    1000.00     34831    1000.00     40194  1000.00  45165  1000.00

01375    1000.00     05154    1000.00     11153    1000.00     16104    1000.00     21326    1000.00     27478    1000.00     34862    2000.00     40330  1000.00  45275  1000.00

01394    1000.00     05254    1000.00                          16105    1000.00     21343    1000.00     27589    1000.00     34882    1000.00     40381  1000.00  45371  1000.00

01450    1000.00     05316    1000.00     TERCER PREMIO        16414    1000.00     21350    1000.00     27664    1000.00     34959    1000.00     40446  1000.00  45449  1000.00

CUARTO PREMIO        05495    1000.00     11178                16414    1000.00     21382    1000.00     27837    2000.00     35355    1000.00     40556  1000.00  45527  1000.00

01518                05513    1000.00                          16417    2000.00     21423    1000.00     27897    1000.00     35364    1000.00     40616  1000.00  45755  1000.00

                     05562    1000.00                          16573    1000.00     21514    1000.00     28081    1000.00     35509    1000.00     40680  1000.00  45767  1000.00

                     05637    1000.00                          16653    1000.00     21587    1000.00     28112    1000.00     35544    1000.00     40814  1000.00  45908  1000.00
                                                                                                                                                                   46     MIL
                     05651    1000.00                          16657    1000.00     21631    1000.00     28133    2000.00                          40852  1000.00

                     05668    1000.00                          16753    1000.00     21825    1000.00     28229    1000.00     CUARTO PREMIO        40863  1000.00  46037  1000.00

C$25,000.00          05725    1000.00     C$50,000.00          16759    1000.00     21838    1000.00     28282    1000.00     35557                41     MIL      46153  1000.00

MATAGALPA            05732    1000.00     OCOTAL               16832    1000.00     21849    1000.00     28446    1000.00                          41065  1000.00  46196  1000.00

                     05876    1000.00                          16849    1000.00     21971    1000.00     28811    1000.00                          41133  1000.00  46217  1000.00

01552    1000.00     05905    1000.00     11182    1000.00     16952    2000.00     22104    2000.00     28843    1000.00                          41213  1000.00  46248  1000.00

01559    1000.00     05954    1000.00     11331    2000.00                          22148    1000.00                          C$25,000.00          41365  1000.00  46251  1000.00

01562    1000.00     05958    2000.00     11560    1000.00     17029    1000.00     22253    3000.00     29175    1000.00                          41377  1000.00  46287  1000.00

01602    1000.00     05985    1000.00     11565    1000.00     17047    1000.00     22258    1000.00     29233    1000.00     JUIGALPA             41388  2000.00  46308  1000.00

01679    1000.00                          11751    1000.00     17087    1000.00     22513    1000.00     29285    1000.00                          41515  1000.00  46345  1000.00

01900    1000.00     06049    1000.00     11757    1000.00     17088    1000.00     22716    1000.00     29376    1000.00     35641    1000.00     41603  1000.00  46349  1000.00

01903    1000.00     06070    1000.00     11772    1000.00     17137    2000.00     22812    1000.00     29380    1000.00     35744    1000.00     41649  1000.00  46367  3000.00

01919    1000.00                          11776    1000.00                          22878    1000.00     29464    1000.00     35815    1000.00     41745  1000.00  46434  1000.00

01993    1000.00     QUINTO PREMIO        11850    1000.00     TERCER PREMIO        22926    1000.00     29484    1000.00     35831    1000.00     41778  1000.00  46435  2000.00

                     06091                11863    1000.00     17176                22947    1000.00     29538    1000.00     36       MIL         41786  1000.00  46445  1000.00

02392    1000.00                          11922    1000.00                          22957    3000.00     29539    1000.00     36095    1000.00     41803  1000.00  46474  1000.00

02393    1000.00                          11960    1000.00                                               29631    1000.00     36132    1000.00     41828  1000.00  46501  1000.00

02394    2000.00     C$20,000.00          11960    1000.00                          23026    1000.00     29671    1000.00     36218    1000.00     41949  1000.00  46514  1000.00
                                                                                                                                                   42     MIL
                                                                                    23030    1000.00     29823    1000.00     36267    1000.00                     46789  1000.00
PREMIO
                     MANAGUA              12033    1000.00                          23170    1000.00     29983    1000.00     36318    2000.00     42037  1000.00  46802  1000.00

MAYOR                                     12057    1000.00     C$50,000.00          23232    1000.00     29992    2000.00     36344    1000.00     42046  1000.00  46856  1000.00

02395                06102    2000.00     12181    1000.00     MASAYA               23365    1000.00                          36431    1000.00     42049  1000.00  46989  1000.00
                                                                                                                                                                   47     MIL
                     06128    1000.00     12250    1000.00                          23415    1000.00     30212    1000.00     36542    1000.00     42229  1000.00
                                                                                                                                                                   47037  2000.00
                     06162    1000.00     12340    1000.00                          23493    1000.00     30327    1000.00     36554    1000.00     42235  1000.00
                                                                                                                                                                   47249  1000.00
                     06184    1000.00     12360    1000.00     17191    1000.00     23777    1000.00     30368    1000.00     36607    1000.00     42280  1000.00
                                                                                                                                                                   47326  1000.00
                     06352    1000.00     12458    1000.00     17455    1000.00     23969    1000.00     30553    3000.00     36662    1000.00     42314  1000.00
                                                                                                                                                                   47334  1000.00
                     06898    1000.00     12501    1000.00     17525    2000.00     23980    1000.00     30688    1000.00     36731    1000.00     42330  1000.00
                                                                                                                                                                   47370  1000.00
                     06992    1000.00     12608    2000.00     17546    1000.00                          30741    1000.00     36757    1000.00     42338  1000.00
                                                                                                                                                                   47443  1000.00
                                          12659    1000.00     17576    1000.00     24037    1000.00     30891    1000.00     37       MIL         42529  1000.00
                                                                                                                                                                   47467  1000.00
                     07135    1000.00     12679    1000.00     17633    1000.00     24147    1000.00     31218    1000.00     37035    1000.00     42785  1000.00
                                                                                                                                                                   47481  1000.00
C$3,500,000.00       07262    1000.00     12849    1000.00     17669    1000.00     24298    1000.00     31687    1000.00     37059    1000.00     42843  1000.00
                                                                                                                                                                   47640  1000.00
                     07366    1000.00     12901    1000.00     17795    1000.00     24366    1000.00     31719    1000.00     37059    1000.00     42865  1000.00
                                                                                                                                                                   47806  1000.00
                     07385    2000.00                          17874    1000.00     24495    1000.00                          37064    1000.00     42928  1000.00
                                                                                                         31964    1000.00                          43     MIL      47903  1000.00
                     07443    1000.00     13001    1000.00     17885    1000.00     24644    1000.00                          37065    1000.00
                                                                                                                                                                   47975  1000.00
VENDIDO POR LA       07458    1000.00     13115    1000.00                          24682    1000.00     32118    1000.00     37394    1000.00     43087  1000.00

CONCESIONARIA A-086  07528    1000.00     13144    1000.00     18073    1000.00     24707    1000.00                          37405    1000.00     43173  1000.00  47980  1000.00
                                                                                                                                                                   48     MIL
MARIA TERESA         07539    3000.00     13263    1000.00     18105    1000.00     24728    1000.00     SEGUNDO              37436    1000.00     43267  1000.00

OROZCO OROZCO        07635    1000.00     13329    1000.00     18130    1000.00     24733    1000.00     PREMIO               37530    1000.00     43283  1000.00  48059  1000.00

MANAGUA              07707    1000.00     13353    1000.00     18182    1000.00     24741    1000.00     32125                37582    1000.00     43317  1000.00  48102  1000.00

                     07865    1000.00     13355    1000.00     18407    1000.00     24854    1000.00                          37728    1000.00     43496  1000.00  48187  1000.00

                     08006    1000.00     13366    1000.00     18423    1000.00     24883    1000.00                          37758    1000.00     43529  1000.00  48337  1000.00

02396    2000.00     08035    1000.00     13637    1000.00     18454    1000.00     25017    1000.00                          38       MIL         43647  1000.00  48376  1000.00

02397    1000.00     08187    1000.00     13745    1000.00     18481    1000.00     25048    1000.00                          38056    1000.00     43647  1000.00  48427  1000.00

02398    1000.00     08269    1000.00     13802    1000.00     18535    1000.00     25254    1000.00     C$300,000.00         38063    1000.00     43664  1000.00  48498  1000.00

02686    1000.00     08288    1000.00     13875    1000.00     18604    1000.00     25280    1000.00                          38073    1000.00     43671  1000.00  48538  1000.00

02707    1000.00     08307    1000.00     13963    1000.00     18704    1000.00     25343    1000.00     GRANADA              38140    1000.00     43683  1000.00  48557  1000.00

02733    1000.00                                               18873    1000.00                                               38161    1000.00     43739  1000.00  48984  1000.00
                     08388    1000.00     14061    1000.00                          25382    2000.00                                                               49     MIL
02744    1000.00                                               18888    1000.00                          32156    1000.00     38187    1000.00     43772  1000.00
                     08449    1000.00     14116    1000.00                          25386    1000.00
02789    1000.00                                               18897    1000.00                          32242    1000.00     38253    1000.00     43777  1000.00  49198  2000.00
                     08550    1000.00     14281    1000.00                          25404    1000.00
02792    1000.00                                               18926    1000.00                          32244    1000.00     38339    1000.00     43837  1000.00  49288  1000.00
                     08574    1000.00     14307    1000.00                          25405    1000.00
02880    1000.00                                               18943    2000.00                          32284    1000.00     38345    1000.00     43851  1000.00  49372  1000.00
                     08665    1000.00     14389    1000.00                          25443    1000.00
                                                                                                         32299    1000.00     38399    1000.00     43853  1000.00  49527  1000.00
                     08713    1000.00     14448    3000.00     19314    1000.00     25456    1000.00
03025    1000.00                                                                                         32444    1000.00     38471    1000.00     43873  1000.00  49532  1000.00
                     08722    1000.00     14473    1000.00     19460    1000.00     25589    2000.00
03293    2000.00                                                                                         32473    2000.00     38474    1000.00     43936  1000.00  49599  1000.00
                     08851    1000.00     14490    1000.00     19474    1000.00     25606    1000.00
03356    1000.00                                                                                         32786    1000.00     38523    1000.00     44     MIL      49734  2000.00
                     08935    1000.00     14492    1000.00     19514    1000.00     25620    1000.00
03382    1000.00                                                                                         32855    1000.00     38595    15,000.00   44009  1000.00  49769  1000.00
                     08959    1000.00     14540    1000.00     19639    1000.00     25715    1000.00
03391    1000.00                                                                                                              38652    1000.00     44188  1000.00  49925  1000.00
                                          14572    1000.00     19702    1000.00     25767    1000.00
03416    1000.00     09027    1000.00                                                                    33293    2000.00                          44198  2000.00  49941  1000.00
                                          14579    1000.00     19838    1000.00     25809    1000.00                          38712    1000.00                     50     MIL
03643    1000.00     09037    1000.00                                                                    33346    1000.00                          44297  1000.00
                                          14598    1000.00     19848    1000.00     25879    1000.00                          38855    1000.00                     50105  2000.00
03795    1000.00     09240    1000.00                                                                    33426    1000.00                          44340  1000.00
                                          14605    2000.00     19910    1000.00     25932    1000.00                          38888    1000.00                     50143  1000.00
03828    1000.00     09315    1000.00                                                                    33558    1000.00                          44380  1000.00
                                          14978    1000.00                          25934    1000.00                          38888    1000.00                     50192  1000.00
03833    1000.00     09346    1000.00                          20184    1000.00                          33562    1000.00                          44412  1000.00
                                          14992    1000.00                          25975    1000.00                          38954    1000.00                     50197  1000.00
03902    1000.00     09355    1000.00                          20297    1000.00                          33599    1000.00     39       MIL         44541  1000.00
                                                                                                                                                                   50264  1000.00
                     09618    1000.00     15036    1000.00     20353    1000.00     26017    1000.00     33616    1000.00     39100    1000.00     44685  1000.00
04150    1000.00                                                                                                                                                   50330  1000.00
                     09666    1000.00     15100    1000.00     20384    1000.00     26064    1000.00     33685    1000.00     39134    1000.00     44717  1000.00
04152    1000.00                                                                                                                                                   50331  1000.00
                     09766    1000.00     15185    1000.00     20387    1000.00     26115    1000.00     34       MIL         39205    1000.00     44733  2000.00
04247    1000.00                                                                                                                                                   50372  1000.00
                     09881    1000.00     15191    1000.00     20519    1000.00     26230    1000.00     34059    1000.00     39307    1000.00     44755  1000.00
04366    1000.00                                                                                                                                                   50397  1000.00
                                          15228    1000.00     20562    1000.00     26243    1000.00     34104    1000.00     39412    1000.00     44810  1000.00
04382    1000.00                                                                                                                                                   50433  1000.00
                     10169    1000.00     15238    1000.00     20570    1000.00     26287    1000.00     34284    1000.00     39499    1000.00     44823  1000.00
04395    1000.00                                                                                                                                                   50482  1000.00
                     10173    2000.00     15242    1000.00     20791    1000.00     26306    1000.00     34306    1000.00     39521    1000.00     44848  1000.00
04441    1000.00                                                                                                                                                   50492  2000.00
                     10302    1000.00     15359    1000.00     20836    1000.00     26393    1000.00     34386    1000.00     39563    1000.00     44938  1000.00
04542    1000.00                                                                                                                                                   50558  1000.00
                     10335    1000.00     15364    10,000.00   20901    1000.00                          34422    1000.00     39618    1000.00     44968  1000.00
04545    1000.00                                                                                                                                                   50705  1000.00
                     10363    1000.00     15513    2000.00     20970    2000.00     27034    1000.00     34484    1000.00     39627    1000.00     44987  1000.00
04737    1000.00                                                                                                                                                   50761  1000.00
                     10614    1000.00     15579    1000.00     20987    3000.00     27072    1000.00     34558    1000.00     39962    1000.00     44989  1000.00
04783    1000.00                                                                                                                                   45     MIL      50818  1000.00
                     10652    1000.00     15641    1000.00                          27083    1000.00     34583    1000.00     39965    10,000.00
04824    1000.00                                                                                                                                                   50883  1000.00

NOTA: LOS BILLETES TERMINADOS EN 2395 GANAN C$4,800.00, LOS TERMINADOS EN 395 GANAN C$2,400.00, LOS TERMINADOS EN 95 GANAN

C$1,200.00, LOS TERMINADOS EN 5 GANAN C$600.00. TODOS LOS NUMEROS DE LA PRESENTE LISTA Y QUE A LA VEZ TENGAN TERMINACIONES

DEL PREMIO MAYOR TIENEN DERECHO AL PREMIO Y A LA TERMINACION. SE EXCEPTUA AL PREMIO MAYOR EN TODAS LAS TERMINACIONES.

         ESTA LISTA ES GRATIS · VISITE WWW.LOTERIANACIONAL.COM.NI
