                                                     SORTEO ORDINARIO Nº 1530

                                                                                                                                        MANAGUA

                                                     3,500,000Córdobas                                                                  28 DE SEPTIEMBRE

                                                                                                                                                 2010

                                                                                                                                        CADUCIDAD

                                                                                                                                        06 DE ENERO

                                                                                                                                                 2011

                                                                                                                                        LISTA OFICIAL

01     MIL      06712  1000.00       11252  1000.00  17688  1000.00  22201  1000.00      SEGUNDO             33234  1000.00      38986  1000.00  44758  1000.00
                                                                                                                                 39     MIL      45     MIL
01012  1000.00  06729  1000.00       11266  1000.00  17715  1000.00  22215  1000.00      PREMIO              33415  1000.00

01227  1000.00  06731  1000.00       11307  1000.00  17743  1000.00  22358  1000.00      27425               33499  1000.00      39016  1000.00  45172  1000.00
                                                                                                             33510  1000.00      39191  1000.00  45429  1000.00
01236  1000.00  06838  1000.00       11325  1000.00  17770  1000.00  22456  1000.00                          33675  1000.00      39423  1000.00  45442  1000.00

01267  1000.00  06850  1000.00       11331  1000.00  17770  1000.00  22498  1000.00                          33744  1000.00      39521  1000.00  45477  1000.00

01289  1000.00  06864  1000.00       11396  1000.00  17798  1000.00  22574  1000.00                          33764  1000.00      39522  1000.00  45512  1000.00

01463  1000.00  06953  1000.00       11417  1000.00  17844  1000.00  22627  1000.00
                                                     18     MIL                                              33785  1000.00      39522  1000.00  45686  1000.00
01530  1000.00  06957  1000.00       11462  1000.00                  22628  1000.00
                07     MIL                                                                                   33857  1000.00      39530  1000.00  45696  1000.00
01550  1000.00                       11598  1000.00  18054  1000.00  22674  1000.00      C$300,000.00
                                                                                                             33920  1000.00      39591  1000.00  45763  1000.00
01570  1000.00  07043  1000.00       11628  1000.00  CUARTO PREMIO   22706  1000.00                          33925  1000.00      39649  1000.00  45870  1000.00
                                                                                         GRANADA
01571  3000.00  07057  1000.00       11632  1000.00  18059           22815  1000.00                          33946  1000.00      39680  1000.00  45945  1000.00

01610  1000.00  07066  1000.00       11751  1000.00                  22835  1000.00      27426  2000.00      34     MIL          39771  1000.00  45960  1000.00

01615  1000.00  07152  1000.00       11801  2000.00                  22838  1000.00      27509  1000.00
                                                                     23     MIL                              34184  1000.00      39834  1000.00  45981  1000.00
01656  1000.00  07153  1000.00       11804  1000.00                                      27542  1000.00                                          46     MIL
                                                                                                             34215  1000.00      39876  1000.00
01708  1000.00  07154  2000.00       11855  1000.00                  23111  1000.00      27634  1000.00      34287  1000.00
                                                                                                                                 39898  1000.00  46056  1000.00
01713  1000.00  PREMIO               11877  1000.00  C$25,000.00     23227  1000.00      27706  1000.00      34310  1000.00      39955  1000.00
                                                                                                                                                 46134  1000.00
01727  2000.00  MAYOR                11958  1000.00  MANAGUA         23245  1000.00      27707  1000.00
                07155                12     MIL                                                              34644  1000.00      39958  1000.00  46173  1000.00
01778  1000.00                                                       23327  1000.00      27883  1000.00
                                     12043  1000.00                                                          34737  1000.00      39977  1000.00  46263  2000.00
01779  1000.00                                                       23365  1000.00      28     MIL          34787  1000.00
                                     12256  1000.00  18150  1000.00                                                              39990  1000.00  46266  1000.00
01974  1000.00                                                       23416  1000.00      28334  1000.00      34939  1000.00      40     MIL
02     MIL                           12388  1000.00  18170  1000.00                                                                              46320  1000.00
                                                                     23503  1000.00      28404  1000.00      34972  1000.00      40002  1000.00
02053  1000.00                       12392  1000.00  18171  1000.00                                                                              46469  1000.00
                                                                     23576  1000.00      28425  1000.00      34980  1000.00      40060  2000.00
02103  1000.00                       12427  1000.00  18211  1000.00                                                                              46472  1000.00
                                                                     23597  1000.00      28455  1000.00      35     MIL          40097  1000.00
02259  1000.00                       12468  1000.00  18286  2000.00                                                                              46536  1000.00
                                                                     23652  1000.00      28623  1000.00      35055  1000.00      40162  1000.00
02268  1000.00                       12598  1000.00  18342  1000.00                                                                              46648  2000.00
                                                                     23722  1000.00      28687  1000.00      35164  1000.00      40175  1000.00
02543  1000.00                       12651  1000.00  18481  2000.00                                                                              46741  1000.00
                                                                     23723  1000.00      28766  1000.00      35219  1000.00      40250  1000.00
02563  1000.00                       12661  2000.00  18542  1000.00                                                                              46746  1000.00
                                                                     23767  1000.00      28951  1000.00      35227  1000.00      40326  1000.00
02703  1000.00                       12678  1000.00  18629  1000.00                                                                              46760  1000.00
                C$3,500,000.00                                       23770  1000.00      29     MIL          35333  1000.00      40336  1000.00  47     MIL
02714  1000.00                       12699  1000.00  18657  2000.00
                                                                     23827  1000.00      29244  1000.00      35344  2000.00      40386  1000.00  47023  1000.00
02724  1000.00                       12773  1000.00  18912  1000.00
                                                                     23843  1000.00      29659  15,000.00    35360  1000.00      40458  1000.00  47028  1000.00
02758  1000.00                       12774  1000.00  18914  1000.00
                                                                     23847  1000.00      29708  1000.00      35391  2000.00      40527  1000.00  47078  1000.00
02780  2000.00                       12909  1000.00  18923  1000.00
                VENDIDO POR EL                                       23852  1000.00      29759  1000.00      35471  1000.00      40589  1000.00  47203  1000.00
02841  1000.00                       12928  1000.00  18931  1000.00
                CONCESIONARIO H-449                                  23852  1000.00      29779  1000.00      35520  1000.00      40703  1000.00  47221  1000.00
02907  1000.00                       12957  1000.00  18963  1000.00
03     MIL      ROMMEL GERMAN        13     MIL      19     MIL      23987  1000.00                          35722  1000.00      40745  1000.00  47255  1000.00

                QUIROZ CASTILLO                                      23998  1000.00      TERCER PREMIO       35729  1000.00      40749  1000.00

03273  1000.00  MASAYA               13116  1000.00  19024  1000.00  24     MIL          29796               35774  1000.00      40906  1000.00  47473  1000.00

03276  1000.00                       13277  1000.00  19112  1000.00  24010  3000.00                          35859  1000.00      41     MIL      47750  1000.00

03419  1000.00                       13442  1000.00  19162  1000.00  24026  1000.00                          35920  1000.00      41065  1000.00  47911  1000.00

03484  1000.00  07156  2000.00       13457  2000.00  19255  1000.00  24160  1000.00                          36     MIL          41093  1000.00  47950  1000.00
                                                                                                                                                 48     MIL
03493  1000.00  07157  1000.00       13531  1000.00  19336  1000.00  24236  1000.00                          36051  1000.00      41234  1000.00

03501  1000.00  07158  1000.00       13533  1000.00  QUINTO PREMIO   24443  1000.00      C$50,000.00         36120  2000.00      41265  1000.00  48027  1000.00

03578  1000.00  07178  1000.00       13671  1000.00  19449           24452  2000.00      MANAGUA             36131  1000.00      41296  1000.00  48097  1000.00

03579  1000.00  07232  1000.00       13675  1000.00                  24679  1000.00                          36259  1000.00      41371  1000.00  48199  1000.00
                                     14     MIL
03677  1000.00  07410  1000.00                                       24952  1000.00      29825  2000.00      36275  1000.00      41414  1000.00  48312  1000.00

03733  1000.00  07414  1000.00       14056  2000.00                  25     MIL          29843  1000.00      36308  1000.00      41541  1000.00  48322  1000.00

03744  1000.00  07415  1000.00       14160  1000.00  C$20,000.00     25048  1000.00      29876  1000.00      36412  1000.00      41609  1000.00  48379  1000.00

03762  1000.00  07563  1000.00       14255  1000.00  MANAGUA         25152  1000.00      29902  1000.00                          41907  1000.00  48421  1000.00

03812  1000.00  07620  1000.00       14271  1000.00                  25280  1000.00      30     MIL          TERCER PREMIO       41999  1000.00  48440  1000.00

03814  1000.00  07696  1000.00       14635  1000.00                  25571  1000.00      30052  1000.00      36605               42     MIL      48443  2000.00

03824  1000.00  07702  1000.00       14824  1000.00  19469  1000.00  25597  1000.00      30056  1000.00                          42063  1000.00  48482  1000.00
                                     15     MIL
03827  2000.00  07733  1000.00                       19602  1000.00  25733  1000.00      30057  1000.00                          42098  3000.00  48543  1000.00

03847  1000.00  07759  1000.00       15012  1000.00  19616  1000.00  25806  1000.00      30059  1000.00                          42232  1000.00  48552  1000.00

03876  1000.00  07760  1000.00       15039  1000.00  19663  1000.00  25835  1000.00      30122  1000.00                          42238  1000.00  48571  3000.00

03910  1000.00  07863  1000.00       15148  1000.00  19775  1000.00  25839  1000.00      30143  1000.00      C$50,000.00         42238  1000.00  48580  1000.00

03965  2000.00  07919  1000.00       15542  2000.00  19834  1000.00  25859  1000.00      30171  1000.00      LEON                42272  1000.00  48609  2000.00
04     MIL
                07923  1000.00       15618  1000.00  19925  1000.00                      30255  1000.00                          42343  1000.00  48621  1000.00
                08     MIL                                           25923  1000.00
04017  1000.00                       15623  3000.00  19931  1000.00                      30268  1000.00      36719  1000.00      42362  1000.00  48654  1000.00
                08048  1000.00                       20     MIL      25955  1000.00
04052  2000.00                       15677  1000.00                                      30304  1000.00      36815  1000.00      42365  1000.00  48677  1000.00
                08163  1000.00                                       25994  1000.00
04262  1000.00                       15685  1000.00  20102  1000.00  26     MIL          30362  1000.00      37     MIL          42375  1000.00  48710  2000.00
                08321  1000.00
04554  1000.00                       15693  1000.00  20219  1000.00  26112  1000.00      30672  1000.00      37004  1000.00      42499  1000.00  48751  1000.00
                08442  1000.00                                                                                                                   49     MIL
04601  1000.00                       15770  1000.00  20233  1000.00  26118  2000.00      30712  1000.00      37127  1000.00      42515  1000.00
                08657  1000.00
04663  1000.00                       15786  1000.00  20568  1000.00  26167  1000.00      30825  1000.00      37424  1000.00      42739  1000.00  49198  1000.00
                08695  1000.00
04677  1000.00                       15880  1000.00  20641  1000.00  26215  1000.00      30832  1000.00      37443  1000.00      42876  1000.00  49493  1000.00
                08738  2000.00
04723  1000.00                       15971  1000.00  20646  2000.00  26257  1000.00      30846  1000.00      37447  1000.00      42928  1000.00  49519  1000.00
                08817  10,000.00
04892  1000.00                       15983  1000.00  20764  1000.00                      30927  1000.00      37458  1000.00      43     MIL      49586  1000.00
                08997  1000.00       16     MIL                      26288  1000.00
04930  1000.00  09     MIL                           20789  1000.00                      31     MIL          37549  1000.00      43081  1000.00  49590  1000.00
05     MIL
                                     16059  1000.00  20839  1000.00                      31158  1000.00      37644  1000.00      43090  1000.00  49619  1000.00
05151  1000.00  09176  1000.00                                       CUARTO PREMIO
                                     16181  1000.00  20897  2000.00  26353               31247  1000.00      37682  1000.00      43252  1000.00  49639  1000.00
05166  1000.00  09359  1000.00                       21     MIL
                                     16187  2000.00                                      31430  1000.00      37715  1000.00      43351  1000.00  49664  1000.00
05251  1000.00  09725  1000.00
                                     16312  1000.00  21243  1000.00                      31455  1000.00      37906  1000.00      43401  2000.00  49772  1000.00
05268  1000.00  09878  1000.00
                                     16369  1000.00  21299  1000.00                      31518  1000.00      38     MIL          43433  1000.00  49959  2000.00
05291  1000.00  09972  1000.00                                                                                                                   50     MIL
                10     MIL           16543  1000.00  21536  1000.00                      31655  1000.00      38079  1000.00      43439  1000.00
05559  1000.00
                10042  1000.00       16569  1000.00  21543  1000.00  C$25,000.00         31708  1000.00      38178  1000.00      43483  1000.00  50074  1000.00
05611  1000.00
                10209  2000.00       16600  1000.00  21665  1000.00  MANAGUA             31749  1000.00      38316  1000.00      43572  1000.00  50153  1000.00
05722  1000.00
                10302  1000.00       16735  1000.00  21740  1000.00                      31765  2000.00      38323  1000.00      43610  1000.00  50224  1000.00
05795  1000.00
                10431  1000.00       16738  1000.00  21765  1000.00                      31840  1000.00      38416  10,000.00    43732  1000.00  50236  1000.00
05914  1000.00                                                       26572  1000.00
06     MIL      10521  1000.00       16747  1000.00  21806  1000.00                      31970  1000.00      38432  1000.00      43778  1000.00  50236  1000.00
                                                                     26594  1000.00
                10655  1000.00       16766  1000.00  21842  1000.00                      32     MIL          38448  1000.00      43791  2000.00  50248  1000.00
06235  1000.00                                                       26734  1000.00
                                     16850  1000.00  21884  1000.00                      32101  3000.00      38564  1000.00      43871  1000.00  50288  1000.00
06266  1000.00  10711  1000.00                                       26860  1000.00                                              44     MIL
                                     16851  1000.00  21893  1000.00                      32272  1000.00      38585  1000.00                      50527  1000.00
06312  1000.00  10857  1000.00                                       26970  1000.00
                11     MIL           16881  1000.00  21960  1000.00  27     MIL          32383  1000.00      38673  1000.00      44107  1000.00  50538  1000.00
06424  1000.00                                       22     MIL
                                     16895  1000.00                                      32404  1000.00      38682  1000.00      44213  1000.00  50651  1000.00
06430  1000.00  11115  1000.00       17     MIL                      27063  1000.00
                                                     22024  1000.00                      32429  1000.00      38705  1000.00      44340  1000.00  50806  1000.00
06460  1000.00  11124  1000.00
                                     17003  1000.00  22069  1000.00  27081  1000.00      32490  1000.00      38735  1000.00      44492  1000.00  50930  1000.00
                11143  1000.00
06625  3000.00                       17298  1000.00  22145  1000.00  27099  1000.00      32539  1000.00      38851  1000.00      44581  1000.00  50950  1000.00
                11205  1000.00                                                           33     MIL
06652  1000.00                       17376  1000.00  22158  1000.00  27273  1000.00                          38900  1000.00      44646  1000.00  50989  1000.00
                11207  1000.00
06658  1000.00                       17413  1000.00  22195  1000.00  27298  1000.00      33101  1000.00      38966  1000.00      44754  1000.00  50999  1000.00

NOTA: LOS BILLETES TERMINADOS EN 7155 GANAN C$4,800.00, LOS TERMINADOS EN 155 GANAN C$2,400.00, LOS TERMINADOS EN 55 GANAN

C$1,200.00, LOS TERMINADOS EN 5 GANAN C$600.00. TODOS LOS NUMEROS DE LA PRESENTE LISTA Y QUE A LA VEZ TENGAN TERMINACIONES

DEL PREMIO MAYOR TIENEN DERECHO AL PREMIO Y A LA TERMINACION. SE EXCEPTUA AL PREMIO MAYOR EN TODAS LAS TERMINACIONES.

       ESTA LISTA ES GRATIS · VISITE WWW.LOTERIANACIONAL.COM.NI
