                                                      SORTEO ORDINARIO Nº 1531

                                                                                                                                           MANAGUA

                                                  3,500,000Córdobas                                                              05 DE OCTUBRE

                                                                                                                                                 2010

                                                                                                                                       CADUCIDAD

                                                                                                                                 13 DE ENERO

                                                                                                                                                 2011

                                                                                                                                 LISTA OFICIAL

01     MIL        06813  1000.00      11736  1000.00  17921  1000.00      23124  1000.00  28693  1000.00  35348  1000.00  41803  2000.00         45295  1000.00

01194  1000.00    06890TERCER PREMIO  11822  1000.00  17991  2000.00      23144  1000.00  28781  1000.00  35376  1000.00  41806  1000.00         45355  1000.00

01218  1000.00                        11846  2000.00  17996  1000.00      23148  1000.00  28885  1000.00  35564  1000.00  41835  1000.00         45659  1000.00
                                                      18     MIL
01286  1000.00                        11856  1000.00                      23277  2000.00  28898  1000.00  35592  1000.00  41907  1000.00         45717  1000.00
                                                                                          29     MIL                      42     MIL
01382  1000.00                        11894  1000.00  18194  1000.00      23290  1000.00                  35763  1000.00                         45736  1000.00

01449  1000.00                        11930  1000.00  18376  1000.00      23325  1000.00  29392  1000.00  35894  1000.00  42061  1000.00         45909  1000.00
                                                                                                          36     MIL
01568  1000.00                        11963  1000.00  18754CUARTO PREMIO  23361  1000.00  29417  1000.00                  42075  1000.00         45941  1000.00
                                      12     MIL                                                                                                 46     MIL
01637  10,000.00  C$50,000.00                                             23491  1000.00  29511  1000.00  36018  1000.00  42087  1000.00

01794  1000.00    BLUEFIELDS          12238  3000.00                      23494  1000.00  29529  1000.00  36154  1000.00  42167  1000.00         46227  3000.00

01806  1000.00                        12295  1000.00  C$25,000.00         23511  1000.00  29542  1000.00  36174  1000.00  42238  1000.00         46335  1000.00

01974  1000.00                        12403  1000.00  MANAGUA             23548  1000.00  29546  1000.00  36417  1000.00  42365  1000.00         46349  1000.00
02     MIL
                  06947  1000.00      12446  1000.00                      23566  1000.00  29574  1000.00  36465  1000.00  42533  1000.00         46403  1000.00

02042  1000.00    06955  1000.00      12450  1000.00                      23574  1000.00  29630  1000.00  36517  1000.00  42575  1000.00         46412  1000.00
                  07     MIL
02264  1000.00                        12490  3000.00  18771  1000.00      23589  1000.00  29661  1000.00  36596  2000.00  42595  1000.00         46488  1000.00

02276  1000.00    07094  1000.00      12576  1000.00  18836  1000.00      23589  1000.00  29676  1000.00  36636  1000.00  42802  1000.00         46516  1000.00

02521  2000.00    07148  1000.00      12714  1000.00  18944  1000.00      23599  2000.00  29685  1000.00  36668  1000.00  42847  1000.00         46594  1000.00
                                                                                                          37     MIL
02642  1000.00    SEGUNDO             12804  1000.00  18960  1000.00      23619  1000.00  29713  1000.00                  42966  1000.00         46639  1000.00
                                                      19     MIL                          30     MIL
02658  1000.00    07170PREMIO         12815  1000.00                      23620  1000.00                  37080  1000.00  43     MIL             46659  1000.00

02710  1000.00                        12821  1000.00  19070  1000.00      23682  1000.00  30042  1000.00  37186  1000.00  43135  1000.00         46701  1000.00

02768  1000.00                        12962  1000.00  19281  1000.00      23737  1000.00  30133  1000.00  37223  1000.00  43262  1000.00         46757  1000.00
                                      13     MIL
02778  1000.00                                        19362  1000.00      23756  1000.00  30329  1000.00  37257  1000.00  43400  1000.00         46766  1000.00

02848  1000.00                        13112  1000.00  19464  1000.00      23776  1000.00  30334  1000.00  37529  1000.00  43418  1000.00         46773  1000.00

02870  1000.00                        13169  1000.00  19510  1000.00      23803  1000.00  30384  1000.00  37681  1000.00  43475  1000.00         46801  1000.00

02895  1000.00                        13185  1000.00  19586  1000.00      23982  1000.00  30431  1000.00  37770  1000.00  43539  1000.00         46806  1000.00
                                                                          24     MIL
02998  1000.00                        13208  1000.00  19588  1000.00                      30439  1000.00  37923  1000.00  43563  1000.00         46860  1000.00
03     MIL                                                                                                38     MIL
                  C$300,000.00        13406  1000.00  19614  1000.00      24088  1000.00  30726  1000.00                  43597  1000.00         47     MIL

03366  1000.00                        13467  1000.00  19661  2000.00      24190  1000.00  30766  2000.00  38028  1000.00  43603  1000.00         47066  1000.00

03378  1000.00    MANAGUA             13719  1000.00  19781  1000.00      24337  1000.00  30837  1000.00  38072  1000.00  43686  1000.00         47076  1000.00

03401  1000.00                        13778  1000.00  19807  1000.00      24373  2000.00  30851  2000.00  38088  1000.00  43742  1000.00         47083  1000.00
                                                      20     MIL
03546  1000.00                        13806  2000.00                      24381  1000.00  30873  1000.00  38183  1000.00  43791  1000.00         47252  1000.00

03566  1000.00    07349  1000.00      13876  1000.00  20072  1000.00      24446  1000.00  30894  1000.00  38241  1000.00  43809  1000.00         47579  1000.00

03598  1000.00    07451  1000.00      13982  1000.00  20134  1000.00      24469  2000.00  30995  1000.00  38254  2000.00  43948  3000.00         47680  1000.00
                                      14     MIL                                          31     MIL
03753  1000.00    07485  1000.00                      20169  1000.00      24515  1000.00                  38270  1000.00  44     MIL
                                                                                                                                                 47785  1000.00
03796  1000.00    07504  1000.00      14009  1000.00  20223  1000.00      24611  1000.00  31041  1000.00  38297  1000.00  44023  1000.00
04     MIL                                                                                                                                       47827  1000.00
                  07510  1000.00      14015  1000.00  20231  1000.00      24727  1000.00  31084  1000.00  38397  1000.00  44133  1000.00
                                                                                                                                                 47972  1000.00
04041  3000.00    07531  2000.00      14178  2000.00  20314  1000.00      24938  1000.00  31086  1000.00  38488  1000.00  44142  1000.00         48     MIL
                                                                          25     MIL
04049  1000.00    07583  1000.00      14207  1000.00  20326  1000.00                      31105  1000.00  38518  1000.00  44166  1000.00
                                                                                                                                                 48193  1000.00
04066  1000.00    07678  1000.00      14389  1000.00  20363  2000.00      25102  1000.00  31243  2000.00  38587  1000.00  44284  1000.00
                                                                                                                                                 48197  1000.00
04168  1000.00    07780  1000.00      14403  1000.00  20383  1000.00      25131  1000.00  31301  1000.00  38590  1000.00  44294  1000.00
                                                                                                                                                 48282  1000.00
04312  1000.00    07825  15,000.00    14522  2000.00  20573  2000.00      25253  1000.00  31332  1000.00  38620  1000.00  44398  1000.00

04346  1000.00    07900  1000.00      14617  1000.00  20585  1000.00      25266  1000.00  31630  1000.00  38623  1000.00  44436  1000.00         48545  1000.00
                  08     MIL
04373  1000.00                        14619  1000.00  20593  1000.00      25336  1000.00  31808  1000.00  38683  1000.00  44608  1000.00         48598  1000.00

04498  1000.00    08161  1000.00      14669  3000.00  20613  1000.00      25353  1000.00  31887  1000.00  38772  1000.00  44616  1000.00         48603  1000.00

04555  1000.00    08365  1000.00      14676  1000.00  20617  1000.00      25366  1000.00  31933  1000.00  38833  1000.00  44630  1000.00         48611  1000.00
                                                                                          32     MIL
04726  1000.00    08410  1000.00      14691  1000.00  20620  1000.00      25403  1000.00                  38839  2000.00  44828  1000.00         48882  1000.00
                                                                                          32033
04769  1000.00    08464  1000.00      14731  1000.00  20795  1000.00      25405  1000.00         1000.00  38840  1000.00  44922  1000.00         48925  1000.00
                                                      21     MIL                          32034
04778  1000.00    08485  1000.00      14783  1000.00                      25435  1000.00         1000.00  38853  1000.00                         48943  1000.00
                                                                                          32034
04793  1000.00    08517  1000.00      14875  1000.00  21050  1000.00      25447  1000.00         1000.00  38970  1000.00  44971CUARTO PREMIO     48963  1000.00
                                      15     MIL                                          32171
04872  1000.00    08533  1000.00                      21062  1000.00      25570  1000.00         1000.00  38987  1000.00                         49     MIL
                                                                                          32188           39     MIL
04960  1000.00    08583  1000.00      15024  1000.00  21131  2000.00      25837  1000.00         1000.00                                         49104  1000.00
05     MIL                                                                                32341
                  08923  10,000.00    15034  1000.00  21208  1000.00      25898  2000.00         1000.00  39048  1000.00                         49206  1000.00
                  09     MIL                                              26     MIL      32358
05003  1000.00                        15093  1000.00  21297  1000.00                             1000.00  39248  1000.00  C$25,000.00            49240  1000.00
                                                                                          32406
05006  1000.00    09189  1000.00      15166  1000.00  21344  1000.00      26103  1000.00         1000.00  39324  1000.00                         49311  1000.00
                                                                                          32407
05214  1000.00    09355  1000.00      15210  1000.00  21346  1000.00      26236  1000.00         1000.00  39332  1000.00  MANAGUA                49382  1000.00
                                                                                          32423
05239  1000.00    09431  1000.00      15223  1000.00  21358  1000.00      26322  1000.00         1000.00  39364  1000.00  45     MIL             49392  1000.00
                                                                                          32447
05270  1000.00    09509  1000.00      15274  1000.00  21430  1000.00      26352  1000.00         1000.00  39559  1000.00  45025  1000.00         49443  2000.00
                                                                                          32459
05292  1000.00    09523  2000.00      15393  1000.00  21461  1000.00      26449  1000.00         1000.00  39584  1000.00  45116  1000.00
                                                                                          32529
05344  1000.00    09602  1000.00      15438  1000.00  21519  1000.00      26552  1000.00         2000.00  QUINTO PREMIO   45164  1000.00         49929TERCER PREMIO
                                                                                          32580
05349  2000.00    09603  1000.00      15675  1000.00  21566  1000.00      26641  1000.00         1000.00  39651           45186  1000.00
                                                                                          32695
05378  1000.00    09642  1000.00      15765  1000.00  21697  1000.00      26677  1000.00         1000.00                  45235  1000.00
                                                                                          32725
05441  1000.00    09670  1000.00      15777  1000.00  21786  1000.00      26881  1000.00         1000.00  C$20,000.00
                                                                                          32751
05443  2000.00    09801  1000.00      15781  1000.00  21863  1000.00      26975  1000.00         1000.00  MANAGUA         45279  1000.00
                                                                          27     MIL      32819
05509  1000.00    09840  1000.00      15914  1000.00  21870  1000.00                      33     1000.00                  45280  1000.00
                                      16     MIL                                                 MIL
05551  1000.00    09864  1000.00                      21887  1000.00      27062  1000.00                  39607  1000.00  45281  2000.00
                                      16217  1000.00                                      33103  1000.00                                         C$50,000.00
05573  1000.00    09866  1000.00                      22     MIL          27201  1000.00                  39655  1000.00  PREMIO
                                      16602  1000.00                                      33271  2000.00
05583  1000.00    09911  1000.00                      22062  1000.00      27204  1000.00                  39803  1000.00  45282MAYOR             JINOTEPE
                                      16788  1000.00                                      33313  1000.00
05620  1000.00    09945  1000.00                      22102  1000.00      27266  1000.00                  39854  1000.00
                  10     MIL          16795  1000.00                                      33336  1000.00
05711  1000.00                                        22117  1000.00      27280  1000.00                  40     MIL
                                      16828  1000.00                                      33338  1000.00
05726  1000.00    10181  1000.00                      22275  1000.00      27281  1000.00                  40253  1000.00                         49950  1000.00
                                      16862  1000.00                                      33516  1000.00
05786  1000.00    10306  1000.00                      22326  1000.00      27298  1000.00                  40533  1000.00                         49954  1000.00
06     MIL                            16968  1000.00                                      33583  1000.00                                         50     MIL
                  10364  1000.00                      22460  1000.00      27332  1000.00                  40541  1000.00
                                      16969  1000.00                                      33598  1000.00
06058  1000.00    10428  1000.00                      22475  1000.00      27471  1000.00                  40582  1000.00                         50152  1000.00
                                      16996  1000.00                                      33630  1000.00
06118  3000.00    10742  1000.00      17     MIL      22619  1000.00      27480  1000.00                  40630  1000.00                         50164  1000.00
                                                                                          33639  1000.00
06151  1000.00    10749  1000.00                      22622  1000.00      27509  1000.00                  40675  1000.00  C$ 3,500,000.00        50215  1000.00
                                      17089  1000.00                                      33782  1000.00
06177  1000.00    10789  1000.00                      22737  1000.00      27568  1000.00                  40702  1000.00                         50219  1000.00
                                      17106  1000.00                                      33824  1000.00
06181  1000.00    10955  1000.00                      22965  1000.00      27634  1000.00                  40735  1000.00                         50231  1000.00
                                      17204  1000.00                                      33935  2000.00
06290  1000.00    10993  2000.00                      23     MIL          27640  1000.00  34     MIL      40758  1000.00  NO FUE VENDIDO.        50269  1000.00
                  11     MIL                                                                                              POR ACUMULACION EL
06331  1000.00                        17296  1000.00                      27649  1000.00                                  SORTEO 1532 DEL 12 DE  50276  1000.00
                                                      23027  1000.00                      34168  1000.00  40950  1000.00
06334  1000.00    11139  1000.00      17316  1000.00                      27734  1000.00                  41     MIL      OCTUBRE 2010 TENDRA    50407  1000.00
                                                                                                                          UN PREMIO MAYOR DE
06357  1000.00    11200  1000.00      17325  1000.00  23033  1000.00      27738  1000.00  34386  1000.00                  C$ 5,250,000.00 POR
                                                                                                                                                 50455  1000.00
06409  1000.00    11263  1000.00      17367  1000.00  23046  1000.00      27843  1000.00  34387  1000.00  41009  1000.00  EL PRECIO DE C$300
                                                                                                                          EL BILLETE.
06449  1000.00    11272  1000.00      17407  1000.00  23052  1000.00      28     MIL      34412  1000.00  41364  1000.00  MANAGUA                50469  1000.00

06466  1000.00    11363  1000.00      17534  1000.00  23052  1000.00      28531  1000.00  34432  1000.00  41425  1000.00                         50712  1000.00

06639  1000.00    11404  1000.00      17542  1000.00  23054  1000.00      28588  1000.00  34588  1000.00  41584  1000.00                         50721  1000.00

06642  2000.00    11475  1000.00      17659  1000.00  23071  1000.00      28613  1000.00  34857  1000.00  41651  1000.00  45283  2000.00         50776  1000.00
                                                                                          35     MIL
06670  1000.00    11505  1000.00      17677  1000.00  23109  1000.00      28623  1000.00                  41772  1000.00  45284  1000.00         50814  1000.00

06714  1000.00    11545  1000.00      17827  2000.00  23115  2000.00      28638  1000.00  35082  1000.00  41780  2000.00  45285  1000.00         50941  1000.00

NOTA: LOS BILLETES TERMINADOS EN 5282 GANAN C$4,800.00, LOS TERMINADOS EN 282 GANAN C$2,400.00, LOS TERMINADOS EN 82 GANAN

C$1,200.00, LOS TERMINADOS EN 2 GANAN C$600.00. TODOS LOS NUMEROS DE LA PRESENTE LISTA Y QUE A LA VEZ TENGAN TERMINACIONES

DEL PREMIO MAYOR TIENEN DERECHO AL PREMIO Y A LA TERMINACION. SE EXCEPTUA AL PREMIO MAYOR EN TODAS LAS TERMINACIONES.

NOTA: POR ACUMULACION EL SORTEO No. 1532 A VERIFICARSE EL 12 DE OCTUBRE DEL 2010 TENDRA UN

    PREMIO MAYOR DE C$ 5,250,000.00 POR EL PRECIO DE C$ 300.00 EL BILLETE Y C$ 15.00 EL VIGESIMO
