                                                          SORTEO EXTRAORDINARIO Nº 1533

                                                                                                                                                      MANAGUA

                                                               5,000,000Córdobas                                                                      19 DE OCTUBRE

                                                                                                                                                               2010

                                                                                                                                                      CADUCIDAD

                                                                                                                                                      27 DE ENERO

                                                                                                                                                               2011

                                                                                                                                                      LISTA OFICIAL

01       MIL         06755    1200.00     12631    1200.00     17006TERCER PREMIO  20162    1200.00     27       MIL         32405  1200.00    39326  1200.00  44879  1200.00

01017    1200.00     06922    1200.00     1271731  1M20IL0.00                      20225    1200.00     27068    1200.00     32422  2000.00    39345  1200.00  44969  1200.00
                                                                                                                             32437  1200.00    39385  1200.00  44972  1200.00
01062    1200.00     0690576  1M20IL0.00  13063    1200.00                         20261    1200.00     27099    1200.00     32690  1200.00    39445  1200.00  44997  1200.00

01093    2000.00     07065    1200.00     13108    1200.00                         20504    1200.00     27203    1200.00     32778  1200.00    39499  1200.00  45     MIL

01185    1200.00     07192    1200.00     13395    1200.00                         20685    1200.00     27228    1200.00     32800  1200.00    39530  1200.00  45013  1200.00

01203    1200.00     07272    1200.00                                              20766    1200.00     27242    1200.00     32871  1200.00    39551  1200.00  45057  1200.00

01225    1200.00     07273    1200.00     13484    1200.00     C$50,000.00         20808    1200.00     27313    1200.00     32938  1200.00    39610  3000.00  45092  1200.00

01327    1200.00     07328    1200.00     13525    1200.00     MANAGUA             20888    1200.00     27339    1200.00     33     MIL        39706  1200.00  45328  2000.00

01411    2000.00     07338    1200.00     13576    1200.00                         2092814  1M20IL0.00  27352    1200.00     33000  1200.00    39735  1200.00  45337  1200.00

01414    1200.00     07340    1200.00     13648    2000.00     17101  1200.00                           27464    1200.00     33011  1200.00    40     MIL      45458  1200.00

01511    1200.00     07565    1200.00     13652    1200.00     17110  1200.00      21005    1200.00     27512    1200.00     33074  1200.00    40142  3000.00  45610  1200.00

01611    1200.00     0790382  1M20IL0.00  13718    1200.00     17161  1200.00      21089    1200.00     27622    1200.00     33218  1200.00    40274  1200.00  45655  2000.00

01647QUINTO PREMIO                        13747    1200.00     17202  1200.00      21181    1200.00     27658    1200.00     33262  1200.00    40315  1200.00  45717  1200.00

                     08135    1200.00     13801    1200.00     17224  1200.00      21191    1200.00     27679    1200.00     33468  1200.00    40334  1200.00  45860  1200.00

                     08504    1200.00     13801    1200.00     17241  1200.00      21260    1200.00     27721    3000.00     33496  1200.00    40374  1200.00  45910  1200.00

C$20,000.00          08591    1200.00     13818    1200.00     17353  1200.00      21309    1200.00     27756    1200.00     33585  1200.00    40382  1200.00  45934  1200.00

MANAGUA              08665    1200.00     13901    1200.00     17361  1200.00      21346    1200.00     27764    1200.00     33701  1200.00    40435  1200.00  45940  1200.00

                     08854    1200.00     13938    1200.00     17362  1200.00      21401    1200.00     27783    1200.00     33836  1200.00    40437  1200.00  45967  1200.00
                                          14       MIL
01714    1200.00     08878    1200.00                          17388  1200.00      21408    3000.00     2792480  1M20IL0.00  33867  1200.00    40510  1200.00  46     MIL
                                          14052    1200.00
01740    1200.00     0880892  1M20IL0.00                       17395  1200.00      21474    1200.00                          33888  1200.00    40534  1200.00  46019  1200.00
                                                                                                        28029    1200.00     34     MIL
0170728  1M20IL0.00                       14107    1200.00     17410  1200.00      21527    1200.00                                            40600  1200.00  46132  1200.00

                     09027    1200.00     14188    1200.00     17417  1200.00      21721    1200.00     28057    1200.00     34037  1200.00    40738  1200.00  46279  1200.00

02023    2000.00     09110    1200.00     14200    1200.00     17444  1200.00      21809    1200.00     28203    1200.00     34086  1200.00    40745  1200.00  46377  1200.00

02339    1200.00     09144    1200.00     14229    1200.00     17510  1200.00      2182829  1M20IL0.00  28320    1200.00     34335  1200.00    40772  1200.00  46389  2000.00
                                                                                                                                               41     MIL
02377    1200.00     09161    1200.00     14231    1200.00     17565  1200.00                           28398    1200.00     34374  1200.00                    46442  1200.00
                                                                                   22088    1200.00                          34513  1200.00    41131  1200.00  46478  1200.00
02446    1200.00     09175    1200.00     14235    1200.00     17571  1200.00                           28400    1200.00
                                                                                   22112    1200.00                          34746  1200.00    41188  1200.00  46509  1200.00
02475    1200.00     09202    1200.00     14307    1200.00     17576  1200.00                           28431    2000.00     34756  1200.00    41289  1200.00  46513  1200.00
                                                                                   22226    1200.00
02726    1200.00     09223    1200.00     14391    1200.00     17669  1200.00                           28470    1200.00     34820  1200.00    41293  1200.00  46722  1200.00
                                                                                   22237    1200.00
02747    1200.00     09375    1200.00     14551    1200.00     17678  1200.00                           28474    1200.00     35     MIL        41328  1200.00  46757  1200.00
                                                                                   22377    1200.00
02820    1200.00     09540    1200.00     14553    1200.00     17688  1200.00                           28890    1200.00     35102  1200.00    41340  1200.00  46821  1200.00
                                                                                   22405    1200.00
02938    1200.00     09541    1200.00     14606    1200.00     17732  1200.00                           28919    1200.00     35124  1200.00    41400  1200.00  46879  1200.00
                                                                                   22479    1200.00
02944    1200.00     09548    1200.00     14646    1200.00     17759  1200.00                           28920    1200.00     35147  1200.00    41567  1200.00  46968  1200.00
                                                                                   22592    2000.00
02946    1200.00     09617    1200.00     14656    1200.00     17782  1200.00                           28945    1200.00     35166  1200.00    41567  1200.00  46981  1200.00
                                                                                   22634    1200.00
0290830  1M20IL0.00  09650    1200.00     14706    1200.00     17787  1200.00                           28959    1200.00     35180  1200.00    41578  1200.00  47     MIL
                                                                                   22678    1200.00
                     09734    1200.00     14743    1200.00     17862  1200.00                           2892997  1M20IL0.00  35214  1200.00    41594  1200.00  47013  1200.00
03027    1200.00                                               18     MIL
                     09746    2000.00     14849    1200.00                         22709    1200.00                          35282  1200.00    41724  1200.00  47217  1200.00
03040    1200.00                                                                                        29112    1200.00
                     09801    1200.00     14903    1200.00     18092  1200.00      22833    1200.00                          35385  1200.00    41761  1200.00  47542  1200.00
03137    1200.00
                     09804    1200.00     15       MIL         18114  1200.00      2282833  1M20IL0.00  29253    1200.00     35413  1200.00    41770  1200.00  47592  2000.00
03152    1200.00
                     0991201  1M20IL0.00  15030    1200.00     18142  1200.00                           SEGUNDO              35513  1200.00    41837  1200.00  47690  1200.00
03319    1200.00                                                                   23036    1200.00
                                          15042    1200.00     18145  1200.00                           29472PREMIO          35558  1200.00    41855  1200.00  47715  1200.00
03337    1200.00
                     10155    1200.00     15205    1200.00     18213  1200.00      23072    1200.00                          35561  1200.00    41902  1200.00  47757  1200.00
03365    1200.00
                     10293    1200.00     15207    1200.00     18315  2000.00      23170    1200.00                          35637  1200.00    41946  1200.00  47805  1200.00
03549    1200.00
                     10428    1200.00     15300    1200.00     18352  1200.00      23231    3000.00                          35845  1200.00    42     MIL      47848  1200.00
03807    1200.00
                     10429    1200.00     15452    1200.00     18402  1200.00      23263    1200.00                          35887  1200.00    42079  1200.00  47885  1200.00
03816    1200.00
                     10452    2000.00                          18460  1200.00      23338    1200.00                          35900  1200.00    42198  1200.00  47958  1200.00
03916    1200.00                          15835    1200.00
                     10486    1200.00                          18478  1200.00      23358    1200.00                          35990  1200.00    42261  1200.00  47965  1200.00
03943    1200.00                          15896    1000.00
                     10622    1200.00                          18553  1200.00      23439    1200.00     C$400,000.00         35999  1200.00    42344  1200.00  47966  2000.00
0390749  1M20IL0.00                       15897    1000.00                                                                                                     48     MIL
                     10666    1200.00                          18601  1200.00      23531    1200.00     MATAGALPA            36     MIL        42610  1200.00
                                          15898    2000.00
04082    1200.00     10769    1200.00                          18744  1200.00      23589    1200.00                          36041  1200.00    42634  1200.00  48032  1200.00

04211    1200.00     1091910  1M20IL0.00  PREMIO               18799TERCER PREMIO  23598    1200.00                          36053  1200.00    42679  1200.00  48125  1200.00
                                                                                                                                                               48140  1200.00
04327    1200.00                          15899MAYOR                               23627    1200.00     29521    2000.00     36056  1200.00    42687  1200.00  48250  1200.00
                                                                                                                             36169  2000.00    42755  1200.00
04374    1200.00     11011    1200.00                                              23666    2000.00     29534    1200.00     36314  1200.00    42815  1200.00  48324  1200.00

04434    1200.00     11042    1200.00                                              23824    1200.00     2983508  1M20IL0.00  36325  1200.00    42828  1200.00  48572  1200.00

04477    1200.00     11088    1200.00                                              23864    1200.00     30065    1200.00     36341  1200.00    42839  1200.00  48782  1200.00

04523    1200.00     11340    1200.00                          C$50,000.00         23965    1200.00     30198    1200.00     36349  2000.00    42954  1200.00  48834  1200.00

04573    1200.00     11352    1200.00                                              2392844  1M20IL0.00  30370    2000.00     36444  1200.00    42968  2000.00  48904  1200.00
                                                                                                                                                               49     MIL
04648    1200.00     11356    1200.00                          JUIGALPA            24071    1200.00     30602    1200.00     36468  2000.00    43     MIL

04664    1200.00     11442    1200.00                                              24073    1200.00     30700    1200.00     36490  1200.00    43008  1200.00  49004  1200.00

04680    15,000.00   11618    1200.00                          18913  1200.00      24121    1200.00                          36528  1200.00    43049  1200.00  49067  1200.00
05       MIL                                                                                            30782    1200.00
                     11662    1200.00                          18922  1200.00      24153    1200.00                          36655  1200.00    43131  1200.00  49079  1200.00
05120    1200.00                                                                                                                                               49092  2000.00
                     11742    1200.00     C$ 5,000,000.00      18970  1200.00      24433    1200.00     30807CUARTO PREMIO   36918  1200.00    43161  1200.00  49481  1200.00
05232    1200.00                                               19     MIL                                                    37     MIL
                     11769    1200.00                                              24526    1200.00                                            43168  1200.00  49484  1200.00
05264    3000.00
                     11805    1200.00                          19014  1200.00      2452850  1M20IL0.00                       37073  1200.00    43270  1200.00  49512  2000.00
05351    1200.00
                     11820    1200.00                          19074  1200.00                                                37230  1200.00    43278  1200.00  49592  1200.00
05366    1200.00                          VENDIDO POR EL
                     11981    1200.00                          19210  1200.00      25043    1200.00                          37262  1200.00    43294  1200.00  49597  1200.00
05491    2000.00                          CONCESIONARIO E-796                                           C$25,000.00
                     11996    1200.00                          19212  1200.00      25125    1200.00                          37282  1200.00    43309  1200.00  49600  1200.00
05567    2000.00     12       MIL         JOSE RAFAEL
                                                               19231  1200.00                           MANAGUA              37311  1200.00    43434  1200.00
05568    1200.00                          RODRIGUEZ BLANDON                        25208    1200.00                                                            49694  1200.00
                     12024    1200.00                          19284  1200.00                                                37320  1200.00    43640  1200.00
05578    1200.00                          MANAGUA                                  25261    1200.00                                                            49770  1200.00
                     12048    1200.00                          19348  1200.00                           31       MIL         37391  1200.00    43667  1200.00  49902  1200.00
05617    2000.00                                                                   25266    1200.00
                     12140    1200.00                          19369  1200.00                           31106    1200.00     37472  1200.00    43729  1200.00  50     MIL
05617    1200.00                                                                   25639    1200.00
                     12165    1200.00                          19433  1200.00                           31122    2000.00     37556  1200.00    43731  1200.00  50041  1200.00
05729    1200.00                          15900    2000.00                         25640    1200.00
                     12190    1200.00                          19551  1200.00                           31183    1200.00     37583  1200.00    43743  1200.00  50049  1200.00
05741    1200.00                          15901    1000.00                         25654    1200.00
                     12290    1200.00                          19555  1200.00                           31280    1200.00     37908  2000.00    43827  1200.00  50109  1200.00
06       MIL                              1591062  1M00IL0.00                      25659    2000.00                                            44     MIL
                     12308    1200.00                          19760  1200.00                           31329    1200.00     37998  1200.00                    50256  1200.00
06085    1200.00                                                                   25804    1200.00                          38     MIL
                     12327    1200.00     16030    1200.00     19915  1200.00                           31439    1200.00                       44177  1200.00  50264  1200.00
06112    3000.00                                                                   2592165  1M20IL0.00                       38046  1200.00
                     12354    2000.00     16045    1200.00     19991  1200.00                           31591    1200.00                       44281  1200.00  50424  1200.00
06146    1200.00                                               20     MIL                                                    38105  1200.00
                     12385    1200.00     16203    1200.00                         26032    1200.00     31649    1200.00                       44343  1200.00  50426  1200.00
06211    1200.00                                                                                                             38273  1200.00
                     12412    1200.00     16212    1200.00     20124CUARTO PREMIO  26181    1200.00     31717    1200.00                       44376  1200.00  50683  1200.00
06348    1200.00                                                                                                             38311  1200.00
                     12438    1200.00     16356    2000.00                         26244    1200.00     31859    1200.00                       44455  1200.00  50760  2000.00
06351    1200.00                                                                                                             38600  1200.00
                     12460    1200.00     16541    1200.00                         26315    10,000.00   31929    1200.00                       44550  1200.00  50765  1200.00
06356    1200.00                                                                                                             38706  1200.00
                     12467    1200.00     16843    1200.00                         26327    1200.00     31936    1200.00                       44554  1200.00  50766  1200.00
06527    1200.00                                                                                        32       MIL         38753  1200.00
                     12473    1200.00     16863    1200.00                         26572    1200.00                                            44632  1200.00  50926  2000.00
06540    1200.00                                                                                                             38902  1200.00
                     12512    1200.00     1691173  1M20IL0.00  C$25,000.00         26848    1200.00     32142    1200.00     39     MIL        44680  1200.00  50941  1200.00
06661    1200.00                                                                                                                                               50958  1200.00
                     12607    1200.00                          GRANADA             26851    1200.00     32249    1200.00     39071  10,000.00  44744  1200.00  50967  1200.00

06744    1200.00                                                                                        32297    1200.00                       44748  2000.00

NOTA: LOS BILLETES TERMINADOS EN 5899 GANAN C$6,400.00, LOS TERMINADOS EN 899 GANAN C$3,200.00, LOS TERMINADOS EN 99 GANAN

C$1,600.00, LOS TERMINADOS EN 9 GANAN C$800.00. TODOS LOS NUMEROS DE LA PRESENTE LISTA Y QUE A LA VEZ TENGAN TERMINACIONES

DEL PREMIO MAYOR TIENEN DERECHO AL PREMIO Y A LA TERMINACION. SE EXCEPTUA AL PREMIO MAYOR EN TODAS LAS TERMINACIONES.

         ESTA LISTA ES GRATIS · VISITE WWW.LOTERIANACIONAL.COM.NI
