                                                         SORTEO ORDINARIO Nº 1534

                                                                                                                                           MANAGUA

                                                         3,500,000Córdobas                                                                26 DE OCTUBRE

                                                                                                                                                   2010

                                                                                                                                          CADUCIDAD

                                                                                                                                          03 DE FEBRERO

                                                                                                                                                   2011

                                                                                                                                          LISTA OFICIAL

01     MIL      06577  1000.00       11303  1000.00      16425  1000.00  22657  2000.00      28351  1000.00      32697  1000.00    40662  1000.00  45151  1000.00

01022  1000.00  06577  1000.00       11343  1000.00      16512  1000.00  22681  1000.00      28352  1000.00      32919  1000.00    40798  1000.00  45254  2000.00
                                                                                                                 33     MIL
01042  1000.00  06635  1000.00       11374  1000.00      16541  1000.00  22717  1000.00      28356  1000.00                        40807  1000.00  45290  1000.00

01101  1000.00  06664  1000.00       11629  1000.00      16654  1000.00  22777  1000.00      28358  1000.00      33031  1000.00    40823  1000.00  45297  1000.00

01111  1000.00  06665  1000.00       11757  1000.00      16656  1000.00  22813  1000.00      28407  1000.00      33083  1000.00    40852  1000.00  45342  1000.00

01180  1000.00  06810  1000.00       11784  2000.00      16688  1000.00  22813  1000.00      28472  1000.00      33117  1000.00    40988  1000.00  45350  1000.00
                                                                                                                                   41     MIL
01229  1000.00  06811  1000.00       11801  1000.00      16938  1000.00  22916  1000.00      28599  3000.00      33307  1000.00                    45379  1000.00

01453  1000.00  06836  1000.00       11807  1000.00      16981  1000.00  22934  1000.00      28634  1000.00      33370  1000.00    41108  1000.00  45478  1000.00
                07     MIL                                               23     MIL
01465  1000.00                       11809  2000.00      16984  1000.00                      28666  1000.00      33440  1000.00    41159  1000.00  45489  1000.00
                                                         17     MIL
01466  1000.00  07063  1000.00       11868  1000.00                      23021  1000.00      28668  1000.00      33450  1000.00    41210  1000.00  45545  2000.00

01508  1000.00  07088  1000.00       11926  1000.00      17038  1000.00  23135  1000.00      28695  1000.00      33519  1000.00    41339  1000.00  45585  1000.00

01547  1000.00  07112  1000.00       11969  1000.00      17098  1000.00  23168TERCER PREMIO  28718  1000.00      33737  1000.00    41524  1000.00  45629  1000.00

01552  1000.00  07186  1000.00       11995  1000.00      17217  1000.00                      28721  1000.00      33785  1000.00    SEGUNDO         45643  1000.00
                                     12     MIL
01682  1000.00  07190  1000.00                           17252  1000.00                      28802  1000.00      33815  1000.00                    45655  1000.00
                                                                                                                                   41550PREMIO
01817  1000.00  07253  1000.00       12072  1000.00      17275  1000.00                      28825  1000.00      33876  1000.00                    45728  1000.00

01868  2000.00  07343  1000.00       12333  1000.00      17343  1000.00                      28847  1000.00      33892  1000.00                    45744  1000.00

01904  1000.00  07612  1000.00       12366CUARTO PREMIO  17548  1000.00                      28880  10,000.00    33966  2000.00                    45945  1000.00
                                                                                                                 34     MIL
01952  1000.00  07729  1000.00                           17787  1000.00                      28897  1000.00                                        45966  1000.00
                                                                         C$50,000.00
01995  1000.00  07739  1000.00                           17938  1000.00                      28940  1000.00      34039  1000.00                    46     MIL
02     MIL                                               18     MIL
                07741  1000.00                                           MANAGUA             28999  1000.00      34325  1000.00                    46093  1000.00
                                                                                             29     MIL
02086  1000.00  07771  1000.00       C$25,000.00         18183  1000.00                                          34398  1000.00                    46209  1000.00

02166  1000.00  07789  1000.00       MANAGUA             18210  1000.00                      29052  1000.00      34421  10,000.00                  46213  1000.00

02303  1000.00  07904  1000.00                           18329  1000.00  23200  1000.00      29097  1000.00      34422  1000.00                    46339  1000.00
                                                                                                                 35     MIL
02306  1000.00  07921  1000.00       12401  1000.00      18427  1000.00  23244  1000.00      29116  1000.00                        C$300,000.00
                08     MIL                                                                                                                         46359  1000.00
02368  1000.00                       12516  1000.00      18435  1000.00  23323  1000.00      29203  1000.00      35023  1000.00
                                                                                                                                                   46587  1000.00
02395  3000.00  08111  1000.00       12634  1000.00      18484  1000.00  23339  1000.00      29509  1000.00      35133  1000.00    MANAGUA
                                                                                                                                                   46649  1000.00
02447  2000.00  08305  1000.00       12653  1000.00      18485  1000.00  23368  1000.00      29703  1000.00      35353  2000.00
                                                                                                                                                   46743  1000.00
02487  1000.00  08312  2000.00       12662  1000.00      18544  1000.00  23383  1000.00      29728  1000.00      35443  1000.00

02520  1000.00  08641  2000.00       12707  1000.00      18574  1000.00  23449  1000.00      29892  1000.00      35460  1000.00    41798  1000.00  46789  1000.00

02621  1000.00  08907  1000.00       12729  1000.00      18603  2000.00  23515  1000.00      29969  1000.00      35501  1000.00    41875  1000.00  46993  1000.00
                09     MIL                                                                   30     MIL                            42     MIL      47     MIL
02634  1000.00                       12735  2000.00      18611  1000.00  23577  1000.00                          35682  1000.00

02720  1000.00  09013  1000.00       12867  1000.00      18705  1000.00  23682  1000.00      30045  1000.00      35791  1000.00    42038  1000.00  47238  1000.00
                                                                                                                 36     MIL
02995  1000.00  09078  1000.00       12967  1000.00      18717  1000.00  23948  1000.00      30051  1000.00                        42091  1000.00  47252  3000.00
03     MIL                           13     MIL
                09105  1000.00                           18757  1000.00  23949  1000.00      30079  1000.00      36072  1000.00    42095  3000.00  47296  1000.00
                                                                         24     MIL
03018  1000.00  09150  1000.00       13035  1000.00      18813  1000.00                      30109  1000.00      36118  1000.00    42163  1000.00  47372  1000.00

03049  1000.00  09151  1000.00       13040  1000.00      18888  1000.00  24060  1000.00      30227  1000.00      36192  1000.00    42254  1000.00  47430  1000.00

03300  1000.00  09152  2000.00       13236  1000.00      18923  1000.00  24263  1000.00      30233  1000.00      36374  1000.00    42272  1000.00  47436  1000.00

03373  1000.00  PREMIO               13310  1000.00      18926  1000.00  24270  1000.00      30315  1000.00      36407  1000.00    42280  1000.00  47460  1000.00

03378  1000.00  09153MAYOR           13384  1000.00      18979  1000.00  24375  1000.00      30443  1000.00      36412  1000.00    42414  1000.00  47523  1000.00
                                                         19     MIL
03394  1000.00                       13535  2000.00                      24462  1000.00      30476  1000.00      36445  1000.00    42435  1000.00  47689  1000.00

03447  1000.00                       13618  1000.00      19004  3000.00  24555  1000.00      30555  1000.00      36456  1000.00    42507  1000.00  47704  1000.00

03511  1000.00                       13702  1000.00      19011  1000.00  24593  1000.00      30602  1000.00      36501  1000.00    42572  1000.00  47834  1000.00

03722  1000.00                       13817  1000.00      19051  1000.00  24658  1000.00      30621  1000.00      36572  1000.00    42615  1000.00  47910  1000.00

03779  1000.00                       13830  1000.00      19087  1000.00  24676  1000.00      30626  1000.00      36910  1000.00    42692  1000.00  48     MIL
                                                                                                                 37     MIL
03863  1000.00                       13848  1000.00      19185  1000.00  24735  1000.00      30774  1000.00                        42990  1000.00  48120  1000.00

03922  1000.00                       13874  1000.00      19228  1000.00  24740  1000.00                          37004  1000.00    43     MIL      48134  1000.00
04     MIL                                                                                   30787TERCER PREMIO
                                     13910  2000.00      19373  1000.00  24774  1000.00                          37044  1000.00    43023  1000.00  48155  1000.00
                                     14     MIL
04143  1000.00                                           19392  1000.00  24830  1000.00                          37158  1000.00    43082  1000.00
                                                                                                                                                   48221  1000.00
04196  1000.00                       14085  1000.00      19582  1000.00  24995  2000.00                          37229  1000.00    43109  1000.00
                                                                         25     MIL                                                                48333  1000.00
04267  1000.00  C$ 3,500,000.00      14091  1000.00      19583  1000.00                                          37300  1000.00    43160  2000.00
                                                                                                                                                   48351  1000.00
04619  1000.00                       14305  1000.00      19625  1000.00  25023  1000.00                          37352  1000.00    43325  1000.00

04629  1000.00                       14364  1000.00      19655  1000.00  25037  1000.00                          37365  1000.00    43442  1000.00  48383  1000.00

04708  1000.00                       14444  1000.00      19822  2000.00  25069  1000.00      C$50,000.00         37377  1000.00    43493  1000.00  48411  1000.00

04776  2000.00  VENDIDO POR EL       14451  1000.00      19884  1000.00  25260  1000.00                          37398  1000.00    43519  1000.00  48428  1000.00

04873  2000.00  CONCESIONARIO C-415  14522  1000.00      19922  1000.00  25328  2000.00      MANAGUA             37475  1000.00                    48585  1000.00
                                                         20     MIL                                                                43715  2000.00
04972  1000.00         DANIEL        14692  1000.00                      25372  1000.00                          37522  1000.00                    48600  1000.00
05     MIL                                                                                                                         43815  1000.00
                URRUTIA CASTILLO     14695  1000.00      20042  1000.00  25496  1000.00                          37550  1000.00                    48644  1000.00

05009  1000.00  CHINANDEGA           14813  1000.00      20059  1000.00  25841  1000.00      30924  1000.00      37588  1000.00    43850  1000.00  48645  1000.00

05025  1000.00                       14860  1000.00      20279  1000.00  25845  1000.00      30974  1000.00      37650  1000.00    43863  1000.00  48666  1000.00
                                                                         26     MIL          31     MIL
05045  1000.00                       14998  1000.00      20380  1000.00                                          37746  1000.00    QUINTO PREMIO   48778  1000.00
                                     15     MIL
05193  1000.00  09154  2000.00                           20405  1000.00  26030  1000.00      31066  1000.00      37890  1000.00    43884           48836  2000.00
                                                                                                                 38     MIL
05207  1000.00  09155  1000.00       15153  1000.00      20428  1000.00  26076  1000.00      31262  1000.00                                        48866  1000.00

05313  1000.00  09156  1000.00       15184  1000.00      20449  1000.00  26078  1000.00      31467  1000.00      38000  1000.00                    48938  1000.00

05359  1000.00  09159  1000.00       15240  1000.00      20562  1000.00  26335  1000.00      31512  1000.00      38068  1000.00    C$20,000.00     49     MIL

05535  1000.00  09196  1000.00       15260  1000.00      20664  1000.00  26606  1000.00      31525  1000.00      38227  1000.00                    49222  1000.00

05705  1000.00  09198  1000.00       15303  1000.00      20702  1000.00  26611  1000.00      31585CUARTO PREMIO  38272  1000.00    MASAYA          49279  1000.00

05735  1000.00  09337  1000.00       15356  1000.00      20704  1000.00  26623  1000.00                          38353  1000.00                    49329  1000.00

05842  1000.00  09542  1000.00       15471  1000.00      20775  2000.00  26630  1000.00                          38379  1000.00    44     MIL      49382  1000.00

05856  1000.00  09574  1000.00       15500  1000.00      20979  1000.00  26738  1000.00                          38389  1000.00    44044  1000.00
                                                         21     MIL                                                                                49461  1000.00
05952  1000.00  09600  1000.00       15538  1000.00                      26764  1000.00                          38409  1000.00    44070  1000.00
                                                                                             C$25,000.00
05975  1000.00  09708  1000.00       15566  15,000.00    21181  1000.00  26792  1000.00                          38427  1000.00    44148  1000.00  49705  1000.00
06     MIL                                                               27     MIL
                09712  1000.00       15584  1000.00      21222  2000.00                      MANAGUA             38457  1000.00    44181  1000.00  49746  1000.00

06026  1000.00  09721  1000.00       15615  1000.00      21336  1000.00  27073  1000.00                          38484  1000.00    44268  1000.00  49845  1000.00

06029  1000.00  09933  1000.00       15633  1000.00      21616  1000.00  27090  2000.00      31596  1000.00      38635  1000.00    44311  1000.00  49938  1000.00
                10     MIL
06084  1000.00                       15656  2000.00      21670  2000.00  27287  1000.00      31681  1000.00      38644  1000.00    44323  1000.00  49943  2000.00

06153  1000.00  10089  1000.00       15704  1000.00      21709  1000.00  27290  1000.00      31731  1000.00      38853  1000.00    44440  1000.00  49967  1000.00

06215  1000.00  10366  1000.00       15844  1000.00      21779  1000.00  27442  1000.00      31775  1000.00      38983  1000.00    44478  3000.00  50     MIL
                                                                                                                 39     MIL
06237  1000.00  10424  1000.00       15910  1000.00      21847  1000.00  27668  1000.00      31807  1000.00                        44636  1000.00  50025  1000.00
                                     16     MIL
06240  1000.00  10502  1000.00                           21857  1000.00  27760  1000.00      31839  1000.00      39199  1000.00    44639  1000.00  50126  1000.00
                                                                                             32     MIL
06259  1000.00  10613  1000.00       16004  1000.00      21861  1000.00  27809  2000.00                          39496  1000.00    44815  1000.00  50131  2000.00

06275  1000.00  10652  1000.00       16114  1000.00      21885  1000.00  27921  1000.00      32137  1000.00      39612  1000.00    44824  1000.00  50166  2000.00

06348  1000.00  10788  1000.00       16162  1000.00      21949  2000.00  27933  1000.00      32337  1000.00      39926  1000.00                    50306  1000.00
                                                                         28     MIL                                                44931  1000.00
06427  3000.00  10869  1000.00       16183  1000.00      21955  1000.00                      32356  1000.00      39940  1000.00                    50333  1000.00
                11     MIL                                                                                       40     MIL        44954  2000.00
06448  1000.00                       16184  1000.00      21996  1000.00  28028  1000.00      32412  1000.00                                        50497  1000.00
                                                         22     MIL                                                                44983  1000.00
06506  1000.00  11056  2000.00       16230  1000.00                      28077  1000.00      32424  1000.00      40372  1000.00    45     MIL
                                                                                                                                                   50626  1000.00
06546  1000.00  11106  1000.00       16300  1000.00      22063  1000.00  28198  1000.00      32434  1000.00      40510  1000.00
                                                                                                                                   45045  1000.00  50667  1000.00
06550  1000.00  11164  1000.00       16331  1000.00      22501  1000.00  28247  1000.00      32499  1000.00      40516  1000.00
                                                                                                                                   45101  1000.00  50715  1000.00
06554  1000.00  11252  1000.00       16424  1000.00      22534  1000.00  28326  1000.00      32639  1000.00      40556  1000.00

NOTA: LOS BILLETES TERMINADOS EN 9153 GANAN C$4,800.00, LOS TERMINADOS EN 153 GANAN C$2,400.00, LOS TERMINADOS EN 53 GANAN

C$1,200.00, LOS TERMINADOS EN 3 GANAN C$600.00. TODOS LOS NUMEROS DE LA PRESENTE LISTA Y QUE A LA VEZ TENGAN TERMINACIONES

DEL PREMIO MAYOR TIENEN DERECHO AL PREMIO Y A LA TERMINACION. SE EXCEPTUA AL PREMIO MAYOR EN TODAS LAS TERMINACIONES.

       ESTA LISTA ES GRATIS · VISITE WWW.LOTERIANACIONAL.COM.NI
