                                                       SORTEO ORDINARIO Nº 1536

                                                                                                                                          MANAGUA

                                                       3,500,000Córdobas                                                                  09 DE NOVIEMBRE

                                                                                                                                                   2010

                                                                                                                                          CADUCIDAD

                                                                                                                                          17 DE FEBRERO

                                                                                                                                                   2011

                                                                                                                                          LISTA OFICIAL

01     MIL      07     MIL        C$ 3,500,000.00111.0016772  1000.00  23151  1000.00      28417  1000.00      34522  1000.00      39876  1000.00  44842  1000.00
                                                                                                                                   40     MIL
01002  1000.00  07016  1000.00    11             1.00  16811  1000.00  23250  1000.00      28421  1000.00      34774  1000.00                      44873  1000.00
                                                                                                                                   40046  1000.00  44987  1000.00
01045  1000.00  07263  1000.00    11             1.00  16818  1000.00  23278  1000.00      28441  1000.00      34847  1000.00      40051  1000.00  45     MIL

01051  1000.00  07285  1000.00    PREMIO               16837  1000.00  23478  1000.00      28485  1000.00      34904  1000.00
                                                                                                               35     MIL          40137  1000.00  45215  1000.00
01100  1000.00  07326  2000.00                         16848  1000.00  23520  2000.00      28589  1000.00
                                                                                                                                   40209  1000.00
01220  1000.00  07387  1000.00    MAYOR                16873  2000.00  23655  1000.00      28663  1000.00      35050  1000.00      40216  1000.00  45453TERCER PREMIO
                07416  1000.00
01224  1000.00                                         16908  1000.00  23707  1000.00      28705  1000.00      35107  1000.00
                07423  1000.00                         17     MIL                                                                  40246  1000.00
01529  1000.00                        VENDIDO POR EL                   23732  1000.00      28770  1000.00      35119  1000.00

01552  1000.00  07538  2000.00    CONCESIONARIO I-021  17015  1000.00  23822  1000.00      28817  1000.00      35146  1000.00      40416  1000.00

01648  1000.00  07578  1000.00        PEDRO PABLO      17092  1000.00  23915  1000.00      28841  1000.00      35235  1000.00      40457  1000.00

01650  1000.00  07725  1000.00        RODRIGUEZ        17145  1000.00  23938  1000.00      29     MIL          35256  2000.00      40596  1000.00
                                      OCOTAL
01693  1000.00  07739  1000.00                         17146  1000.00  23986  1000.00      29025  2000.00      35334  1000.00      40631  1000.00  C$50,000.00
                                                                                                                                   40639  1000.00
01957  1000.00  07765  1000.00                         17206  1000.00  23988  1000.00      29033  1000.00      35360  1000.00
02     MIL      07853  1000.00                                         24     MIL                                                  40902  1000.00
                                  11270   2000.00      17285  1000.00                      29284  1000.00      35377  1000.00                      CHINANDEGA
                07960  1000.00                                                                                                     40907  1000.00
02026  1000.00  08     MIL        11271   1000.00      17320  1000.00  24231  1000.00      29302  1000.00      SEGUNDO             40985  1000.00

02050  1000.00  08026  1000.00    11272   1000.00      17365  1000.00  24352  1000.00      29340  1000.00      35406PREMIO         41     MIL      45466  1000.00

02182  1000.00  08071  1000.00    11343   1000.00      17405  1000.00  24424  1000.00      29348  1000.00                          41223  1000.00  45518  1000.00

02222  1000.00  08086  1000.00    11459   1000.00      17485  1000.00  24477  1000.00      29392  1000.00                          41266  1000.00  45541  2000.00

02265  1000.00  08156  1000.00    11514   1000.00      17566  1000.00  24516  1000.00      29456  2000.00                          41371  1000.00  45681  1000.00

02307  1000.00  08212  1000.00    11519   1000.00      17579  1000.00  24599  1000.00      29497  1000.00                          41376  1000.00  45697  1000.00

02338  1000.00                    11556   1000.00      17793  1000.00  24671  1000.00      29517  1000.00
                08218  1000.00                         18     MIL                                                                  41442  1000.00  45706  1000.00
02688  1000.00                    11626   1000.00                      24924  1000.00      29566  1000.00                          41546  1000.00  45781  1000.00
                08230  1000.00
02702  1000.00  08250  2000.00    11734   1000.00      18010  1000.00  24971  2000.00      29606  1000.00                          41618  2000.00  46     MIL

02882  2000.00                    11902   1000.00      18072  1000.00  24995  1000.00      29625  1000.00                          41723  2000.00  46054  1000.00
                08345  1000.00                                         25     MIL
02915  2000.00                    11991   1000.00      18277  1000.00                      29741  1000.00                          41743  1000.00  46144  1000.00
03     MIL      08468  1000.00        12  MIL
                                                       18302  1000.00  25012  1000.00      29889  1000.00      C$300,000.00        41754  1000.00  46147  1000.00
                08522  1000.00
03051  1000.00  08523  1000.00    12077   1000.00      18391  1000.00  25168  1000.00      29965  1000.00                          41773  1000.00  46308  1000.00

03166  1000.00  08529  1000.00    12148   2000.00      18475  1000.00  25186  3000.00      29976  1000.00      LEON                41788  1000.00  46347  1000.00
                                                                                           30     MIL
03177  2000.00  08556  1000.00    12290   1000.00      18612  1000.00  25222  1000.00                                              41831  1000.00  46350  3000.00

03252  1000.00  08592  1000.00    12308   1000.00      18680  1000.00  25397  1000.00      30145  1000.00                          41839  1000.00  46405  1000.00

03321  1000.00  08637  1000.00    12445   1000.00      18706  1000.00  25425  1000.00      30242  2000.00      35409CUARTO PREMIO  41923  1000.00  46416  1000.00

03435  1000.00  08766  1000.00    12470   1000.00      18919  1000.00  25592  1000.00      30280  1000.00                          42     MIL      46548  1000.00

03457  1000.00  08970  1000.00    12503   1000.00      18929  1000.00  25668  1000.00      30332  1000.00                          42013  1000.00  46672  1000.00

03555  1000.00  08996  1000.00    12714   1000.00      18937  1000.00  25677TERCER PREMIO  30536  10,000.00                        42021  1000.00  46701  1000.00

03664  1000.00  09     MIL        12774   1000.00      18955  1000.00                      30743  1000.00                          42044  1000.00  46806  1000.00

03784  1000.00  09005  1000.00    12801   1000.00      18976  1000.00                      30773  1000.00      C$25,000.00         42103  1000.00  46870  1000.00

03822  1000.00  09032  1000.00    12853   1000.00      18988  1000.00                      30784  1000.00             LEON         42110  1000.00  46966  1000.00
                                      13  MIL
03872  1000.00  09038  1000.00                         18998  1000.00                      30826  2000.00                          42119  1000.00  47     MIL
                                                       19     MIL                          31     MIL
03940  1000.00  09057  1000.00    13111   1000.00                                                              35535  1000.00      42262  2000.00  47027  1000.00
04     MIL                                                                                 31118  1000.00
                09070  1000.00    13206   1000.00      19003  1000.00                                          35561  1000.00      42319  1000.00  47081  1000.00
                                                                                           31299  1000.00
04042  1000.00  09151  1000.00    13452   1000.00      19085  1000.00  C$50,000.00                             35599  1000.00      42349  1000.00  47368  1000.00
                                                                                           31340  1000.00
04069  1000.00  09277  15,000.00  13458   2000.00      19278  1000.00                                          35671  1000.00      42390  1000.00  47478  1000.00

04083  1000.00  09354  2000.00    13522   1000.00      19297  1000.00  MATAGALPA           31487CUARTO PREMIO  35677  1000.00      42466  1000.00  47478  1000.00

04121  1000.00  09515  1000.00    13545   1000.00      19376  1000.00                                          35809  1000.00      42557  1000.00  47497  1000.00

04356  1000.00  09517  1000.00    13563   1000.00      19441  1000.00  25693  1000.00                          35867  1000.00      42636  1000.00  47527  1000.00

04363  1000.00  09638  1000.00    13564   1000.00      19522  1000.00                                          35892  1000.00      42914  1000.00  47530  1000.00
                                                                       25786  1000.00                          36     MIL
04438  1000.00  09722  1000.00    13586   1000.00      19627  1000.00                      C$25,000.00                             42941  1000.00  47552  1000.00
                                                                       25801  1000.00
04645  1000.00  09827  1000.00    13653   2000.00      19709  1000.00                      JUIGALPA            36336  1000.00      43     MIL      47657  1000.00
                                                                       25816  1000.00
04679  1000.00  09830  1000.00    13786   1000.00      19762  1000.00                                          36358  1000.00      43034  1000.00  47677  1000.00
                                      14  MIL                          25878  1000.00      31505  1000.00
04712  1000.00  09920  2000.00                         19798  1000.00                                          36514  1000.00      43061  1000.00  47703  1000.00
                                                                       25931  1000.00      31552  1000.00      36572
04771  1000.00  10     MIL        14038   1000.00      19811  1000.00  26     MIL                                     1000.00      43141  1000.00  47755  1000.00
                                                       20     MIL                          31672  3000.00      36608  1000.00
04950  1000.00  10108  1000.00    14167   1000.00                                                              37     MIL          43174  1000.00  47798  1000.00
05     MIL                                                             26031  1000.00      31688  1000.00
                10192  1000.00    14206   1000.00      20000  1000.00                                                              43195  2000.00  47877  1000.00
05003  1000.00                                                         26061  1000.00      31745  1000.00      37165  1000.00
                10251  1000.00    14223   1000.00      20095  1000.00                                                              43241  1000.00  47980  10,000.00
05017  1000.00                                                         26216  1000.00      31917  1000.00      37307  1000.00                      48     MIL
                10282  1000.00    14267   1000.00      20139  3000.00                                          37328               43295  1000.00
05472  1000.00                                                         26232  2000.00      31928  1000.00             1000.00                      48056
                10298  1000.00    14368   1000.00      20427  1000.00                      32     MIL          37410  1000.00      43298  1000.00         1000.00
05501  1000.00                                                         26274  1000.00                                                              48233  1000.00
                10460  1000.00    14684   1000.00      20601  1000.00                                          37448  1000.00      43317  1000.00
05715  1000.00                                                         26279  1000.00      32075  1000.00                                          48307  1000.00
                10467  1000.00    14716   1000.00      20622  2000.00                                          37554  1000.00      43386  1000.00
05890  1000.00                                                         26300  1000.00      32107  1000.00                                          48462  1000.00
                10471  1000.00    14731   1000.00      20675  1000.00                                          37680  1000.00      43415  1000.00
05910  1000.00                                                         26363  1000.00      32225  1000.00                                          48670  1000.00
                10520  1000.00    14746   1000.00      20949  1000.00                                          37727  1000.00      43471  1000.00
05951  1000.00                                         21     MIL      26381  1000.00      32228  1000.00                                          48851  1000.00
                10595  1000.00    14748   1000.00                                                              37780  1000.00      43550  1000.00
05957  1000.00                                                         26449  1000.00      32461  1000.00                                          48931  1000.00
06     MIL      10602  1000.00    14811   1000.00      21178  1000.00                                          37798  1000.00      43591  1000.00  49     MIL
                                      15  MIL                          26661  1000.00      32569  1000.00
06019  1000.00  10607  1000.00                         21281  1000.00                                          37827  1000.00      43634  1000.00  49021  1000.00
                                                                       26737  1000.00      32633  1000.00
06071  1000.00  10647  1000.00    15042   1000.00      21315  1000.00                                          37843  1000.00      43728  1000.00  49023  1000.00
                                                                       26881  1000.00      32686  1000.00
06143  1000.00  10674  1000.00    15129   1000.00      21342  1000.00                                          37882  1000.00      43749  2000.00  49471  1000.00
                                                                       26949  1000.00      32710  1000.00
06145  1000.00  10713  1000.00    15264   1000.00      21358  1000.00  27     MIL                              37992  1000.00      43816  1000.00  49482  1000.00
                                                                                           32953  1000.00
06361  1000.00  10746  1000.00    15282   3000.00      21408  1000.00                      33     MIL          38     MIL          43864  1000.00  49486  1000.00
                                                                       27012  1000.00
06391  1000.00  10794  1000.00    15354   1000.00      21414  1000.00                                          38045  1000.00      43907  1000.00  49545  1000.00
                11     MIL                                             27232  1000.00      33111  1000.00
06415  1000.00                    15380   1000.00      21564  1000.00                                          38086  1000.00      43912  1000.00  49592  1000.00
                                                                       27313  1000.00      33264  2000.00
06431  1000.00  11006  1000.00    15383   2000.00      21565  1000.00                                          38158  1000.00      43932  1000.00  49822  1000.00
                                                                       27326  1000.00      33289  1000.00
06503  1000.00  11088  2000.00    15414   1000.00      21622  1000.00                                          38207  1000.00      43968  1000.00  50     MIL
                                                                       27331  1000.00      33315  1000.00
06587  1000.00  11213  1000.00    15417   1000.00      21706  1000.00                                          38346  1000.00      43989  1000.00  50025  2000.00
                                                                       27401  1000.00      33322  1000.00                          44     MIL
                11266  1000.00    15454   1000.00      21763  1000.00                                          38553  1000.00                      50232  1000.00
                                                                       27463  1000.00      33341  1000.00
QUINTO PREMIO   11267  1000.00    15474   1000.00      21779  1000.00                                          38868  1000.00      44430  1000.00  50244  1000.00

06633           11268  2000.00    15573   1000.00      21821  1000.00  27709  1000.00      33557  1000.00      38881  1000.00      44432  1000.00  50272  1000.00

                PREMIO            15605   1000.00      21959  1000.00  27719  1000.00      33622  1000.00      38890  1000.00      44441  1000.00  50283  1000.00
                                                       22     MIL
                11269MAYOR        15826   2000.00                      27737  1000.00      33649  1000.00      38940  1000.00      44442  1000.00  50309  1000.00
C$20,000.00
                                  15980   1000.00      22230  1000.00  27855  1000.00      33758  1000.00      38972  1000.00      44444  1000.00  50319  1000.00

BLUEFIELDS                        15989   1000.00      22308  1000.00  27876  1000.00      33761  1000.00      39     MIL          44551  1000.00  50371  1000.00
                                      16  MIL
                                                       22731  1000.00  27963  1000.00      33767  1000.00      39042  1000.00      44557  1000.00  50403  1000.00
                                                                       28     MIL
                                  16096   1000.00      22734  2000.00                      33944  1000.00      39206  1000.00      44611  1000.00  50425  2000.00
06810  1000.00                                                                             34     MIL
                                  16138   1000.00      22766  1000.00  28015  1000.00                          39282  1000.00      44617  1000.00  50452  1000.00
06861  1000.00                                                                             34279  1000.00
                                  16253   1000.00      22871  1000.00  28033  1000.00                          39292  3000.00      44652  1000.00  50647  1000.00
06876  1000.00                                         23     MIL                          34297  1000.00
                                  16615   1000.00                      28146  1000.00                          39393  1000.00      44743  1000.00  50650  1000.00
06914  1000.00                                                                             34342  1000.00
                                  16717   1000.00      23038  1000.00  28174  1000.00                          39478  1000.00      44811  1000.00  50724  1000.00
06976  1000.00
                                  16759   1000.00      23057  1000.00  28216  1000.00      34383  1000.00      39522  1000.00      44828  1000.00  50794  2000.00
06988  1000.00
                                  16761   1000.00      23085  1000.00  28219  3000.00      34393  1000.00      39654  1000.00      44834  1000.00  50971  1000.00

NOTA: LOS BILLETES TERMINADOS EN 1269 GANAN C$4,800.00, LOS TERMINADOS EN 269 GANAN C$2,400.00, LOS TERMINADOS EN 69 GANAN

C$1,200.00, LOS TERMINADOS EN 9 GANAN C$600.00. TODOS LOS NUMEROS DE LA PRESENTE LISTA Y QUE A LA VEZ TENGAN TERMINACIONES

DEL PREMIO MAYOR TIENEN DERECHO AL PREMIO Y A LA TERMINACION. SE EXCEPTUA AL PREMIO MAYOR EN TODAS LAS TERMINACIONES.

       ESTA LISTA ES GRATIS · VISITE WWW.LOTERIANACIONAL.COM.NI
