Sorteo|CntNumerosXSorteo|CntPrefijosXSorteo|MontoXSorteo|FechaSorteo|PrecioBillete|DiasTransSorteo|CntPremiosOrdinarios|CntPremioMayor|CntPremioSegundo|CntPremioTercero|CntPremioCuarto|CntPremioQuinto|CntPremioSexto|ConsistenciaMontos|MontoPremiosOrdinarios|MontoPremioMayor|MontoPremioSegundo|MontoPremioTercero|MontoPremioCuarto|MontoPremioQuinto|MontoPremioSexto
1356|545|50|4486400|20061226|300|4055.33|538|1|2|1|2|1|0|>>>>>|486400|3400000|400000|100000|80000|20000|0
1357|542|50|1084800|20070102|300|4048.33|536|1|2|1|1|1|0|<>>>>|484800|40000|400000|100000|40000|20000|0
1358|547|50|4488000|20070109|300|4041.33|540|1|2|1|2|1|0|>>>>>|488000|3400000|400000|100000|80000|20000|0
1360|545|50|7847200|20070123|300|4027.33|539|1|2|1|1|1|0|>>>>>|487200|6800000|400000|100000|40000|20000|0
1361|544|50|1086400|20070130|300|4020.33|538|1|2|1|1|1|0|<>>>>|486400|40000|400000|100000|40000|20000|0
1362|546|50|1088000|20070206|300|4013.33|540|0|2|1|2|1|0|<>>>>|488000|0|400000|100000|80000|20000|0
1363|543|50|4484800|20070213|300|4006.33|536|1|2|1|2|1|0|>>>>>|484800|3400000|400000|100000|80000|20000|0
1364|546|50|4487200|20070220|300|3999.33|539|1|2|1|2|1|0|>>>>>|487200|3400000|400000|100000|80000|20000|0
1438|780|50|4483500|20080812|300|3460.33|773|1|2|1|2|1|0|>>>>>|743500|3400000|240000|50000|40000|10000|0
1439|656|45|5783500|20080819|400|3453.33|649|1|2|1|2|1|0|>>>>>|698500|4400000|440000|120000|100000|25000|0
1440|783|50|4486200|20080826|300|3446.33|776|1|2|1|2|1|0|>>>>>|746200|3400000|240000|50000|40000|10000|0
1441|783|50|6186200|20080902|300|3439.33|776|1|2|1|2|1|0|>>>>>|746200|5100000|240000|50000|40000|10000|0
1443|654|50|6050100|20080930|400|3411.33|647|1|2|1|2|1|0|>>>>>|575100|5000000|250000|100000|100000|25000|0
1447|655|50|8550950|20081125|400|3355.33|648|1|0|1|4|1|0|><>>>|575950|7500000|0|100000|350000|25000|0
1451|656|50|6051800|20090120|400|3299.33|649|1|2|1|2|1|0|>>>>>|576800|5000000|250000|100000|100000|25000|0
1452|656|50|6051800|20090217|400|3271.33|649|1|2|1|2|1|0|>>>>>|576800|5000000|250000|100000|100000|25000|0
1453|655|50|6050950|20090303|400|3257.33|648|1|2|1|2|1|0|>>>>>|575950|5000000|250000|100000|100000|25000|0
1454|653|45|4433800|20090310|300|3250.33|646|1|1|2|2|1|0|>>>>>|528800|3500000|250000|100000|40000|15000|0
1455|654|45|4433100|20090317|300|3243.33|647|1|1|2|2|1|0|>>>>>|528100|3500000|250000|100000|40000|15000|0
1456|653|50|4688000|20090324|300|3236.33|646|1|1|2|2|1|0|>>>>>|718000|3500000|300000|100000|50000|20000|0
1457|651|50|6047550|20090331|400|3229.33|644|1|2|1|2|1|0|>>>>>|572550|5000000|250000|100000|100000|25000|0
1458|653|50|6049250|20090414|400|3215.33|646|1|2|1|2|1|0|>>>>>|574250|5000000|250000|100000|100000|25000|0
1459|655|50|4689000|20090421|300|3208.33|648|1|1|2|2|1|0|>>>>>|719000|3500000|300000|100000|50000|20000|0
1460|653|50|6436000|20090428|300|3201.33|646|1|1|2|2|1|0|>>>>>|716000|5250000|300000|100000|50000|20000|0
1461|655|50|4701000|20090505|300|3194.33|648|1|1|2|2|1|0|>>>>>|731000|3500000|300000|100000|50000|20000|0
1462|651|50|4697000|20090512|300|3187.33|644|1|1|2|2|1|0|>>>>>|727000|3500000|300000|100000|50000|20000|0
1463|653|50|4699000|20090519|300|3180.33|646|1|1|2|3|0|0|>>>><|729000|3500000|300000|100000|70000|0|0
1464|656|50|13853600|20090530|800|3169.33|649|1|2|1|2|1|0|>>>>>|1153600|11750000|500000|200000|200000|50000|0
1465|652|50|12798400|20090609|400|3159.33|645|1|2|1|2|1|0|>>>>>|573400|11750000|250000|100000|100000|25000|0
1466|653|50|4699000|20090616|300|3152.33|646|1|1|2|2|1|0|>>>>>|729000|3500000|300000|100000|50000|20000|0
1467|653|50|4699000|20090623|300|3145.33|646|1|1|2|2|1|0|>>>>>|729000|3500000|300000|100000|50000|20000|0
1468|655|50|4694000|20090630|300|3138.33|648|1|1|2|2|1|0|>>>>>|724000|3500000|300000|100000|50000|20000|0
1469|657|50|6439000|20090707|300|3131.33|650|1|1|2|2|1|0|>>>>>|719000|5250000|300000|100000|50000|20000|0
1470|657|50|8191000|20090714|300|3124.33|650|1|1|2|2|1|0|>>>>>|721000|7000000|300000|100000|50000|20000|0
1471|656|50|6051800|20090721|400|3117.33|649|1|2|1|2|1|0|>>>>>|576800|5000000|250000|100000|100000|25000|0
1472|650|50|4696000|20090728|300|3110.33|643|1|1|2|2|1|0|>>>>>|726000|3500000|300000|100000|50000|20000|0
1474|656|50|4690000|20090811|300|3096.33|649|1|1|2|2|1|0|>>>>>|720000|3500000|300000|100000|50000|20000|0
1476|649|50|7185000|20090825|300|3082.33|642|1|1|2|2|1|0|>>>>>|715000|6000000|300000|100000|50000|20000|0
1477|651|50|4684000|20090901|300|3075.33|644|1|1|2|2|1|0|>>>>>|714000|3500000|300000|100000|50000|20000|0
1478|657|50|6440000|20090908|300|3068.33|650|1|1|2|2|1|0|>>>>>|720000|5250000|300000|100000|50000|20000|0
1479|650|50|6046700|20090916|400|3060.33|643|1|2|1|2|1|0|>>>>>|571700|5000000|250000|100000|100000|25000|0
1480|652|50|4698000|20090922|300|3054.33|645|1|1|2|2|1|0|>>>>>|728000|3500000|300000|100000|50000|20000|0
1481|654|50|4700000|20090929|300|3047.33|647|1|1|2|2|1|0|>>>>>|730000|3500000|300000|100000|50000|20000|0
1482|656|50|6452000|20091006|300|3040.33|649|1|1|2|2|1|0|>>>>>|732000|5250000|300000|100000|50000|20000|0
1483|656|50|8202000|20091013|300|3033.33|649|1|1|2|2|1|0|>>>>>|732000|7000000|300000|100000|50000|20000|0
1484|657|50|6052650|20091020|400|3026.33|650|1|2|1|2|1|0|>>>>>|577650|5000000|250000|100000|100000|25000|0
1485|658|50|4704000|20091027|300|3019.33|651|1|1|2|2|1|0|>>>>>|734000|3500000|300000|100000|50000|20000|0
1486|655|50|4694000|20091103|300|3012.33|648|1|1|2|2|1|0|>>>>>|724000|3500000|300000|100000|50000|20000|0
1487|652|50|4698000|20091110|300|3005.33|645|1|2|1|2|1|0|>>><>|728000|3500000|325000|50000|45000|50000|0
1488|656|50|6051800|20091117|400|2998.33|649|1|2|1|2|1|0|>>>>>|576800|5000000|250000|100000|100000|25000|0
1489|649|50|7181000|20091124|300|2991.33|642|1|1|2|2|1|0|>>>>>|711000|6000000|300000|100000|50000|20000|0
1490|649|50|4695000|20091201|300|2984.33|642|2|0|2|2|1|0|><>>>|725000|3800000|0|100000|50000|20000|0
1492|458|50|23267000|20091223|1400|2962.33|450|1|2|1|2|1|1|>>>>>|797000|20000000|2000000|200000|200000|50000|20000
1493|457|50|7831500|20091229|500|2956.33|449|1|2|1|2|1|1|>>>>>|791500|6000000|600000|150000|200000|60000|30000
1494|655|50|4690000|20100105|300|2949.33|648|1|0|2|2|2|0|><><>|720000|3500000|0|350000|50000|70000|0
1495|654|50|4690000|20100112|300|2942.33|647|1|1|2|2|1|0|>>>>>|720000|3500000|300000|100000|50000|20000|0
1496|653|50|6049250|20100119|400|2935.33|646|1|1|1|3|1|0|><<>>|574250|5000000|50000|100000|300000|25000|0
1497|651|50|4684000|20100126|300|2928.33|644|1|1|2|2|1|0|>>>>>|714000|3500000|300000|100000|50000|20000|0
1498|657|50|4692000|20100202|300|2921.33|650|1|1|2|2|1|0|>>>>>|722000|3500000|300000|100000|50000|20000|0
1499|654|50|4685000|20100209|300|2914.33|647|1|1|2|2|1|0|>>>>>|715000|3500000|300000|100000|50000|20000|0
1500|655|50|6420400|20100216|400|2907.33|648|1|1|2|2|1|0|>>>>>|850400|5000000|400000|100000|50000|20000|0
1501|657|50|4685000|20100223|300|2900.33|650|1|1|2|2|1|0|>>>>>|715000|3500000|300000|100000|50000|20000|0
1502|655|50|4691000|20100302|300|2893.33|648|1|1|2|2|1|0|>>>>>|721000|3500000|300000|100000|50000|20000|0
1503|653|50|4685000|20100309|300|2886.33|646|1|1|2|2|1|0|>>>>>|715000|3500000|300000|100000|50000|20000|0
1504|651|50|6415600|20100316|400|2879.33|644|1|1|2|2|1|0|>>>>>|845600|5000000|400000|100000|50000|20000|0
1505|656|50|4685000|20100323|300|2872.33|649|1|1|2|2|1|0|>>>>>|715000|3500000|300000|100000|50000|20000|0
1506|652|50|6402200|20100406|400|2858.33|645|1|1|2|2|1|0|>>>>>|832200|5000000|400000|100000|50000|20000|0
1507|657|50|4683000|20100413|300|2851.33|650|1|1|2|2|1|0|>>>>>|713000|3500000|300000|100000|50000|20000|0
1508|654|50|6438000|20100420|300|2844.33|647|1|1|2|2|1|0|>>>>>|718000|5250000|300000|100000|50000|20000|0
1509|657|50|4691000|20100427|300|2837.33|650|1|1|2|2|1|0|>>>>>|721000|3500000|300000|100000|50000|20000|0
1510|655|50|4682000|20100504|300|2830.33|648|1|1|2|2|1|0|>>>>>|712000|3500000|300000|100000|50000|20000|0
1511|652|50|4681000|20100511|300|2823.33|645|1|1|2|2|1|0|>>>>>|711000|3500000|300000|100000|50000|20000|0
1512|656|50|8156800|20100518|400|2816.33|649|1|1|2|2|1|0|>>>>>|836800|6750000|400000|100000|50000|20000|0
1514|654|50|4659000|20100608|300|2795.33|647|1|1|2|2|1|0|>>>>>|714000|3500000|300000|75000|50000|20000|0
1515|653|50|4678000|20100615|300|2788.33|646|1|1|2|2|1|0|>>>>>|708000|3500000|300000|100000|50000|20000|0
1516|655|50|6406400|20100622|400|2781.33|648|1|1|2|2|1|0|>>>>>|836400|5000000|400000|100000|50000|20000|0
1517|652|50|4683000|20100629|300|2774.33|645|1|1|2|2|1|0|>>>>>|713000|3500000|300000|100000|50000|20000|0
1518|656|50|4681000|20100706|300|2767.33|649|1|1|2|2|1|0|>>>>>|711000|3500000|300000|100000|50000|20000|0
1520|652|50|6407000|20100721|400|2752.33|645|1|1|2|2|1|0|>>>>>|837000|5000000|400000|100000|50000|20000|0
1521|655|50|4701000|20100727|300|2746.33|648|1|1|2|2|1|0|>>>>>|731000|3500000|300000|100000|50000|20000|0
1523|653|50|4699000|20100811|300|2731.33|646|1|1|2|3|0|0|><<><|729000|25000|20000|100000|3825000|0|0
1524|654|50|6405800|20100817|400|2725.33|647|1|1|2|2|1|0|>>>>>|835800|5000000|400000|100000|50000|20000|0
1526|655|50|4684000|20100831|300|2711.33|648|1|1|2|2|1|0|>>>>>|714000|3500000|300000|100000|50000|20000|0
1527|656|50|4679000|20100907|300|2704.33|649|1|1|2|2|1|0|>>>>>|709000|3500000|300000|100000|50000|20000|0
1528|653|50|6403200|20100916|400|2695.33|646|1|1|2|2|1|0|>>>>>|833200|5000000|400000|100000|50000|20000|0
1529|653|50|4676000|20100922|300|2689.33|646|1|1|2|2|1|0|>>>>>|706000|3500000|300000|100000|50000|20000|0
1530|653|50|4685000|20100928|300|2683.33|646|1|1|2|2|1|0|>>>>>|715000|3500000|300000|100000|50000|20000|0
1531|654|50|4700000|20101005|300|2676.33|647|1|1|2|2|1|0|>>>>>|730000|3500000|300000|100000|50000|20000|0
1533|656|50|6409800|20101019|400|2662.33|649|1|1|2|2|1|0|>>>>>|839800|5000000|400000|100000|50000|20000|0
1534|656|50|4702000|20101026|300|2655.33|649|1|1|2|2|1|0|>>>>>|732000|3500000|300000|100000|50000|20000|0
1536|657|50|4703000|20101109|300|2641.33|650|1|1|2|2|1|0|>>>>>|733000|3500000|300000|100000|50000|20000|0
1537|654|50|6404000|20101116|400|2634.33|647|1|1|2|2|1|0|>>>>>|834000|5000000|400000|100000|50000|20000|0
1538|653|50|4699000|20101123|300|2627.33|646|1|1|2|2|1|0|>>>>>|729000|3500000|300000|100000|50000|20000|0
1539|657|50|6422800|20101130|400|2620.33|650|1|1|2|2|1|0|>>>>>|852800|5000000|400000|100000|50000|20000|0
1540|457|50|9591000|20101209|600|2611.33|450|1|1|2|2|1|0|>>><>|776000|8000000|600000|120000|60000|35000|0
1541|456|50|23263600|20101223|1400|2597.33|449|1|2|1|2|1|0|>>>>>|813600|20000000|2000000|200000|200000|50000|0
1544|652|50|4698000|20110111|300|2578.33|645|1|1|2|2|1|0|>>>>>|728000|3500000|300000|100000|50000|20000|0
1545|657|50|6422800|20110118|400|2571.33|650|1|1|2|2|1|0|>>>>>|852800|5000000|400000|100000|50000|20000|0
1546|655|50|4701000|20110125|300|2564.33|648|1|1|2|2|1|0|>>>>>|731000|3500000|300000|100000|50000|20000|0
1548|654|50|7200000|20110208|300|2550.33|647|1|1|2|2|1|0|>>>>>|730000|6000000|300000|100000|50000|20000|0
1549|654|50|10669200|20110215|400|2543.33|647|1|1|2|2|1|0|>>>>>|849200|9250000|400000|100000|50000|20000|0
1550|653|50|4699000|20110222|300|2536.33|646|1|1|2|2|1|0|>>>>>|729000|3500000|300000|100000|50000|20000|0
1551|652|50|6416800|20110301|400|2529.33|645|2|1|2|2|0|0|><<><|846800|5025000|20000|100000|425000|0|0
1552|653|50|4699000|20110308|300|2522.33|646|1|1|2|2|1|0|>>>>>|729000|3500000|300000|100000|50000|20000|0
1554|656|50|6421600|20110322|400|2508.33|649|1|1|2|2|1|0|>>>>>|851600|5000000|400000|100000|50000|20000|0
1555|657|50|4703000|20110329|300|2501.33|650|1|1|2|2|1|0|>>>>>|733000|3500000|300000|100000|50000|20000|0
1564|655|50|4701000|20110614|300|2424.33|648|1|1|2|2|1|0|>>>>>|731000|3500000|300000|100000|50000|20000|0
1565|655|50|6420400|20110621|300|2417.33|648|1|1|2|2|1|0|>>>>>|850400|5000000|400000|100000|50000|20000|0
1566|656|50|4702000|20110628|300|2410.33|649|1|1|2|2|1|0|>>>>>|732000|3500000|300000|100000|50000|20000|0
1567|652|50|6416800|20110705|400|2403.33|645|1|1|2|2|1|0|>>>>>|846800|5000000|400000|100000|50000|20000|0
1568|654|50|4698000|20110712|300|2396.33|647|1|1|2|2|1|0|>>>>>|728000|3500000|300000|100000|50000|20000|0
1569|652|50|6416800|20110720|400|2388.33|645|1|1|2|2|1|0|>>>>>|846800|5000000|400000|100000|50000|20000|0
1570|648|50|7194000|20110726|300|2382.33|641|1|1|2|2|1|0|>>>>>|724000|6000000|300000|100000|50000|20000|0
1571|653|50|6418000|20110802|400|2375.33|646|1|1|2|2|1|0|>>>>>|848000|5000000|400000|100000|50000|20000|0
1572|654|50|4700000|20110809|300|2368.33|647|1|1|2|2|1|0|>>>>>|730000|3500000|300000|100000|50000|20000|0
1573|649|50|6413200|20110816|400|2361.33|642|1|1|2|2|1|0|>>>>>|843200|5000000|400000|100000|50000|20000|0
1574|655|50|7201000|20110823|300|2354.33|648|1|1|2|2|1|0|>>>>>|731000|6000000|300000|100000|50000|20000|0
1575|657|50|6422800|20110830|400|2347.33|650|1|1|2|2|1|0|>>>>>|852800|5000000|400000|100000|50000|20000|0
1576|655|50|4701000|20110906|300|2340.33|648|1|1|2|2|1|0|>>>>>|731000|3500000|300000|100000|50000|20000|0
1577|656|50|6421600|20110913|400|2333.33|649|1|1|2|2|1|0|>>>>>|851600|5000000|400000|100000|50000|20000|0
1578|655|50|4701000|20110920|300|2326.33|648|1|1|2|2|1|0|>>>>>|731000|3500000|300000|100000|50000|20000|0
1580|656|50|4702000|20111004|300|2312.33|649|1|1|2|2|1|0|>>>>>|732000|3500000|300000|100000|50000|20000|0
1582|654|50|4699000|20111018|300|2298.33|647|2|1|2|1|1|0|>>>>>|729000|3525000|300000|100000|25000|20000|0
1584|654|50|4700000|20111101|300|2284.33|647|1|1|2|2|1|0|>>>>>|730000|3500000|300000|100000|50000|20000|0
1587|655|50|4683000|20111122|300|2263.33|648|1|1|2|2|1|0|>>>>>|713000|3500000|300000|100000|50000|20000|0
1588|653|50|6418000|20111129|400|2256.33|646|1|1|2|2|1|0|>>>>>|848000|5000000|400000|100000|50000|20000|0
1592|652|50|4698000|20120111|300|2213.33|645|2|1|2|1|1|0|>>>>>|728000|3525000|300000|100000|25000|20000|0
1593|654|50|8169200|20120117|400|2207.33|647|1|1|2|2|1|0|>>>>>|849200|6750000|400000|100000|50000|20000|0
1594|656|50|4702000|20120124|300|2200.33|649|1|1|2|2|1|0|>>>>>|732000|3500000|300000|100000|50000|20000|0
1595|654|50|6419200|20120131|400|2193.33|647|1|1|2|2|1|0|>>>>>|849200|5000000|400000|100000|50000|20000|0
1596|657|50|4703000|20120207|300|2186.33|650|1|1|2|2|1|0|>>>>>|733000|3500000|300000|100000|50000|20000|0
1597|456|50|7830000|20120214|500|2179.33|448|2|2|1|1|1|1|>>>>>|790000|6100000|600000|150000|100000|60000|30000
1598|654|50|9419200|20120222|400|2171.33|647|1|1|2|2|1|0|>>>>>|849200|8000000|400000|100000|50000|20000|0
1599|652|50|6416800|20120228|400|2165.33|645|1|1|2|2|1|0|>>>>>|846800|5000000|400000|100000|50000|20000|0
1600|655|50|6420400|20120306|400|2158.33|648|1|1|2|2|1|0|>>>>>|850400|5000000|400000|100000|50000|20000|0
1601|658|50|6424000|20120313|400|2151.33|651|1|1|2|2|1|0|>>>>>|854000|5000000|400000|100000|50000|20000|0
1602|653|50|6417800|20120320|400|2144.33|646|1|1|2|2|1|0|>>>>>|847800|5000000|400000|100000|50000|20000|0
1603|653|50|6418000|20120327|400|2137.33|646|1|1|2|2|1|0|>>>>>|848000|5000000|400000|100000|50000|20000|0
1604|456|50|7830000|20120410|400|2123.33|448|1|2|1|2|1|1|<><>>|790000|100000|600000|150000|6100000|60000|30000
1605|654|50|6417400|20120417|400|2116.33|647|2|0|2|2|1|0|><>>>|847400|5400000|0|100000|50000|20000|0
1606|654|50|8919200|20120424|400|2109.33|647|1|1|2|2|1|0|>>>>>|849200|7500000|400000|100000|50000|20000|0
1607|657|50|6422800|20120502|400|2101.33|650|1|1|2|2|1|0|>>>>>|852800|5000000|400000|100000|50000|20000|0
1609|656|50|6421600|20120515|400|2088.33|649|1|1|2|2|1|0|>>>>>|851600|5000000|400000|100000|50000|20000|0
1610|455|50|15045500|20120529|1000|2074.33|448|1|1|1|1|2|1|>>>>>|1185500|12000000|1000000|500000|150000|160000|50000
1611|653|50|6418000|20120605|400|2067.33|646|1|1|2|2|1|0|>>>>>|848000|5000000|400000|100000|50000|20000|0
1612|654|50|6419200|20120612|400|2060.33|647|1|1|2|2|1|0|>>>>>|849200|5000000|400000|100000|50000|20000|0
1613|654|50|6419200|20120619|400|2053.33|647|2|0|2|2|1|0|><>>>|849200|5400000|0|100000|50000|20000|0
1614|657|50|8922800|20120626|400|2046.33|650|1|2|2|2|0|0|<>>><|852800|25000|7900000|100000|45000|0|0
1615|655|50|6420400|20120703|400|2039.33|648|1|1|2|2|1|0|>>>>>|850400|5000000|400000|100000|50000|20000|0
1616|655|50|6419600|20120710|400|2032.33|648|1|1|2|2|1|0|>>>>>|849600|5000000|400000|100000|50000|20000|0
1617|651|50|6415600|20120717|400|2025.33|644|1|1|2|2|1|0|>>>>>|845600|5000000|400000|100000|50000|20000|0
1618|655|50|6420400|20120724|400|2018.33|648|1|1|2|2|1|0|>>>>>|850400|5000000|400000|100000|50000|20000|0
1619|657|50|6422800|20120731|400|2011.33|650|1|1|2|2|1|0|>>>>>|852800|5000000|400000|100000|50000|20000|0
1620|653|50|6418000|20120807|400|2004.33|646|1|1|2|2|1|0|>>>>>|848000|5000000|400000|100000|50000|20000|0
1621|655|50|6420400|20120814|400|1997.33|648|1|1|2|2|1|0|>>>>>|850400|5000000|400000|100000|50000|20000|0
1622|654|50|6419200|20120821|400|1990.33|647|1|1|2|2|1|0|>>>>>|849200|5000000|400000|100000|50000|20000|0
1623|657|50|6422800|20120828|400|1983.33|650|1|1|2|2|1|0|>>>>>|852800|5000000|400000|100000|50000|20000|0
1624|654|50|8919200|20120904|400|1976.33|647|0|2|2|2|1|0|<>>>>|849200|0|7900000|100000|50000|20000|0
1625|655|50|6420400|20120911|400|1969.33|648|1|1|2|2|1|0|>>>>>|850400|5000000|400000|100000|50000|20000|0
1626|455|50|7828500|20120918|500|1962.33|447|1|2|1|2|1|1|>>>>>|788500|6000000|600000|150000|200000|60000|30000
1627|655|50|9420200|20120925|400|1955.33|648|1|1|2|2|1|0|>>>>>|850200|8000000|400000|100000|50000|20000|0
1630|457|50|7831500|20121016|500|1934.33|449|2|2|1|1|1|1|>>>>>|791500|6100000|600000|150000|100000|60000|30000
1636|651|50|6415600|20121127|400|1892.33|644|1|1|2|2|1|0|>>>>>|845600|5000000|400000|100000|50000|20000|0
1637|457|50|7831500|20121204|500|1885.33|449|2|2|0|2|1|1|>><>>|791500|6100000|600000|0|250000|60000|30000
1639|456|49|29332800|20121227|1800|1862.33|448|1|2|1|2|1|1|>>>>>|1182800|25000000|2000000|500000|500000|100000|50000
1640|455|50|9588000|20130108|600|1850.33|447|1|1|2|2|1|1|>>><>|753000|8000000|600000|120000|60000|35000|20000
1641|655|50|6420400|20130115|400|1843.33|648|1|1|2|2|1|0|>>>>>|850400|5000000|400000|100000|50000|20000|0
1643|654|50|6419200|20130129|400|1829.33|647|1|1|2|2|1|0|>>>>>|849200|5000000|400000|100000|50000|20000|0
1644|655|50|6420400|20130205|400|1822.33|648|1|1|2|2|1|0|>>>>>|850400|5000000|400000|100000|50000|20000|0
1648|655|50|6420400|20130305|400|1794.33|648|2|0|2|2|1|0|><>>>|850400|5400000|0|100000|50000|20000|0
1649|653|50|8918000|20130312|400|1787.33|646|1|1|2|2|1|0|>>>>>|848000|7500000|400000|100000|50000|20000|0
1650|652|50|6416000|20130319|400|1780.33|645|1|1|2|2|1|0|>>>>>|846000|5000000|400000|100000|50000|20000|0
1652|656|50|6421600|20130409|400|1759.33|649|1|1|2|2|1|0|>>>>>|851600|5000000|400000|100000|50000|20000|0
1654|656|50|6421600|20130423|400|1745.33|649|2|0|2|2|1|0|><<>>|851600|5050000|0|70000|425000|25000|0
1655|656|50|8921600|20130430|400|1738.33|649|1|1|2|2|1|0|>>>>>|851600|7500000|400000|100000|50000|20000|0
1656|652|50|6416800|20130507|400|1731.33|645|1|1|2|2|1|0|>>>>>|846800|5000000|400000|100000|50000|20000|0
1657|657|50|6422800|20130514|400|1724.33|650|1|1|2|2|1|0|>>>>>|852800|5000000|400000|100000|50000|20000|0
1658|457|50|15050500|20130528|1000|1710.33|450|1|1|1|1|2|1|>>>>>|1190500|12000000|1000000|500000|150000|160000|50000
1659|655|50|6420400|20130604|400|1703.33|648|1|1|2|2|1|0|>>>>>|850400|5000000|400000|100000|50000|20000|0
1660|655|50|6420400|20130611|400|1696.33|648|1|1|2|2|1|0|>>>>>|850400|5000000|400000|100000|50000|20000|0
1661|455|50|7828500|20130618|500|1689.33|447|1|2|1|2|1|1|>>>>>|788500|6000000|600000|150000|200000|60000|30000
1662|655|50|6420400|20130625|400|1682.33|648|2|0|2|2|1|0|><>>>|850400|5400000|0|100000|50000|20000|0
1663|656|50|8921600|20130702|400|1675.33|649|1|1|2|2|1|0|>>>>>|851600|7500000|400000|100000|50000|20000|0
1664|656|50|6421600|20130709|400|1668.33|649|1|1|2|2|1|0|>>>>>|851600|5000000|400000|100000|50000|20000|0
1665|457|50|7831500|20130716|500|1661.33|449|1|2|1|2|1|1|>>>>>|791500|6000000|600000|150000|200000|60000|30000
1666|654|50|6419200|20130723|400|1654.33|647|2|0|2|2|1|0|><>>>|849200|5400000|0|100000|50000|20000|0
1667|656|50|8921600|20130730|400|1647.33|649|1|1|2|2|1|0|>>>>>|851600|7500000|400000|100000|50000|20000|0
1668|653|50|6417200|20130806|400|1640.33|646|1|1|2|2|1|0|>>>>>|847200|5000000|400000|100000|50000|20000|0
1669|650|50|6414600|20130813|400|1633.33|643|1|1|2|2|1|0|>>>>>|844600|5000000|400000|100000|50000|20000|0
1670|456|50|7830000|20130820|500|1626.33|448|1|2|1|2|1|1|>>>>>|790000|6000000|600000|150000|200000|60000|30000
1671|654|50|6419200|20130827|400|1619.33|647|1|1|2|2|1|0|>>>>>|849200|5000000|400000|100000|50000|20000|0
1673|651|50|6415600|20130910|400|1605.33|644|1|1|2|2|1|0|>>>>>|845600|5000000|400000|100000|50000|20000|0
1674|455|50|7828500|20130917|500|1598.33|447|1|2|1|2|1|1|>>>>>|788500|6000000|600000|150000|200000|60000|30000
1675|654|50|6419200|20130924|400|1591.33|647|1|1|2|2|1|0|>>>>>|849200|5000000|400000|100000|50000|20000|0
1677|654|50|6419200|20131008|400|1577.33|647|1|1|2|2|1|0|>>>>>|849200|5000000|400000|100000|50000|20000|0
1679|453|50|10325500|20131022|500|1563.33|445|1|2|1|2|1|1|>>>>>|785500|8500000|600000|150000|200000|60000|30000
1680|654|50|6419200|20131029|400|1556.33|647|1|1|2|2|1|0|>>>>>|849200|5000000|400000|100000|50000|20000|0
1682|653|50|6418000|20131112|400|1542.33|646|1|1|2|2|1|0|>>>>>|848000|5000000|400000|100000|50000|20000|0
1683|455|50|10328500|20131119|500|1535.33|447|1|2|1|2|1|1|>>>>>|788500|8500000|600000|150000|200000|60000|30000
1684|652|50|6416800|20131126|400|1528.33|645|1|1|2|2|1|0|>>>>>|846800|5000000|400000|100000|50000|20000|0
1685|653|50|6418000|20131203|400|1521.33|646|1|1|2|2|1|0|>>>>>|848000|5000000|400000|100000|50000|20000|0
1686|456|50|9589500|20131210|600|1514.33|448|1|1|2|1|2|1|>>>>>|754500|8000000|600000|120000|35000|60000|20000
1687|456|50|32587000|20131226|2000|1498.33|448|1|2|1|2|1|1|>>>>>|2067000|28000000|2000000|200000|240000|60000|20000
1688|456|50|15048000|20140107|1000|1486.33|449|1|1|1|1|2|1|>>>>>|1188000|12000000|1000000|500000|150000|160000|50000
1689|655|50|6420400|20140114|400|1479.33|648|1|1|2|2|1|0|>>>>>|850400|5000000|400000|100000|50000|20000|0
1690|651|50|6415600|20140121|400|1472.33|644|1|1|2|2|1|0|>>>>>|845600|5000000|400000|100000|50000|20000|0
1691|657|50|6422800|20140128|400|1465.33|650|1|1|2|2|1|0|>>>>>|852800|5000000|400000|100000|50000|20000|0
1692|654|50|6419200|20140204|400|1458.33|647|2|1|2|2|0|0|><>><|849200|5400000|25000|100000|45000|0|0
1693|653|50|6418000|20140211|400|1451.33|646|2|1|2|1|1|0|><>>>|848000|5400000|25000|100000|25000|20000|0
1694|458|50|9592500|20140218|400|1444.33|450|1|1|2|1|2|1|>>>>>|757500|8000000|600000|120000|35000|60000|20000
1695|653|50|6417200|20140225|400|1437.33|646|1|1|2|2|1|0|>>>>>|847200|5000000|400000|100000|50000|20000|0
1696|650|50|6414400|20140304|400|1430.33|643|1|1|2|2|1|0|>>>>>|844400|5000000|400000|100000|50000|20000|0
1698|456|50|9589500|20140318|600|1416.33|448|1|1|2|1|2|1|>>>>>|754500|8000000|600000|120000|35000|60000|20000
1699|651|50|6415600|20140325|400|1409.33|644|1|1|2|2|1|0|>>>>>|845600|5000000|400000|100000|50000|20000|0
1700|656|50|6421600|20140401|400|1402.33|649|1|1|2|2|1|0|>>>>>|851600|5000000|400000|100000|50000|20000|0
1703|653|50|6418000|20140429|400|1374.33|646|1|1|2|2|1|0|>>>>>|848000|5000000|400000|100000|50000|20000|0
1704|651|50|8915600|20140506|400|1367.33|644|1|1|2|2|1|0|>>>>>|845600|7500000|400000|100000|50000|20000|0
1705|653|50|6418000|20140513|400|1360.33|646|1|1|2|2|1|0|>>>>>|848000|5000000|400000|100000|50000|20000|0
1706|457|50|15050500|20140527|1000|1346.33|450|1|1|1|1|2|1|>>>>>|1190500|12000000|1000000|500000|150000|160000|50000
1707|654|50|6419200|20140603|400|1339.33|647|1|1|2|2|1|0|>>>>>|849200|5000000|400000|100000|50000|20000|0
1708|655|50|6419600|20140610|400|1332.33|648|2|1|1|2|1|0|><><>|849600|5400000|25000|50000|45000|50000|0
1709|456|50|9589500|20140617|600|1325.33|448|1|1|2|1|2|1|>>>>>|754500|8000000|600000|120000|35000|60000|20000
1710|652|50|6416800|20140624|400|1318.33|645|1|1|2|2|1|0|>>>>>|846800|5000000|400000|100000|50000|20000|0
1711|651|50|6415600|20140701|400|1311.33|644|1|1|2|2|1|0|>>>>>|845600|5000000|400000|100000|50000|20000|0
1712|652|50|6416800|20140708|400|1304.33|645|2|1|1|2|1|0|><><>|846800|5400000|25000|50000|45000|50000|0
1713|653|50|6418000|20140715|400|1297.33|646|1|1|2|2|1|0|>>>>>|848000|5000000|400000|100000|50000|20000|0
1714|457|50|9591000|20140722|600|1290.33|449|1|1|2|1|2|1|>>>>>|756000|8000000|600000|120000|35000|60000|20000
1715|654|50|6419200|20140729|400|1283.33|647|1|1|2|2|1|0|>>>>>|849200|5000000|400000|100000|50000|20000|0
1716|654|50|6419200|20140805|400|1276.33|647|1|1|2|2|1|0|>>>>>|849200|5000000|400000|100000|50000|20000|0
1717|657|50|6422800|20140812|400|1269.33|650|1|1|2|2|1|0|>>>>>|852800|5000000|400000|100000|50000|20000|0
1718|458|50|9592500|20140819|600|1262.33|450|1|1|2|1|2|1|>>>>>|757500|8000000|600000|120000|35000|60000|20000
1719|655|50|6420400|20140826|400|1255.33|648|1|1|2|2|1|0|>>>>>|850400|5000000|400000|100000|50000|20000|0
1720|651|50|6415600|20140902|400|1248.33|644|1|1|2|2|1|0|>>>>>|845600|5000000|400000|100000|50000|20000|0
1721|653|50|6418000|20140909|400|1241.33|646|1|1|2|2|1|0|>>>>>|848000|5000000|400000|100000|50000|20000|0
1722|457|50|9591000|20140917|600|1233.33|449|2|1|1|1|2|1|><><>|756000|8600000|35000|60000|20000|90000|30000
1726|653|60|10017000|20141014|400|1206.33|645|1|1|2|2|1|1|>>>>>|1437000|7500000|500000|300000|200000|50000|30000
1727|457|60|11323200|20141021|600|1199.33|449|1|1|2|1|2|1|>>>>>|1943200|8000000|800000|320000|100000|120000|40000
1728|655|60|11521000|20141028|400|1192.33|647|1|1|2|2|1|1|>>>>>|1441000|9000000|500000|300000|200000|50000|30000
1729|654|60|7519000|20141104|400|1185.33|646|1|1|2|2|1|1|>>>>>|1439000|5000000|500000|300000|200000|50000|30000
1730|654|60|7518000|20141111|400|1178.33|646|1|1|2|2|1|1|>>>>>|1438000|5000000|500000|300000|200000|50000|30000
1731|456|60|11319200|20141118|600|1171.33|448|1|1|2|1|2|1|>>>>>|1939200|8000000|800000|320000|100000|120000|40000
1733|456|60|11319200|20141202|600|1157.33|448|1|1|2|1|2|1|>>>>>|1939200|8000000|800000|320000|100000|120000|40000
1734|654|60|11519000|20141209|400|1150.33|646|1|1|2|2|1|1|>>>>>|1439000|9000000|500000|300000|200000|50000|30000
1735|457|60|37646800|20141230|2000|1129.33|449|1|2|1|2|1|1|>>>>>|2496800|30000000|3000000|1000000|1000000|100000|50000
1736|458|60|18825900|20150106|1000|1122.33|450|1|2|1|2|1|1|>>>>>|1250900|15000000|1500000|500000|500000|50000|25000
1737|658|60|15027000|20150113|400|1115.33|650|1|1|2|2|1|1|>>>>>|1447000|12500000|500000|300000|200000|50000|30000
1738|653|60|7517000|20150120|400|1108.33|645|1|1|2|2|1|1|>>>>>|1437000|5000000|500000|300000|200000|50000|30000
1739|655|60|10021000|20150127|400|1101.33|647|1|1|2|2|1|1|>>>>>|1441000|7500000|500000|300000|200000|50000|30000
1740|655|60|7521000|20150203|400|1094.33|647|1|1|2|2|1|1|>>>>>|1441000|5000000|500000|300000|200000|50000|30000
1741|656|60|10023000|20150210|400|1087.33|648|1|1|2|2|1|1|>>>>>|1443000|7500000|500000|300000|200000|50000|30000
1742|458|60|16327200|20150217|600|1080.33|450|1|2|2|1|1|1|<>><<|1947200|100000|13800000|320000|40000|60000|60000
1743|654|60|7519000|20150224|400|1073.33|646|1|1|2|2|1|1|>>>>>|1439000|5000000|500000|300000|200000|50000|30000
1744|655|60|7521000|20150303|400|1066.33|647|1|1|2|2|1|1|>>>>>|1441000|5000000|500000|300000|200000|50000|30000
1745|658|60|7527000|20150310|400|1059.33|650|1|1|2|2|1|1|>>>>>|1447000|5000000|500000|300000|200000|50000|30000
1749|657|60|7525000|20150414|400|1024.33|649|1|1|2|2|1|1|>>>>>|1445000|5000000|500000|300000|200000|50000|30000
1750|658|60|10027000|20150421|400|1017.33|650|1|1|2|2|1|1|>>>>>|1447000|7500000|500000|300000|200000|50000|30000
1751|656|60|7523000|20150428|400|1010.33|648|1|1|2|2|1|1|>>>>>|1443000|5000000|500000|300000|200000|50000|30000
1752|656|60|7523000|20150505|400|1003.33|648|2|1|2|1|1|1|>>><>|1443000|5030000|500000|300000|100000|100000|50000
1753|654|60|7519000|20150512|400|996.327|646|2|1|2|1|1|1|>>><>|1439000|5030000|500000|300000|100000|100000|50000
1754|458|60|18825900|20150526|1000|982.327|450|1|2|1|2|1|1|>>>>>|1250900|15000000|1500000|500000|500000|50000|25000
1755|657|60|7525000|20150602|400|975.327|649|1|1|2|2|1|1|>>>>>|1445000|5000000|500000|300000|200000|50000|30000
1756|653|60|7517000|20150609|400|968.327|645|1|1|2|2|1|1|>>>>>|1437000|5000000|500000|300000|200000|50000|30000
1757|456|60|13319200|20150616|600|961.327|448|1|1|2|1|2|1|>>>>>|1939200|10000000|800000|320000|100000|120000|40000
1758|657|60|7525000|20150623|400|954.327|649|1|1|2|2|1|1|>>>>>|1445000|5000000|500000|300000|200000|50000|30000
1759|655|60|10021000|20150630|400|947.327|647|1|1|2|2|1|1|>>>>>|1441000|7500000|500000|300000|200000|50000|30000
1760|654|60|7519000|20150707|400|940.327|646|1|1|2|2|1|1|>>>>>|1439000|5000000|500000|300000|200000|50000|30000
1761|656|60|7522500|20150714|400|933.327|648|1|1|2|2|1|1|>>>>>|1442500|5000000|500000|300000|200000|50000|30000
1763|655|60|7521000|20150728|400|919.327|647|1|1|2|2|1|1|>>>>>|1441000|5000000|500000|300000|200000|50000|30000
1765|655|60|7521000|20150811|400|905.327|647|1|1|2|2|1|1|>>>>>|1441000|5000000|500000|300000|200000|50000|30000
1767|656|60|7523000|20150825|400|891.327|648|1|1|2|2|1|1|>>>>>|1443000|5000000|500000|300000|200000|50000|30000
1768|653|60|7517000|20150901|400|884.327|645|1|1|2|2|1|1|>>>>>|1437000|5000000|500000|300000|200000|50000|30000
1769|654|60|7519000|20150908|400|877.327|646|1|1|2|2|1|1|>>>>>|1439000|5000000|500000|300000|200000|50000|30000
1770|453|60|11307200|20150916|600|869.327|445|1|1|2|1|2|1|>>>>>|1927200|8000000|800000|320000|100000|120000|40000
1771|655|60|11521000|20150922|400|863.327|647|1|1|2|2|1|1|>>>>>|1441000|9000000|500000|300000|200000|50000|30000
1772|658|60|7527000|20150929|400|856.327|650|1|1|2|2|1|1|>>>>>|1447000|5000000|500000|300000|200000|50000|30000
1773|655|60|7521000|20151006|400|849.327|647|1|1|2|2|1|1|>>>>>|1441000|5000000|500000|300000|200000|50000|30000
1774|657|60|7525000|20151013|400|842.327|649|1|1|2|2|1|1|>>>>>|1445000|5000000|500000|300000|200000|50000|30000
1775|455|60|11315200|20151020|600|835.327|447|1|1|2|1|2|1|>>>>>|1935200|8000000|800000|320000|100000|120000|40000
1776|655|60|7521000|20151027|800|828.327|647|1|1|2|2|1|1|>>>>>|1441000|5000000|500000|300000|200000|50000|30000
1777|654|60|7519000|20151103|400|821.327|646|1|1|2|2|1|1|>>>>>|1439000|5000000|500000|300000|200000|50000|30000
1778|655|60|7521000|20151110|400|814.327|647|1|1|2|2|1|1|>>>>>|1441000|5000000|500000|300000|200000|50000|30000
1779|458|60|11327200|20151117|600|807.327|450|2|1|2|0|2|1|>>><>|1947200|8100000|800000|320000|0|120000|40000
1780|651|60|7510000|20151124|400|800.327|643|1|1|2|2|1|1|>>>>>|1430000|5000000|500000|300000|200000|50000|30000
1781|456|60|11319200|20151201|600|793.327|448|1|1|2|1|2|1|>>>>>|1939200|8000000|800000|320000|100000|120000|40000
1782|656|60|7523000|20151209|400|785.327|648|1|1|2|2|1|1|>>>>>|1443000|5000000|500000|300000|200000|50000|30000
1783|455|60|37636800|20151223|2000|771.327|447|1|2|1|2|1|1|>>>>>|2486800|30000000|3000000|1000000|1000000|100000|50000
1784|457|60|18823400|20160105|1000|758.327|449|1|2|1|2|1|1|>>>>>|1248400|15000000|1500000|500000|500000|50000|25000
1785|655|60|15021000|20160112|400|751.327|647|1|1|2|2|1|1|>>>>>|1441000|12500000|500000|300000|200000|50000|30000
1786|651|60|7513000|20160119|400|744.327|643|1|1|2|2|1|1|>>>>>|1433000|5000000|500000|300000|200000|50000|30000
1787|657|60|10025000|20160126|400|737.327|649|1|1|2|2|1|1|>>>>>|1445000|7500000|500000|300000|200000|50000|30000
1788|655|60|7521000|20160202|400|730.327|647|1|1|2|2|1|1|>>>>>|1441000|5000000|500000|300000|200000|50000|30000
1789|655|60|7521000|20160209|400|723.327|647|1|1|2|2|1|1|>>>>>|1441000|5000000|500000|300000|200000|50000|30000
1790|457|60|11323200|20160216|600|716.327|449|2|1|1|1|2|1|>>><>|1943200|8100000|800000|160000|40000|220000|60000
1791|656|60|7523000|20160223|400|709.327|648|1|1|2|2|1|1|>>>>>|1443000|5000000|500000|300000|200000|50000|30000
1792|655|60|7521000|20160301|400|702.327|647|1|1|2|2|1|1|>>>>>|1441000|5000000|500000|300000|200000|50000|30000
1793|654|60|7519000|20160308|400|695.327|646|1|1|2|2|1|1|>>>>>|1439000|5000000|500000|300000|200000|50000|30000
1794|658|60|7527000|20160315|400|688.327|650|1|1|2|2|1|1|>>>>>|1447000|5000000|500000|300000|200000|50000|30000
1795|458|60|11327200|20160329|600|674.327|450|1|1|2|1|2|1|>>>>>|1947200|8000000|800000|320000|100000|120000|40000
1796|654|60|7519000|20160405|400|667.327|646|1|1|2|2|1|1|>>>>>|1439000|5000000|500000|300000|200000|50000|30000
1797|655|60|7521000|20160412|400|660.327|647|1|1|2|2|1|1|>>>>>|1441000|5000000|500000|300000|200000|50000|30000
1798|457|60|11323200|20160419|600|653.327|449|1|1|2|1|2|1|>>>>>|1943200|8000000|800000|320000|100000|120000|40000
1799|657|60|11525000|20160426|400|646.327|649|1|1|2|2|1|1|>>>>>|1445000|9000000|500000|300000|200000|50000|30000
1800|657|60|9397000|20160503|500|639.327|649|1|1|2|2|1|1|>>>>>|2107000|6000000|600000|360000|230000|60000|40000
1801|655|60|9391000|20160510|500|632.327|647|1|1|2|2|1|1|>>>>>|2101000|6000000|600000|360000|230000|60000|40000
1802|655|60|9391000|20160517|500|625.327|647|1|1|2|2|1|1|>>>>>|2101000|6000000|600000|360000|230000|60000|40000
1803|454|60|22532800|20160531|1200|611.327|446|1|2|1|2|1|1|>>>>>|1642800|18000000|1600000|600000|600000|60000|30000
1804|655|60|9391000|20160607|500|604.327|647|1|1|2|2|1|1|>>>>>|2101000|6000000|600000|360000|230000|60000|40000
1805|655|60|9391000|20160614|500|597.327|647|1|1|2|2|1|1|>>>>>|2101000|6000000|600000|360000|230000|60000|40000
1806|456|60|11319200|20160621|600|590.327|448|1|1|2|1|2|1|>>>>>|1939200|8000000|800000|320000|100000|120000|40000
1807|653|60|13385000|20160628|500|583.327|645|1|1|2|2|1|1|>>>>>|2095000|10000000|600000|360000|230000|60000|40000
1808|657|60|9397000|20160705|500|576.327|649|1|1|2|2|1|1|>>>>>|2107000|6000000|600000|360000|230000|60000|40000
1809|654|60|12388000|20160712|500|569.327|646|1|1|2|2|1|1|>>>>>|2098000|9000000|600000|360000|230000|60000|40000
1810|456|60|15028000|20160721|800|560.327|448|1|1|2|1|2|1|>>>>>|2428000|10000000|1000000|1000000|250000|300000|50000
1811|653|60|9385000|20160726|500|555.327|645|1|2|1|2|1|1|<>>>>|2095000|40000|6600000|180000|295000|115000|60000
1812|653|60|9385000|20160802|500|548.327|645|1|1|2|2|1|1|>>>>>|2095000|6000000|600000|360000|230000|60000|40000
1813|655|60|12391000|20160809|500|541.327|647|1|1|2|2|1|1|>>>>>|2101000|9000000|600000|360000|230000|60000|40000
1814|458|60|11327200|20160816|600|534.327|450|1|1|2|1|2|1|>>>>>|1947200|8000000|800000|320000|100000|120000|40000
1815|658|60|13400000|20160823|500|527.327|650|1|1|2|2|1|1|>>>>>|2110000|10000000|600000|360000|230000|60000|40000
1816|656|60|9394000|20160830|500|520.327|648|1|1|2|2|1|1|>>>>>|2104000|6000000|600000|360000|230000|60000|40000
1817|658|60|9400000|20160906|500|513.327|650|1|1|2|2|1|1|>>>>>|2110000|6000000|600000|360000|230000|60000|40000
1818|653|60|9385000|20160913|500|506.327|645|1|2|2|2|0|1|<>>><|2095000|40000|6600000|360000|230000|0|60000
1819|457|60|11323200|20160920|600|499.327|449|1|1|2|1|2|1|>>>>>|1943200|8000000|800000|320000|100000|120000|40000
1820|656|60|9394000|20160927|500|492.327|648|1|2|2|1|1|1|<>><>|2104000|40000|6600000|360000|115000|115000|60000
1821|656|60|12394000|20161004|500|485.327|648|1|1|2|2|1|1|>>>>>|2104000|9000000|600000|360000|230000|60000|40000
1822|654|60|15388000|20161011|500|478.327|646|1|1|2|2|1|1|>>>>>|2098000|12000000|600000|360000|230000|60000|40000
1823|458|60|11327200|20161018|600|471.327|450|1|1|2|1|2|1|>>>>>|1947200|8000000|800000|320000|100000|120000|40000
1824|652|60|9382000|20161025|500|464.327|644|1|1|2|2|1|1|>>>>>|2092000|6000000|600000|360000|230000|60000|40000
1825|656|60|9394000|20161101|500|457.327|648|1|1|2|2|1|1|>>>>>|2104000|6000000|600000|360000|230000|60000|40000
1826|657|60|9397000|20161108|500|450.327|649|1|1|2|2|1|1|>>>>>|2107000|6000000|600000|360000|230000|60000|40000
1827|457|60|14323200|20161115|600|443.327|449|1|1|2|1|2|1|>>>>>|1943200|11000000|800000|320000|100000|120000|40000
1828|655|60|9391000|20161122|500|436.327|647|1|1|2|2|1|1|>>>>>|2101000|6000000|600000|360000|230000|60000|40000
1829|655|60|9391000|20161129|500|429.327|647|1|1|2|2|1|1|>>>>>|2101000|6000000|600000|360000|230000|60000|40000
1830|458|59|11327200|20161206|600|422.327|450|1|1|2|1|2|1|>>>>>|1947200|8000000|800000|320000|100000|120000|40000
1831|458|60|45092800|20161223|2400|405.327|450|1|2|1|2|1|1|>>>>>|3312800|36000000|3200000|1200000|1200000|120000|60000
1832|458|60|22546400|20170104|1200|393.327|450|1|2|1|2|1|1|>>>>>|1656400|18000000|1600000|600000|600000|60000|30000
1833|657|60|9397000|20170111|500|386.327|649|1|1|2|2|1|1|>>>>>|2107000|6000000|600000|360000|230000|60000|40000
1834|656|60|9394000|20170117|500|380.327|648|1|1|2|2|1|1|>>>>>|2104000|6000000|600000|360000|230000|60000|40000
1835|656|60|12394000|20170124|500|373.327|648|1|2|2|1|1|1|<>><>|2104000|40000|9600000|360000|115000|115000|60000
1836|656|60|9394000|20170131|500|366.327|648|1|1|2|2|1|1|>>>>>|2104000|6000000|600000|360000|230000|60000|40000
1837|657|60|9397000|20170207|500|359.327|649|1|1|2|2|1|1|>>>>>|2107000|6000000|600000|360000|230000|60000|40000
1838|455|60|11315200|20170214|600|352.327|447|1|1|2|1|2|1|>>>>>|1935200|8000000|800000|320000|100000|120000|40000
1839|654|60|9388000|20170221|500|345.327|646|1|1|2|2|1|1|>>>>>|2098000|6000000|600000|360000|230000|60000|40000
1840|656|60|9394000|20170228|500|338.327|648|1|1|2|2|1|1|>>>>>|2104000|6000000|600000|360000|230000|60000|40000
1841|655|60|9391000|20170307|500|331.327|647|1|1|2|2|1|1|>>>>>|2101000|6000000|600000|360000|230000|60000|40000
1842|654|60|9388000|20170314|500|324.327|646|1|1|2|2|1|1|>>>>>|2098000|6000000|600000|360000|230000|60000|40000
1843|455|60|11315200|20170321|600|317.327|447|1|1|2|1|2|1|>>>>>|1935200|8000000|800000|320000|100000|120000|40000
1844|656|60|9394000|20170328|500|310.327|648|1|1|2|2|1|1|>>>>>|2104000|6000000|600000|360000|230000|60000|40000
1845|655|60|9391000|20170404|500|303.327|647|1|1|2|2|1|1|>>>>>|2101000|6000000|600000|360000|230000|60000|40000
1846|457|60|15033000|20170418|800|289.327|449|1|1|2|1|2|1|>>>>>|2433000|10000000|1000000|1000000|250000|300000|50000
1847|658|60|9400000|20170425|500|282.327|650|1|1|2|2|1|1|>>>>>|2110000|6000000|600000|360000|230000|60000|40000
1848|656|60|9394000|20170502|500|275.327|648|2|1|2|1|1|1|><><>|2104000|6600000|40000|360000|115000|115000|60000
1849|656|60|9394000|20170509|500|268.327|648|1|1|2|2|1|1|>>>>>|2104000|6000000|600000|360000|230000|60000|40000
1850|655|60|9391000|20170516|500|261.327|647|1|1|2|2|1|1|>>>>>|2101000|6000000|600000|360000|230000|60000|40000
1851|456|60|22539600|20170531|1200|246.327|448|1|2|1|2|1|1|>>>>>|1649600|18000000|1600000|600000|600000|60000|30000
1852|654|60|9388000|20170606|500|240.327|646|1|1|2|2|1|1|>>>>>|2098000|6000000|600000|360000|230000|60000|40000
1853|655|60|9391000|20170613|500|233.327|647|2|1|2|1|1|1|><><>|2101000|6600000|40000|360000|115000|115000|60000
1854|457|60|11323200|20170620|600|226.327|449|1|1|2|1|2|1|>>>>>|1943200|8000000|800000|320000|100000|120000|40000
1855|656|60|9394000|20170627|500|219.327|648|1|1|2|2|1|1|>>>>>|2104000|6000000|600000|360000|230000|60000|40000
1856|656|60|9394000|20170704|500|212.327|648|1|1|2|2|1|1|>>>>>|2104000|6000000|600000|360000|230000|60000|40000
1857|655|60|9391000|20170711|500|205.327|647|1|1|2|2|1|1|>>>>>|2101000|6000000|600000|360000|230000|60000|40000
1858|655|60|9391000|20170718|500|198.327|647|1|1|2|2|1|1|>>>>>|2101000|6000000|600000|360000|230000|60000|40000
1859|462|60|15211000|20170725|800|191.327|454|1|1|2|1|2|1|>>>>>|2611000|10000000|1000000|1000000|250000|300000|50000
1860|458|60|11327200|20170802|600|183.327|450|1|1|2|1|2|1|>>>>>|1947200|8000000|800000|320000|100000|120000|40000
1861|658|60|9400000|20170808|500|177.327|650|1|1|2|2|1|1|>>>>>|2110000|6000000|600000|360000|230000|60000|40000
1862|457|59|11322200|20170815|600|170.327|449|1|1|2|1|2|1|>>>>>|1942200|8000000|800000|320000|100000|120000|40000
1863|655|60|9391000|20170822|500|163.327|647|1|1|2|2|1|1|>>>>>|2101000|6000000|600000|360000|230000|60000|40000
1864|655|60|9391000|20170829|500|156.327|647|2|1|2|2|1|0|><>>>|2101000|6600000|40000|360000|230000|60000|0
1865|457|60|11323200|20170905|600|149.327|449|1|1|2|1|2|1|>>>>>|1943200|8000000|800000|320000|100000|120000|40000
1866|655|60|9391000|20170912|500|142.327|647|1|1|2|2|1|1|>>>>>|2101000|6000000|600000|360000|230000|60000|40000
1867|456|60|11319200|20170919|600|135.327|448|2|1|2|1|1|1|><><<|1939200|8800000|100000|320000|40000|60000|60000
1868|656|60|9394000|20170926|500|128.327|648|1|1|2|2|1|1|>>>>>|2104000|6000000|600000|360000|230000|60000|40000
1869|454|60|14311200|20171003|600|121.327|446|1|1|2|1|2|1|>>>>>|1931200|11000000|800000|320000|100000|120000|40000
1870|655|60|9391000|20171010|500|114.327|647|1|1|2|2|1|1|>>>>>|2101000|6000000|600000|360000|230000|60000|40000
1871|456|60|14319200|20171017|600|107.327|448|1|1|2|1|2|1|>>>>>|1939200|11000000|800000|320000|100000|120000|40000
1872|653|60|9385000|20171024|500|100.327|645|1|1|2|2|1|1|>>>>>|2095000|6000000|600000|360000|230000|60000|40000
1873|456|60|11319200|20171031|600|93.3272|448|1|1|2|1|2|1|>>>>>|1939200|8000000|800000|320000|100000|120000|40000
1874|658|60|9400000|20171107|500|86.3272|650|1|1|2|2|1|1|>>>>>|2110000|6000000|600000|360000|230000|60000|40000
1875|454|60|3315200|20171114|600|79.3272|447|0|1|2|1|2|1|<>>>>|1935200|0|800000|320000|100000|120000|40000
1876|655|60|9391000|20171121|500|72.3272|647|1|1|2|2|1|1|>>>>>|2101000|6000000|600000|360000|230000|60000|40000
1877|457|60|3327200|20171128|600|65.3272|450|0|1|2|1|2|1|<>>>>|1947200|0|800000|320000|100000|120000|40000
1878|454|60|5073000|20171205|800|58.3272|447|0|1|2|1|2|1|<>>>>|2423000|0|1000000|1000000|250000|300000|100000
1879|454|60|3158200|20171212|600|51.3272|448|0|1|1|1|2|1|<>>>>|1938200|0|800000|160000|100000|120000|40000
1880|450|60|8452000|20171226|1400|37.3272|444|0|2|1|1|1|1|<>>>>|3272000|0|3200000|1200000|600000|120000|60000
1881|456|60|4543000|20180103|1200|29.3272|449|0|2|1|2|1|1|<>>>>|1653000|0|1600000|600000|600000|60000|30000
1882|658|60|9400000|20180109|500|23.3272|650|1|1|2|2|1|1|>>>>>|2110000|6000000|600000|360000|230000|60000|40000
1883|454|60|3315200|20180116|600|16.3272|447|0|1|2|1|2|1|<>>>>|1935200|0|800000|320000|100000|120000|40000
1884|654|60|9388000|20180123|500|9.3272|646|1|1|2|2|1|1|>>>>>|2098000|6000000|600000|360000|230000|60000|40000
1885|456|60|3323200|20180130|600|2.3272|449|0|1|2|1|2|1|<>>>>|1943200|0|800000|320000|100000|120000|40000
