1855|46|Ordinario|02637|30000.00|1|1
1855|118|Ordinario|22169|30000.00|5|53
1856|33|Ordinario|48886|30000.00|14|119
1856|94|Ordinario|52124|30000.00|13|119
1857|82|Ordinario|23683|30000.00|5|55
1857|153|Ordinario|32533|30000.00|6|73
1858|45|Ordinario|14438|30000.00|4|35
1858|104|Ordinario|58168|30000.00|1|137
1658|35|Ordinario|21565|20000.00|9|70
1706|85|Ordinario|28654|20000.00|8|66
1726|58|Ordinario|10269|25000.00|3|18
1726|137|Ordinario|12005|25000.00|1|18
1727|109|Ordinario|21389|20000.00|5|35
1727|133|Ordinario|40603|20000.00|9|86
1728|121|Ordinario|19176|25000.00|3|35
1728|151|Ordinario|23980|25000.00|1|53
1729|105|Ordinario|51195|25000.00|2|121
1729|161|Ordinario|19454|25000.00|3|34
1730|131|Ordinario|40274|25000.00|5|85
1730|171|Ordinario|60171|25000.00|13|136
1731|47|Ordinario|40522|20000.00|10|102
1731|101|Ordinario|28702|20000.00|9|67
1733|31|Ordinario|18951|20000.00|5|53
1733|79|Ordinario|03612|20000.00|1|1
1734|94|Ordinario|07695|25000.00|1|18
1734|177|Ordinario|53389|25000.00|3|120
1735|23|Ordinario|01340|20000.00|1|1
1735|23|Ordinario|41265|20000.00|11|105
1735|57|Ordinario|14132|20000.00|5|36
1735|71|Ordinario|56658|20000.00|13|144
1735|99|Ordinario|50618|20000.00|13|125
1735|131|Ordinario|39571|40000.00|11|87
1735|133|Ordinario|46781|20000.00|13|105
1735|155|Ordinario|05261|40000.00|1|1
1735|155|Ordinario|12786|20000.00|3|19
1736|47|Ordinario|09957|20000.00|3|19
1736|95|Ordinario|04759|20000.00|1|1
1737|29|Ordinario|19247|25000.00|5|54
1737|115|Ordinario|08795|25000.00|3|18
1738|112|Ordinario|51837|25000.00|4|119
1738|157|Ordinario|13439|25000.00|3|17
1739|40|Ordinario|02285|25000.00|1|1
1739|49|Ordinario|02865|25000.00|1|1
1740|29|Ordinario|35602|25000.00|5|84
1740|58|Ordinario|37243|25000.00|1|84
1741|112|Ordinario|14278|25000.00|3|18
1741|114|Ordinario|57604|25000.00|14|137
1742|133|Ordinario|12940|20000.00|3|18
1742|139|Ordinario|18217|20000.00|5|36
1743|121|Ordinario|57848|25000.00|17|136
1743|143|Ordinario|16132|25000.00|3|35
1744|104|Ordinario|08437|25000.00|3|18
1744|165|Ordinario|46385|25000.00|1|101
1745|119|Ordinario|33784|25000.00|9|68
1745|168|Ordinario|60446|25000.00|9|135
1749|65|Ordinario|16161|25000.00|3|33
1749|107|Ordinario|52377|25000.00|14|118
1750|82|Ordinario|30958|25000.00|7|67
1750|150|Ordinario|39111|25000.00|10|85
1751|37|Ordinario|31052|25000.00|9|68
1751|95|Ordinario|17901|25000.00|5|34
1752|27|Ordinario|26033|25000.00|8|67
1752|141|Ordinario|53215|25000.00|8|118
1754|97|Ordinario|23284|20000.00|7|51
1754|133|Ordinario|51884|20000.00|11|119
1755|65|Ordinario|18179|25000.00|3|34
1755|77|Ordinario|25633|25000.00|1|52
1758|124|Ordinario|06214|25000.00|1|1
1758|172|Ordinario|08479|25000.00|1|1
1759|41|Ordinario|24379|25000.00|5|81
1760|54|Ordinario|02502|25000.00|1|1
1760|73|Ordinario|23323|25000.00|3|53
1761|37|Ordinario|28529|25000.00|1|65
1761|102|Ordinario|46272|25000.00|13|99
1763|30|Ordinario|55425|25000.00|1|138
1763|37|Ordinario|31304|25000.00|9|86
1765|73|Ordinario|16004|25000.00|3|34
1765|97|Ordinario|30637|25000.00|5|69
1767|22|Ordinario|54329|25000.00|7|136
1767|160|Ordinario|21337|25000.00|3|35
1768|41|Ordinario|40995|25000.00|5|101
1768|172|Ordinario|46477|25000.00|11|101
1769|81|Ordinario|29720|25000.00|8|70
1769|103|Ordinario|17228|25000.00|5|35
1770|130|Ordinario|38782|20000.00|7|86
1770|154|Ordinario|26468|20000.00|7|51
1771|54|Ordinario|09144|25000.00|1|17
1771|74|Ordinario|10755|25000.00|1|17
1772|77|Ordinario|25733|25000.00|9|67
1772|81|Ordinario|32609|25000.00|11|85
1773|158|Ordinario|60107|25000.00|17|136
1773|175|Ordinario|08331|25000.00|1|1
1774|37|Ordinario|09552|25000.00|1|18
1774|119|Ordinario|58978|25000.00|13|137
1775|43|Ordinario|02991|20000.00|1|1
1775|103|Ordinario|51880|20000.00|13|121
1776|19|Ordinario|53761|25000.00|17|136
1776|37|Ordinario|20515|25000.00|6|50
1777|48|Ordinario|15825|25000.00|5|34
1777|131|Ordinario|26222|25000.00|7|52
1778|81|Ordinario|04394|25000.00|1|1
1778|171|Ordinario|23214|25000.00|5|36
1779|57|Ordinario|03340|20000.00|1|1
1779|115|Ordinario|26076|20000.00|7|52
1780|68|Ordinario|43314|25000.00|7|101
1780|125|Ordinario|07590|25000.00|1|1
1781|29|Ordinario|27376|20000.00|9|69
1781|115|Ordinario|24569|20000.00|6|51
1782|78|Ordinario|57764|25000.00|15|136
1782|175|Ordinario|22193|25000.00|5|34
1783|29|Ordinario|45525|20000.00|13|130
1783|31|Ordinario|45564|20000.00|13|130
1783|79|Ordinario|35318|20000.00|10|91
1783|81|Ordinario|14839|20000.00|5|35
1783|97|Ordinario|15698|20000.00|4|35
1783|97|Ordinario|48947|40000.00|10|130
1783|119|Ordinario|58059|20000.00|13|148
1783|157|Ordinario|52144|20000.00|15|130
1783|161|Ordinario|31995|40000.00|9|73
1784|61|Ordinario|40988|20000.00|12|109
1784|145|Ordinario|13427|20000.00|3|17
1786|42|Ordinario|08078|25000.00|3|18
1786|138|Ordinario|58750|25000.00|12|136
1787|46|Ordinario|17400|25000.00|3|35
1787|70|Ordinario|03759|25000.00|1|1
1788|20|Ordinario|40685|25000.00|7|103
1788|54|Ordinario|30558|25000.00|7|68
1789|43|Ordinario|08164|25000.00|3|18
1789|127|Ordinario|58332|25000.00|7|138
1790|23|Ordinario|14761|20000.00|5|36
1790|157|Ordinario|13738|20000.00|3|18
1791|32|Ordinario|47379|25000.00|11|118
1791|168|Ordinario|53734|25000.00|11|118
1792|39|Ordinario|05551|25000.00|1|18
1792|153|Ordinario|46887|25000.00|3|101
1793|46|Ordinario|47582|25000.00|1|117
1793|50|Ordinario|13226|25000.00|5|34
1794|20|Ordinario|08172|25000.00|1|18
1794|51|Ordinario|16093|25000.00|5|36
1795|41|Ordinario|54848|20000.00|14|137
1795|159|Ordinario|36957|20000.00|11|86
1796|26|Ordinario|16193|25000.00|1|34
1796|133|Ordinario|53978|25000.00|15|118
1797|27|Ordinario|41496|25000.00|11|101
1797|104|Ordinario|03864|25000.00|1|1
1798|53|Ordinario|57994|20000.00|15|135
1798|111|Ordinario|04966|20000.00|1|1
1799|92|Ordinario|14334|25000.00|1|18
1799|103|Ordinario|19503|25000.00|5|36
1800|20|Ordinario|36498|30000.00|7|86
1800|48|Ordinario|16059|30000.00|3|35
1801|106|Ordinario|37622|30000.00|11|84
1801|172|Ordinario|53433|30000.00|15|119
1802|69|Ordinario|10287|30000.00|1|18
1802|81|Ordinario|46470|30000.00|3|102
1803|125|Ordinario|40521|25000.00|5|84
1803|129|Ordinario|40607|25000.00|9|84
1804|138|Ordinario|47399|30000.00|3|100
1804|161|Ordinario|33707|30000.00|10|66
1805|45|Ordinario|54334|30000.00|15|134
1805|61|Ordinario|09219|30000.00|1|17
1806|21|Ordinario|46048|20000.00|13|118
1806|147|Ordinario|19552|20000.00|5|33
1807|49|Ordinario|08980|30000.00|1|18
1807|97|Ordinario|21977|30000.00|3|53
1808|70|Ordinario|11219|30000.00|1|18
1808|146|Ordinario|59949|30000.00|14|135
1809|126|Ordinario|43495|30000.00|7|103
1809|164|Ordinario|13156|30000.00|1|18
1810|73|Ordinario|46088|20000.00|10|104
1810|75|Ordinario|12420|25000.00|3|18
1810|87|Ordinario|29475|20000.00|6|70
1810|99|Ordinario|30859|25000.00|6|70
1810|143|Ordinario|53803|20000.00|11|121
1810|147|Ordinario|59926|20000.00|12|138
1810|153|Ordinario|07461|20000.00|1|1
1810|155|Ordinario|33587|20000.00|7|70
1810|163|Ordinario|54619|20000.00|15|121
1811|145|Ordinario|06474|30000.00|1|1
1811|177|Ordinario|35811|30000.00|7|69
1812|101|Ordinario|33567|30000.00|11|86
1812|172|Ordinario|06794|30000.00|1|1
1813|47|Ordinario|27263|30000.00|1|67
1813|51|Ordinario|43035|30000.00|7|102
1814|35|Ordinario|53991|20000.00|10|135
1814|119|Ordinario|04924|20000.00|1|1
1815|119|Ordinario|32064|30000.00|7|70
1815|127|Ordinario|05571|30000.00|1|1
1816|47|Ordinario|02528|30000.00|1|1
1816|75|Ordinario|31544|30000.00|1|69
1817|86|Ordinario|16898|30000.00|3|36
1817|161|Ordinario|52119|30000.00|14|120
1818|35|Ordinario|09741|30000.00|3|17
1818|134|Ordinario|25298|30000.00|5|51
1819|87|Ordinario|04738|20000.00|1|1
1819|129|Ordinario|07292|20000.00|1|1
1820|70|Ordinario|56367|30000.00|17|135
1820|169|Ordinario|46910|30000.00|1|100
1821|41|Ordinario|47010|30000.00|3|123
1821|128|Ordinario|39426|30000.00|7|84
1822|56|Ordinario|50787|30000.00|5|121
1822|70|Ordinario|57149|30000.00|7|139
1823|23|Ordinario|25491|20000.00|7|66
1823|123|Ordinario|37378|20000.00|5|84
1824|92|Ordinario|11131|30000.00|1|18
1824|137|Ordinario|45106|30000.00|11|104
1825|29|Ordinario|20735|30000.00|7|52
1825|126|Ordinario|10902|30000.00|1|18
1826|74|Ordinario|18109|30000.00|5|34
1826|115|Ordinario|39318|30000.00|5|90
1827|69|Ordinario|50630|20000.00|15|117
1827|113|Ordinario|58455|20000.00|15|135
1828|107|Ordinario|46465|30000.00|5|101
1828|123|Ordinario|24338|30000.00|3|50
1829|39|Ordinario|22579|30000.00|7|50
1829|161|Ordinario|53623|30000.00|14|119
1830|77|Ordinario|04924|20000.00|1|1
1830|79|Ordinario|36936|20000.00|9|86
1831|17|Ordinario|46573|24000.00|15|129
1831|43|Ordinario|41289|24000.00|10|110
1831|57|Ordinario|15812|50000.00|5|40
1831|69|Ordinario|21383|24000.00|5|59
1831|71|Ordinario|26848|24000.00|7|76
1831|81|Ordinario|41976|24000.00|10|110
1831|93|Ordinario|35295|24000.00|9|93
1831|95|Ordinario|04419|50000.00|1|1
1831|125|Ordinario|37123|24000.00|11|93
1832|143|Ordinario|02573|25000.00|1|1
1832|149|Ordinario|36738|25000.00|9|85
1833|121|Ordinario|35104|30000.00|3|85
1833|132|Ordinario|50727|30000.00|3|119
1834|23|Ordinario|34440|30000.00|5|85
1834|65|Ordinario|08404|30000.00|1|18
1835|88|Ordinario|56452|30000.00|15|133
1835|121|Ordinario|57896|30000.00|8|133
1836|61|Ordinario|54381|30000.00|3|137
1836|118|Ordinario|44587|30000.00|7|102
1837|84|Ordinario|25337|30000.00|3|51
1837|135|Ordinario|06757|30000.00|1|1
1838|37|Ordinario|33726|20000.00|10|85
1838|65|Ordinario|42146|20000.00|9|103
1839|57|Ordinario|14912|30000.00|3|35
1839|81|Ordinario|28917|30000.00|3|69
1840|33|Ordinario|36479|30000.00|7|85
1840|69|Ordinario|55926|30000.00|15|136
1841|127|Ordinario|46909|30000.00|11|101
1841|154|Ordinario|37114|30000.00|3|67
1842|23|Ordinario|22873|30000.00|7|53
1842|36|Ordinario|01684|30000.00|1|1
1843|47|Ordinario|55467|20000.00|15|138
1843|107|Ordinario|32896|20000.00|3|67
1844|34|Ordinario|43328|30000.00|5|104
1844|133|Ordinario|47315|30000.00|12|104
1845|142|Ordinario|13332|30000.00|3|18
1845|144|Ordinario|21497|30000.00|5|36
1846|57|Ordinario|38029|20000.00|13|100
1846|65|Ordinario|13982|20000.00|5|34
1846|75|Ordinario|26681|20000.00|5|67
1846|91|Ordinario|02771|20000.00|1|1
1846|91|Ordinario|47947|20000.00|12|117
1846|93|Ordinario|56734|25000.00|14|134
1846|105|Ordinario|40769|20000.00|12|100
1846|109|Ordinario|57467|20000.00|14|134
1846|131|Ordinario|59179|25000.00|8|134
1847|27|Ordinario|25475|30000.00|8|72
1847|91|Ordinario|13918|30000.00|5|37
1848|46|Ordinario|55589|30000.00|13|136
1848|141|Ordinario|29023|30000.00|5|50
1849|85|Ordinario|26899|30000.00|7|69
1849|98|Ordinario|56862|30000.00|1|136
1850|69|Ordinario|55714|30000.00|15|135
1850|115|Ordinario|43890|30000.00|11|100
1851|119|Ordinario|38348|25000.00|7|84
1851|127|Ordinario|53941|25000.00|14|119
1852|36|Ordinario|27590|30000.00|1|69
1852|171|Ordinario|55443|30000.00|5|119
1853|43|Ordinario|03071|30000.00|1|1
1853|113|Ordinario|22082|30000.00|5|36
1854|79|Ordinario|32874|20000.00|9|67
1854|123|Ordinario|51527|20000.00|11|118
